Linux 6.14.0-1018-aws (ip-10-0-1-248) 	01/05/26 	_aarch64_	(8 CPU)

10:14:14     CPU    %usr   %nice    %sys %iowait    %irq   %soft  %steal  %guest  %gnice   %idle
10:14:15     all    0.50    0.00    0.50    0.00    0.00    0.00    0.00    0.00    0.00   99.00
10:14:15       0    0.98    0.00    0.98    0.00    0.00    0.00    0.00    0.00    0.00   98.04
10:14:15       1    0.99    0.00    0.00    0.00    0.00    0.00    0.00    0.00    0.00   99.01
10:14:15       2    0.00    0.00    1.00    0.00    0.00    0.00    0.00    0.00    0.00   99.00
10:14:15       3    1.00    0.00    1.00    0.00    0.00    0.00    0.00    0.00    0.00   98.00
10:14:15       4    0.00    0.00    0.00    0.00    0.00    0.00    0.00    0.00    0.00  100.00
10:14:15       5    0.00    0.00    0.00    0.00    0.00    0.00    0.00    0.00    0.00  100.00
10:14:15       6    1.01    0.00    0.00    0.00    0.00    0.00    0.00    0.00    0.00   98.99
10:14:15       7    0.00    0.00    0.99    0.00    0.00    0.00    0.00    0.00    0.00   99.01

10:14:15     CPU    %usr   %nice    %sys %iowait    %irq   %soft  %steal  %guest  %gnice   %idle
10:14:16     all    0.25    0.00    0.25    0.00    0.00    0.00    0.00    0.00    0.00   99.50
10:14:16       0    0.00    0.00    0.00    0.00    0.00    0.00    0.00    0.00    0.00  100.00
10:14:16       1    0.00    0.00    0.00    0.00    0.00    0.00    0.00    0.00    0.00  100.00
10:14:16       2    0.00    0.00    0.00    0.00    0.00    0.00    0.00    0.00    0.00  100.00
10:14:16       3    0.00    0.00    0.00    0.00    0.00    0.00    0.00    0.00    0.00  100.00
10:14:16       4    1.00    0.00    1.00    0.00    0.00    0.00    0.00    0.00    0.00   98.00
10:14:16       5    0.00    0.00    0.00    0.00    0.00    0.00    0.00    0.00    0.00  100.00
10:14:16       6    0.98    0.00    0.98    0.00    0.00    0.00    0.00    0.00    0.00   98.04
10:14:16       7    0.00    0.00    0.00    0.00    0.00    0.00    0.00    0.00    0.00  100.00

10:14:16     CPU    %usr   %nice    %sys %iowait    %irq   %soft  %steal  %guest  %gnice   %idle
10:14:17     all   52.33    0.00   34.30    1.01    0.00    0.13    0.00    0.00    0.00   12.23
10:14:17       0   50.50    0.00   33.66    0.99    0.00    0.99    0.00    0.00    0.00   13.86
10:14:17       1   50.51    0.00   35.35    1.01    0.00    0.00    0.00    0.00    0.00   13.13
10:14:17       2   53.54    0.00   36.36    1.01    0.00    0.00    0.00    0.00    0.00    9.09
10:14:17       3   52.48    0.00   34.65    0.99    0.00    0.00    0.00    0.00    0.00   11.88
10:14:17       4   52.48    0.00   34.65    1.98    0.00    0.00    0.00    0.00    0.00   10.89
10:14:17       5   50.51    0.00   35.35    1.01    0.00    0.00    0.00    0.00    0.00   13.13
10:14:17       6   55.21    0.00   32.29    0.00    0.00    0.00    0.00    0.00    0.00   12.50
10:14:17       7   53.61    0.00   31.96    1.03    0.00    0.00    0.00    0.00    0.00   13.40

10:14:17     CPU    %usr   %nice    %sys %iowait    %irq   %soft  %steal  %guest  %gnice   %idle
10:14:18     all   57.05    0.00   34.43    1.02    0.00    0.00    0.00    0.00    0.00    7.50
10:14:18       0   57.73    0.00   34.02    1.03    0.00    0.00    0.00    0.00    0.00    7.22
10:14:18       1   58.16    0.00   33.67    1.02    0.00    0.00    0.00    0.00    0.00    7.14
10:14:18       2   59.18    0.00   32.65    1.02    0.00    0.00    0.00    0.00    0.00    7.14
10:14:18       3   53.61    0.00   38.14    1.03    0.00    0.00    0.00    0.00    0.00    7.22
10:14:18       4   57.14    0.00   33.67    1.02    0.00    0.00    0.00    0.00    0.00    8.16
10:14:18       5   58.59    0.00   33.33    1.01    0.00    0.00    0.00    0.00    0.00    7.07
10:14:18       6   55.45    0.00   34.65    1.98    0.00    0.00    0.00    0.00    0.00    7.92
10:14:18       7   56.57    0.00   35.35    0.00    0.00    0.00    0.00    0.00    0.00    8.08

10:14:18     CPU    %usr   %nice    %sys %iowait    %irq   %soft  %steal  %guest  %gnice   %idle
10:14:19     all   57.76    0.00   35.06    0.63    0.00    0.13    0.00    0.00    0.00    6.43
10:14:19       0   58.59    0.00   34.34    1.01    0.00    0.00    0.00    0.00    0.00    6.06
10:14:19       1   57.00    0.00   35.00    1.00    0.00    0.00    0.00    0.00    0.00    7.00
10:14:19       2   60.20    0.00   33.67    0.00    0.00    0.00    0.00    0.00    0.00    6.12
10:14:19       3   57.00    0.00   35.00    1.00    0.00    0.00    0.00    0.00    0.00    7.00
10:14:19       4   55.56    0.00   37.37    0.00    0.00    0.00    0.00    0.00    0.00    7.07
10:14:19       5   57.58    0.00   35.35    1.01    0.00    0.00    0.00    0.00    0.00    6.06
10:14:19       6   58.59    0.00   34.34    0.00    0.00    1.01    0.00    0.00    0.00    6.06
10:14:19       7   57.58    0.00   35.35    1.01    0.00    0.00    0.00    0.00    0.00    6.06

10:14:19     CPU    %usr   %nice    %sys %iowait    %irq   %soft  %steal  %guest  %gnice   %idle
10:14:20     all   56.77    0.00   35.21    0.88    0.00    0.25    0.00    0.00    0.00    6.89
10:14:20       0   57.00    0.00   36.00    1.00    0.00    0.00    0.00    0.00    0.00    6.00
10:14:20       1   57.14    0.00   35.71    0.00    0.00    0.00    0.00    0.00    0.00    7.14
10:14:20       2   55.45    0.00   35.64    0.99    0.00    0.00    0.00    0.00    0.00    7.92
10:14:20       3   57.58    0.00   34.34    1.01    0.00    0.00    0.00    0.00    0.00    7.07
10:14:20       4   55.45    0.00   35.64    0.99    0.00    0.99    0.00    0.00    0.00    6.93
10:14:20       5   57.00    0.00   36.00    1.00    0.00    0.00    0.00    0.00    0.00    6.00
10:14:20       6   55.56    0.00   36.36    1.01    0.00    0.00    0.00    0.00    0.00    7.07
10:14:20       7   59.00    0.00   32.00    1.00    0.00    1.00    0.00    0.00    0.00    7.00

10:14:20     CPU    %usr   %nice    %sys %iowait    %irq   %soft  %steal  %guest  %gnice   %idle
10:14:21     all   57.41    0.00   34.35    0.89    0.00    0.00    0.00    0.00    0.00    7.35
10:14:21       0   57.00    0.00   34.00    1.00    0.00    0.00    0.00    0.00    0.00    8.00
10:14:21       1   54.08    0.00   37.76    1.02    0.00    0.00    0.00    0.00    0.00    7.14
10:14:21       2   58.16    0.00   34.69    1.02    0.00    0.00    0.00    0.00    0.00    6.12
10:14:21       3   61.62    0.00   30.30    1.01    0.00    0.00    0.00    0.00    0.00    7.07
10:14:21       4   57.14    0.00   34.69    0.00    0.00    0.00    0.00    0.00    0.00    8.16
10:14:21       5   55.56    0.00   36.36    1.01    0.00    0.00    0.00    0.00    0.00    7.07
10:14:21       6   57.58    0.00   33.33    1.01    0.00    0.00    0.00    0.00    0.00    8.08
10:14:21       7   58.16    0.00   33.67    1.02    0.00    0.00    0.00    0.00    0.00    7.14

10:14:21     CPU    %usr   %nice    %sys %iowait    %irq   %soft  %steal  %guest  %gnice   %idle
10:14:22     all   57.86    0.00   34.97    0.88    0.00    0.00    0.00    0.00    0.00    6.29
10:14:22       0   59.60    0.00   33.33    1.01    0.00    0.00    0.00    0.00    0.00    6.06
10:14:22       1   56.57    0.00   36.36    1.01    0.00    0.00    0.00    0.00    0.00    6.06
10:14:22       2   57.00    0.00   36.00    1.00    0.00    0.00    0.00    0.00    0.00    6.00
10:14:22       3   60.00    0.00   32.00    1.00    0.00    0.00    0.00    0.00    0.00    7.00
10:14:22       4   55.00    0.00   38.00    1.00    0.00    0.00    0.00    0.00    0.00    6.00
10:14:22       5   57.14    0.00   36.73    0.00    0.00    0.00    0.00    0.00    0.00    6.12
10:14:22       6   58.59    0.00   34.34    1.01    0.00    0.00    0.00    0.00    0.00    6.06
10:14:22       7   59.00    0.00   33.00    1.00    0.00    0.00    0.00    0.00    0.00    7.00

10:14:22     CPU    %usr   %nice    %sys %iowait    %irq   %soft  %steal  %guest  %gnice   %idle
10:14:23     all   57.41    0.00   34.85    0.76    0.00    0.00    0.00    0.00    0.00    6.97
10:14:23       0   57.58    0.00   35.35    0.00    0.00    0.00    0.00    0.00    0.00    7.07
10:14:23       1   58.00    0.00   34.00    1.00    0.00    0.00    0.00    0.00    0.00    7.00
10:14:23       2   58.59    0.00   33.33    1.01    0.00    0.00    0.00    0.00    0.00    7.07
10:14:23       3   55.67    0.00   37.11    1.03    0.00    0.00    0.00    0.00    0.00    6.19
10:14:23       4   56.70    0.00   35.05    1.03    0.00    0.00    0.00    0.00    0.00    7.22
10:14:23       5   56.00    0.00   36.00    1.00    0.00    0.00    0.00    0.00    0.00    7.00
10:14:23       6   59.60    0.00   32.32    1.01    0.00    0.00    0.00    0.00    0.00    7.07
10:14:23       7   57.14    0.00   35.71    0.00    0.00    0.00    0.00    0.00    0.00    7.14

10:14:23     CPU    %usr   %nice    %sys %iowait    %irq   %soft  %steal  %guest  %gnice   %idle
10:14:24     all   57.11    0.00   34.84    0.88    0.00    0.00    0.00    0.00    0.00    7.17
10:14:24       0   56.00    0.00   36.00    1.00    0.00    0.00    0.00    0.00    0.00    7.00
10:14:24       1   60.61    0.00   31.31    1.01    0.00    0.00    0.00    0.00    0.00    7.07
10:14:24       2   58.16    0.00   33.67    0.00    0.00    0.00    0.00    0.00    0.00    8.16
10:14:24       3   59.00    0.00   33.00    1.00    0.00    0.00    0.00    0.00    0.00    7.00
10:14:24       4   56.00    0.00   36.00    1.00    0.00    0.00    0.00    0.00    0.00    7.00
10:14:24       5   56.57    0.00   35.35    1.01    0.00    0.00    0.00    0.00    0.00    7.07
10:14:24       6   56.57    0.00   36.36    1.01    0.00    0.00    0.00    0.00    0.00    6.06
10:14:24       7   54.00    0.00   37.00    1.00    0.00    0.00    0.00    0.00    0.00    8.00

10:14:24     CPU    %usr   %nice    %sys %iowait    %irq   %soft  %steal  %guest  %gnice   %idle
10:14:25     all   57.16    0.00   35.80    0.75    0.00    0.00    0.00    0.00    0.00    6.28
10:14:25       0   57.58    0.00   36.36    0.00    0.00    0.00    0.00    0.00    0.00    6.06
10:14:25       1   58.00    0.00   34.00    1.00    0.00    0.00    0.00    0.00    0.00    7.00
10:14:25       2   56.57    0.00   35.35    1.01    0.00    0.00    0.00    0.00    0.00    7.07
10:14:25       3   55.56    0.00   38.38    0.00    0.00    0.00    0.00    0.00    0.00    6.06
10:14:25       4   57.43    0.00   34.65    0.99    0.00    0.00    0.00    0.00    0.00    6.93
10:14:25       5   55.00    0.00   37.00    1.00    0.00    0.00    0.00    0.00    0.00    7.00
10:14:25       6   57.58    0.00   36.36    1.01    0.00    0.00    0.00    0.00    0.00    5.05
10:14:25       7   59.60    0.00   34.34    1.01    0.00    0.00    0.00    0.00    0.00    5.05

10:14:25     CPU    %usr   %nice    %sys %iowait    %irq   %soft  %steal  %guest  %gnice   %idle
10:14:26     all   56.23    0.00   36.10    0.75    0.00    0.38    0.00    0.00    0.00    6.54
10:14:26       0   55.56    0.00   37.37    1.01    0.00    0.00    0.00    0.00    0.00    6.06
10:14:26       1   55.10    0.00   38.78    0.00    0.00    0.00    0.00    0.00    0.00    6.12
10:14:26       2   56.44    0.00   35.64    0.99    0.00    0.99    0.00    0.00    0.00    5.94
10:14:26       3   56.00    0.00   35.00    1.00    0.00    1.00    0.00    0.00    0.00    7.00
10:14:26       4   54.00    0.00   38.00    1.00    0.00    0.00    0.00    0.00    0.00    7.00
10:14:26       5   56.57    0.00   35.35    1.01    0.00    1.01    0.00    0.00    0.00    6.06
10:14:26       6   60.20    0.00   31.63    1.02    0.00    0.00    0.00    0.00    0.00    7.14
10:14:26       7   56.00    0.00   37.00    0.00    0.00    0.00    0.00    0.00    0.00    7.00

10:14:26     CPU    %usr   %nice    %sys %iowait    %irq   %soft  %steal  %guest  %gnice   %idle
10:14:27     all   57.50    0.00   34.68    0.88    0.00    0.00    0.00    0.00    0.00    6.94
10:14:27       0   58.00    0.00   34.00    1.00    0.00    0.00    0.00    0.00    0.00    7.00
10:14:27       1   55.56    0.00   36.36    1.01    0.00    0.00    0.00    0.00    0.00    7.07
10:14:27       2   56.12    0.00   36.73    1.02    0.00    0.00    0.00    0.00    0.00    6.12
10:14:27       3   56.00    0.00   36.00    1.00    0.00    0.00    0.00    0.00    0.00    7.00
10:14:27       4   61.22    0.00   31.63    0.00    0.00    0.00    0.00    0.00    0.00    7.14
10:14:27       5   57.58    0.00   34.34    1.01    0.00    0.00    0.00    0.00    0.00    7.07
10:14:27       6   57.43    0.00   34.65    0.99    0.00    0.00    0.00    0.00    0.00    6.93
10:14:27       7   58.16    0.00   33.67    1.02    0.00    0.00    0.00    0.00    0.00    7.14

10:14:27     CPU    %usr   %nice    %sys %iowait    %irq   %soft  %steal  %guest  %gnice   %idle
10:14:28     all   56.37    0.00   35.31    0.76    0.00    0.13    0.00    0.00    0.00    7.44
10:14:28       0   53.00    0.00   39.00    1.00    0.00    0.00    0.00    0.00    0.00    7.00
10:14:28       1   55.45    0.00   35.64    0.99    0.00    0.99    0.00    0.00    0.00    6.93
10:14:28       2   56.57    0.00   35.35    1.01    0.00    0.00    0.00    0.00    0.00    7.07
10:14:28       3   59.79    0.00   32.99    0.00    0.00    0.00    0.00    0.00    0.00    7.22
10:14:28       4   55.56    0.00   35.35    1.01    0.00    0.00    0.00    0.00    0.00    8.08
10:14:28       5   59.60    0.00   32.32    1.01    0.00    0.00    0.00    0.00    0.00    7.07
10:14:28       6   57.14    0.00   34.69    0.00    0.00    0.00    0.00    0.00    0.00    8.16
10:14:28       7   54.00    0.00   37.00    1.00    0.00    0.00    0.00    0.00    0.00    8.00

10:14:28     CPU    %usr   %nice    %sys %iowait    %irq   %soft  %steal  %guest  %gnice   %idle
10:14:29     all   58.12    0.00   35.03    0.76    0.00    0.00    0.00    0.00    0.00    6.09
10:14:29       0   57.58    0.00   35.35    1.01    0.00    0.00    0.00    0.00    0.00    6.06
10:14:29       1   59.79    0.00   32.99    1.03    0.00    0.00    0.00    0.00    0.00    6.19
10:14:29       2   58.16    0.00   35.71    0.00    0.00    0.00    0.00    0.00    0.00    6.12
10:14:29       3   59.00    0.00   33.00    1.00    0.00    0.00    0.00    0.00    0.00    7.00
10:14:29       4   55.56    0.00   38.38    1.01    0.00    0.00    0.00    0.00    0.00    5.05
10:14:29       5   59.60    0.00   33.33    1.01    0.00    0.00    0.00    0.00    0.00    6.06
10:14:29       6   58.16    0.00   35.71    1.02    0.00    0.00    0.00    0.00    0.00    5.10
10:14:29       7   57.14    0.00   35.71    0.00    0.00    0.00    0.00    0.00    0.00    7.14

10:14:29     CPU    %usr   %nice    %sys %iowait    %irq   %soft  %steal  %guest  %gnice   %idle
10:14:30     all   57.14    0.00   35.21    0.88    0.00    0.00    0.00    0.00    0.00    6.77
10:14:30       0   56.57    0.00   36.36    0.00    0.00    0.00    0.00    0.00    0.00    7.07
10:14:30       1   55.45    0.00   37.62    0.99    0.00    0.00    0.00    0.00    0.00    5.94
10:14:30       2   57.00    0.00   35.00    1.00    0.00    0.00    0.00    0.00    0.00    7.00
10:14:30       3   58.16    0.00   34.69    1.02    0.00    0.00    0.00    0.00    0.00    6.12
10:14:30       4   58.59    0.00   34.34    1.01    0.00    0.00    0.00    0.00    0.00    6.06
10:14:30       5   56.00    0.00   36.00    1.00    0.00    0.00    0.00    0.00    0.00    7.00
10:14:30       6   58.42    0.00   32.67    0.99    0.00    0.00    0.00    0.00    0.00    7.92
10:14:30       7   57.00    0.00   35.00    1.00    0.00    0.00    0.00    0.00    0.00    7.00

10:14:30     CPU    %usr   %nice    %sys %iowait    %irq   %soft  %steal  %guest  %gnice   %idle
10:14:31     all   56.91    0.00   35.87    0.76    0.00    0.25    0.00    0.00    0.00    6.21
10:14:31       0   57.58    0.00   35.35    1.01    0.00    1.01    0.00    0.00    0.00    5.05
10:14:31       1   57.73    0.00   36.08    0.00    0.00    0.00    0.00    0.00    0.00    6.19
10:14:31       2   61.62    0.00   31.31    1.01    0.00    0.00    0.00    0.00    0.00    6.06
10:14:31       3   57.00    0.00   35.00    1.00    0.00    0.00    0.00    0.00    0.00    7.00
10:14:31       4   55.56    0.00   36.36    1.01    0.00    0.00    0.00    0.00    0.00    7.07
10:14:31       5   57.73    0.00   36.08    0.00    0.00    0.00    0.00    0.00    0.00    6.19
10:14:31       6   56.57    0.00   35.35    1.01    0.00    1.01    0.00    0.00    0.00    6.06
10:14:31       7   51.52    0.00   41.41    1.01    0.00    0.00    0.00    0.00    0.00    6.06

10:14:31     CPU    %usr   %nice    %sys %iowait    %irq   %soft  %steal  %guest  %gnice   %idle
10:14:32     all   57.88    0.00   35.06    0.76    0.00    0.13    0.00    0.00    0.00    6.18
10:14:32       0   56.00    0.00   36.00    1.00    0.00    0.00    0.00    0.00    0.00    7.00
10:14:32       1   54.55    0.00   38.38    1.01    0.00    0.00    0.00    0.00    0.00    6.06
10:14:32       2   58.00    0.00   35.00    1.00    0.00    0.00    0.00    0.00    0.00    6.00
10:14:32       3   59.18    0.00   34.69    0.00    0.00    0.00    0.00    0.00    0.00    6.12
10:14:32       4   59.18    0.00   33.67    1.02    0.00    0.00    0.00    0.00    0.00    6.12
10:14:32       5   60.61    0.00   33.33    1.01    0.00    0.00    0.00    0.00    0.00    5.05
10:14:32       6   57.58    0.00   36.36    0.00    0.00    0.00    0.00    0.00    0.00    6.06
10:14:32       7   58.00    0.00   33.00    1.00    0.00    1.00    0.00    0.00    0.00    7.00

10:14:32     CPU    %usr   %nice    %sys %iowait    %irq   %soft  %steal  %guest  %gnice   %idle
10:14:33     all   57.43    0.00   34.89    0.88    0.00    0.00    0.00    0.00    0.00    6.80
10:14:33       0   58.16    0.00   33.67    0.00    0.00    0.00    0.00    0.00    0.00    8.16
10:14:33       1   60.00    0.00   32.00    1.00    0.00    0.00    0.00    0.00    0.00    7.00
10:14:33       2   55.00    0.00   36.00    1.00    0.00    0.00    0.00    0.00    0.00    8.00
10:14:33       3   57.58    0.00   34.34    1.01    0.00    0.00    0.00    0.00    0.00    7.07
10:14:33       4   58.59    0.00   34.34    1.01    0.00    0.00    0.00    0.00    0.00    6.06
10:14:33       5   56.00    0.00   37.00    1.00    0.00    0.00    0.00    0.00    0.00    6.00
10:14:33       6   55.56    0.00   36.36    2.02    0.00    0.00    0.00    0.00    0.00    6.06
10:14:33       7   58.59    0.00   35.35    0.00    0.00    0.00    0.00    0.00    0.00    6.06

10:14:33     CPU    %usr   %nice    %sys %iowait    %irq   %soft  %steal  %guest  %gnice   %idle
10:14:34     all   57.57    0.00   35.17    0.88    0.00    0.00    0.00    0.00    0.00    6.38
10:14:34       0   56.44    0.00   36.63    0.99    0.00    0.00    0.00    0.00    0.00    5.94
10:14:34       1   56.00    0.00   36.00    1.00    0.00    0.00    0.00    0.00    0.00    7.00
10:14:34       2   57.14    0.00   37.76    0.00    0.00    0.00    0.00    0.00    0.00    5.10
10:14:34       3   59.60    0.00   33.33    1.01    0.00    0.00    0.00    0.00    0.00    6.06
10:14:34       4   58.42    0.00   32.67    0.99    0.00    0.00    0.00    0.00    0.00    7.92
10:14:34       5   56.44    0.00   35.64    0.99    0.00    0.00    0.00    0.00    0.00    6.93
10:14:34       6   57.58    0.00   35.35    1.01    0.00    0.00    0.00    0.00    0.00    6.06
10:14:34       7   59.00    0.00   34.00    1.00    0.00    0.00    0.00    0.00    0.00    6.00

10:14:34     CPU    %usr   %nice    %sys %iowait    %irq   %soft  %steal  %guest  %gnice   %idle
10:14:35     all   57.68    0.00   35.01    0.76    0.00    0.00    0.00    0.00    0.00    6.55
10:14:35       0   56.12    0.00   35.71    1.02    0.00    0.00    0.00    0.00    0.00    7.14
10:14:35       1   57.58    0.00   35.35    0.00    0.00    0.00    0.00    0.00    0.00    7.07
10:14:35       2   57.00    0.00   35.00    1.00    0.00    0.00    0.00    0.00    0.00    7.00
10:14:35       3   59.00    0.00   34.00    1.00    0.00    0.00    0.00    0.00    0.00    6.00
10:14:35       4   56.00    0.00   37.00    1.00    0.00    0.00    0.00    0.00    0.00    6.00
10:14:35       5   59.18    0.00   34.69    1.02    0.00    0.00    0.00    0.00    0.00    5.10
10:14:35       6   58.59    0.00   33.33    0.00    0.00    0.00    0.00    0.00    0.00    8.08
10:14:35       7   58.00    0.00   35.00    1.00    0.00    0.00    0.00    0.00    0.00    6.00

10:14:35     CPU    %usr   %nice    %sys %iowait    %irq   %soft  %steal  %guest  %gnice   %idle
10:14:36     all   57.45    0.00   35.10    0.76    0.00    0.13    0.00    0.00    0.00    6.57
10:14:36       0   55.10    0.00   37.76    0.00    0.00    0.00    0.00    0.00    0.00    7.14
10:14:36       1   60.00    0.00   33.00    1.00    0.00    0.00    0.00    0.00    0.00    6.00
10:14:36       2   59.18    0.00   34.69    0.00    0.00    0.00    0.00    0.00    0.00    6.12
10:14:36       3   56.70    0.00   35.05    1.03    0.00    0.00    0.00    0.00    0.00    7.22
10:14:36       4   57.00    0.00   36.00    1.00    0.00    0.00    0.00    0.00    0.00    6.00
10:14:36       5   56.86    0.00   33.33    0.98    0.00    0.98    0.00    0.00    0.00    7.84
10:14:36       6   56.57    0.00   36.36    1.01    0.00    0.00    0.00    0.00    0.00    6.06
10:14:36       7   58.16    0.00   34.69    1.02    0.00    0.00    0.00    0.00    0.00    6.12

10:14:36     CPU    %usr   %nice    %sys %iowait    %irq   %soft  %steal  %guest  %gnice   %idle
10:14:37     all   56.94    0.00   35.35    0.88    0.00    0.25    0.00    0.00    0.00    6.57
10:14:37       0   54.55    0.00   37.37    1.01    0.00    0.00    0.00    0.00    0.00    7.07
10:14:37       1   58.59    0.00   34.34    1.01    0.00    0.00    0.00    0.00    0.00    6.06
10:14:37       2   57.00    0.00   35.00    1.00    0.00    1.00    0.00    0.00    0.00    6.00
10:14:37       3   59.60    0.00   33.33    1.01    0.00    0.00    0.00    0.00    0.00    6.06
10:14:37       4   55.10    0.00   35.71    1.02    0.00    1.02    0.00    0.00    0.00    7.14
10:14:37       5   57.58    0.00   35.35    1.01    0.00    0.00    0.00    0.00    0.00    6.06
10:14:37       6   57.14    0.00   35.71    0.00    0.00    0.00    0.00    0.00    0.00    7.14
10:14:37       7   56.00    0.00   36.00    1.00    0.00    0.00    0.00    0.00    0.00    7.00

10:14:37     CPU    %usr   %nice    %sys %iowait    %irq   %soft  %steal  %guest  %gnice   %idle
10:14:38     all   57.20    0.00   35.86    0.38    0.00    0.13    0.00    0.00    0.00    6.44
10:14:38       0   56.57    0.00   36.36    0.00    0.00    0.00    0.00    0.00    0.00    7.07
10:14:38       1   55.00    0.00   36.00    1.00    0.00    1.00    0.00    0.00    0.00    7.00
10:14:38       2   56.57    0.00   37.37    1.01    0.00    0.00    0.00    0.00    0.00    5.05
10:14:38       3   58.16    0.00   35.71    0.00    0.00    0.00    0.00    0.00    0.00    6.12
10:14:38       4   60.00    0.00   34.00    0.00    0.00    0.00    0.00    0.00    0.00    6.00
10:14:38       5   57.14    0.00   36.73    0.00    0.00    0.00    0.00    0.00    0.00    6.12
10:14:38       6   57.43    0.00   33.66    0.99    0.00    0.00    0.00    0.00    0.00    7.92
10:14:38       7   56.70    0.00   37.11    0.00    0.00    0.00    0.00    0.00    0.00    6.19

10:14:38     CPU    %usr   %nice    %sys %iowait    %irq   %soft  %steal  %guest  %gnice   %idle
10:14:39     all   57.56    0.00   34.51    1.13    0.00    0.13    0.00    0.00    0.00    6.68
10:14:39       0   58.59    0.00   34.34    1.01    0.00    0.00    0.00    0.00    0.00    6.06
10:14:39       1   56.57    0.00   36.36    1.01    0.00    0.00    0.00    0.00    0.00    6.06
10:14:39       2   55.45    0.00   36.63    0.99    0.00    0.00    0.00    0.00    0.00    6.93
10:14:39       3   57.58    0.00   33.33    1.01    0.00    0.00    0.00    0.00    0.00    8.08
10:14:39       4   57.14    0.00   35.71    1.02    0.00    0.00    0.00    0.00    0.00    6.12
10:14:39       5   58.59    0.00   32.32    2.02    0.00    0.00    0.00    0.00    0.00    7.07
10:14:39       6   61.22    0.00   31.63    1.02    0.00    0.00    0.00    0.00    0.00    6.12
10:14:39       7   55.45    0.00   35.64    0.99    0.00    0.99    0.00    0.00    0.00    6.93

10:14:39     CPU    %usr   %nice    %sys %iowait    %irq   %soft  %steal  %guest  %gnice   %idle
10:14:40     all   57.99    0.00   34.34    0.88    0.00    0.13    0.00    0.00    0.00    6.67
10:14:40       0   56.00    0.00   36.00    1.00    0.00    1.00    0.00    0.00    0.00    6.00
10:14:40       1   57.14    0.00   36.73    0.00    0.00    0.00    0.00    0.00    0.00    6.12
10:14:40       2   59.18    0.00   32.65    1.02    0.00    0.00    0.00    0.00    0.00    7.14
10:14:40       3   59.00    0.00   32.00    1.00    0.00    0.00    0.00    0.00    0.00    8.00
10:14:40       4   57.00    0.00   35.00    1.00    0.00    0.00    0.00    0.00    0.00    7.00
10:14:40       5   58.59    0.00   34.34    1.01    0.00    0.00    0.00    0.00    0.00    6.06
10:14:40       6   59.41    0.00   32.67    0.99    0.00    0.00    0.00    0.00    0.00    6.93
10:14:40       7   57.58    0.00   35.35    1.01    0.00    0.00    0.00    0.00    0.00    6.06

10:14:40     CPU    %usr   %nice    %sys %iowait    %irq   %soft  %steal  %guest  %gnice   %idle
10:14:41     all   57.97    0.00   35.01    0.88    0.00    0.13    0.00    0.00    0.00    6.02
10:14:41       0   58.59    0.00   34.34    1.01    0.00    0.00    0.00    0.00    0.00    6.06
10:14:41       1   59.00    0.00   34.00    1.00    0.00    0.00    0.00    0.00    0.00    6.00
10:14:41       2   59.80    0.00   33.33    0.98    0.00    0.00    0.00    0.00    0.00    5.88
10:14:41       3   57.14    0.00   35.71    0.00    0.00    0.00    0.00    0.00    0.00    7.14
10:14:41       4   57.00    0.00   36.00    1.00    0.00    0.00    0.00    0.00    0.00    6.00
10:14:41       5   57.58    0.00   35.35    1.01    0.00    0.00    0.00    0.00    0.00    6.06
10:14:41       6   57.43    0.00   35.64    0.99    0.00    0.99    0.00    0.00    0.00    4.95
10:14:41       7   57.14    0.00   35.71    1.02    0.00    0.00    0.00    0.00    0.00    6.12

10:14:41     CPU    %usr   %nice    %sys %iowait    %irq   %soft  %steal  %guest  %gnice   %idle
10:14:42     all   57.89    0.00   34.86    0.64    0.00    0.00    0.00    0.00    0.00    6.62
10:14:42       0   58.59    0.00   34.34    0.00    0.00    0.00    0.00    0.00    0.00    7.07
10:14:42       1   58.16    0.00   33.67    1.02    0.00    0.00    0.00    0.00    0.00    7.14
10:14:42       2   57.14    0.00   35.71    1.02    0.00    0.00    0.00    0.00    0.00    6.12
10:14:42       3   56.57    0.00   36.36    1.01    0.00    0.00    0.00    0.00    0.00    6.06
10:14:42       4   55.56    0.00   37.37    0.00    0.00    0.00    0.00    0.00    0.00    7.07
10:14:42       5   59.79    0.00   32.99    1.03    0.00    0.00    0.00    0.00    0.00    6.19
10:14:42       6   58.16    0.00   34.69    0.00    0.00    0.00    0.00    0.00    0.00    7.14
10:14:42       7   59.18    0.00   33.67    1.02    0.00    0.00    0.00    0.00    0.00    6.12

10:14:42     CPU    %usr   %nice    %sys %iowait    %irq   %soft  %steal  %guest  %gnice   %idle
10:14:43     all   58.48    0.00   35.06    0.63    0.00    0.00    0.00    0.00    0.00    5.82
10:14:43       0   56.57    0.00   36.36    1.01    0.00    0.00    0.00    0.00    0.00    6.06
10:14:43       1   59.79    0.00   34.02    0.00    0.00    0.00    0.00    0.00    0.00    6.19
10:14:43       2   60.82    0.00   34.02    0.00    0.00    0.00    0.00    0.00    0.00    5.15
10:14:43       3   57.58    0.00   36.36    1.01    0.00    0.00    0.00    0.00    0.00    5.05
10:14:43       4   58.59    0.00   34.34    1.01    0.00    0.00    0.00    0.00    0.00    6.06
10:14:43       5   56.57    0.00   36.36    0.00    0.00    0.00    0.00    0.00    0.00    7.07
10:14:43       6   58.42    0.00   34.65    0.99    0.00    0.00    0.00    0.00    0.00    5.94
10:14:43       7   59.60    0.00   34.34    1.01    0.00    0.00    0.00    0.00    0.00    5.05

10:14:43     CPU    %usr   %nice    %sys %iowait    %irq   %soft  %steal  %guest  %gnice   %idle
10:14:44     all   58.04    0.00   34.42    1.13    0.00    0.00    0.00    0.00    0.00    6.41
10:14:44       0   55.56    0.00   36.36    1.01    0.00    0.00    0.00    0.00    0.00    7.07
10:14:44       1   57.43    0.00   34.65    1.98    0.00    0.00    0.00    0.00    0.00    5.94
10:14:44       2   59.00    0.00   34.00    1.00    0.00    0.00    0.00    0.00    0.00    6.00
10:14:44       3   59.41    0.00   32.67    0.99    0.00    0.00    0.00    0.00    0.00    6.93
10:14:44       4   59.18    0.00   33.67    1.02    0.00    0.00    0.00    0.00    0.00    6.12
10:14:44       5   58.59    0.00   34.34    1.01    0.00    0.00    0.00    0.00    0.00    6.06
10:14:44       6   59.18    0.00   33.67    1.02    0.00    0.00    0.00    0.00    0.00    6.12
10:14:44       7   56.00    0.00   36.00    1.00    0.00    0.00    0.00    0.00    0.00    7.00

10:14:44     CPU    %usr   %nice    %sys %iowait    %irq   %soft  %steal  %guest  %gnice   %idle
10:14:45     all   57.52    0.00   35.15    0.76    0.00    0.13    0.00    0.00    0.00    6.45
10:14:45       0   56.12    0.00   36.73    1.02    0.00    0.00    0.00    0.00    0.00    6.12
10:14:45       1   59.60    0.00   33.33    0.00    0.00    0.00    0.00    0.00    0.00    7.07
10:14:45       2   57.14    0.00   34.69    1.02    0.00    0.00    0.00    0.00    0.00    7.14
10:14:45       3   56.00    0.00   36.00    1.00    0.00    1.00    0.00    0.00    0.00    6.00
10:14:45       4   57.00    0.00   36.00    1.00    0.00    0.00    0.00    0.00    0.00    6.00
10:14:45       5   59.60    0.00   33.33    1.01    0.00    0.00    0.00    0.00    0.00    6.06
10:14:45       6   57.00    0.00   35.00    1.00    0.00    0.00    0.00    0.00    0.00    7.00
10:14:45       7   57.73    0.00   36.08    0.00    0.00    0.00    0.00    0.00    0.00    6.19

10:14:45     CPU    %usr   %nice    %sys %iowait    %irq   %soft  %steal  %guest  %gnice   %idle
10:14:46     all   57.74    0.00   35.22    0.88    0.00    0.13    0.00    0.00    0.00    6.04
10:14:46       0   59.18    0.00   34.69    0.00    0.00    0.00    0.00    0.00    0.00    6.12
10:14:46       1   59.00    0.00   34.00    1.00    0.00    0.00    0.00    0.00    0.00    6.00
10:14:46       2   57.00    0.00   36.00    1.00    0.00    0.00    0.00    0.00    0.00    6.00
10:14:46       3   60.20    0.00   33.67    1.02    0.00    0.00    0.00    0.00    0.00    5.10
10:14:46       4   58.00    0.00   34.00    1.00    0.00    1.00    0.00    0.00    0.00    6.00
10:14:46       5   55.00    0.00   37.00    1.00    0.00    0.00    0.00    0.00    0.00    7.00
10:14:46       6   56.57    0.00   37.37    1.01    0.00    0.00    0.00    0.00    0.00    5.05
10:14:46       7   57.00    0.00   35.00    1.00    0.00    0.00    0.00    0.00    0.00    7.00

10:14:46     CPU    %usr   %nice    %sys %iowait    %irq   %soft  %steal  %guest  %gnice   %idle
10:14:47     all   58.19    0.00   35.52    0.50    0.00    0.13    0.00    0.00    0.00    5.67
10:14:47       0   55.45    0.00   37.62    0.99    0.00    0.00    0.00    0.00    0.00    5.94
10:14:47       1   55.00    0.00   38.00    1.00    0.00    0.00    0.00    0.00    0.00    6.00
10:14:47       2   60.20    0.00   34.69    0.00    0.00    0.00    0.00    0.00    0.00    5.10
10:14:47       3   58.59    0.00   36.36    0.00    0.00    0.00    0.00    0.00    0.00    5.05
10:14:47       4   60.61    0.00   32.32    1.01    0.00    0.00    0.00    0.00    0.00    6.06
10:14:47       5   59.18    0.00   34.69    0.00    0.00    1.02    0.00    0.00    0.00    5.10
10:14:47       6   59.00    0.00   35.00    0.00    0.00    0.00    0.00    0.00    0.00    6.00
10:14:47       7   57.58    0.00   35.35    1.01    0.00    0.00    0.00    0.00    0.00    6.06

10:14:47     CPU    %usr   %nice    %sys %iowait    %irq   %soft  %steal  %guest  %gnice   %idle
10:14:48     all   58.08    0.00   35.23    0.63    0.00    0.00    0.00    0.00    0.00    6.06
10:14:48       0   59.60    0.00   34.34    0.00    0.00    0.00    0.00    0.00    0.00    6.06
10:14:48       1   60.00    0.00   33.00    1.00    0.00    0.00    0.00    0.00    0.00    6.00
10:14:48       2   59.00    0.00   34.00    1.00    0.00    0.00    0.00    0.00    0.00    6.00
10:14:48       3   55.00    0.00   37.00    1.00    0.00    0.00    0.00    0.00    0.00    7.00
10:14:48       4   56.70    0.00   37.11    0.00    0.00    0.00    0.00    0.00    0.00    6.19
10:14:48       5   58.82    0.00   34.31    0.98    0.00    0.00    0.00    0.00    0.00    5.88
10:14:48       6   56.70    0.00   36.08    1.03    0.00    0.00    0.00    0.00    0.00    6.19
10:14:48       7   58.76    0.00   36.08    0.00    0.00    0.00    0.00    0.00    0.00    5.15

10:14:48     CPU    %usr   %nice    %sys %iowait    %irq   %soft  %steal  %guest  %gnice   %idle
10:14:49     all   57.77    0.00   34.96    0.75    0.00    0.00    0.00    0.00    0.00    6.52
10:14:49       0   57.43    0.00   35.64    0.99    0.00    0.00    0.00    0.00    0.00    5.94
10:14:49       1   58.16    0.00   34.69    0.00    0.00    0.00    0.00    0.00    0.00    7.14
10:14:49       2   59.60    0.00   34.34    1.01    0.00    0.00    0.00    0.00    0.00    5.05
10:14:49       3   57.58    0.00   34.34    0.00    0.00    0.00    0.00    0.00    0.00    8.08
10:14:49       4   58.42    0.00   33.66    0.99    0.00    0.00    0.00    0.00    0.00    6.93
10:14:49       5   60.61    0.00   32.32    1.01    0.00    0.00    0.00    0.00    0.00    6.06
10:14:49       6   55.00    0.00   38.00    1.00    0.00    0.00    0.00    0.00    0.00    6.00
10:14:49       7   55.45    0.00   36.63    0.99    0.00    0.00    0.00    0.00    0.00    6.93

10:14:49     CPU    %usr   %nice    %sys %iowait    %irq   %soft  %steal  %guest  %gnice   %idle
10:14:50     all   58.56    0.00   35.23    0.76    0.00    0.00    0.00    0.00    0.00    5.45
10:14:50       0   59.00    0.00   35.00    1.00    0.00    0.00    0.00    0.00    0.00    5.00
10:14:50       1   58.59    0.00   34.34    1.01    0.00    0.00    0.00    0.00    0.00    6.06
10:14:50       2   60.61    0.00   33.33    1.01    0.00    0.00    0.00    0.00    0.00    5.05
10:14:50       3   58.16    0.00   35.71    1.02    0.00    0.00    0.00    0.00    0.00    5.10
10:14:50       4   59.60    0.00   34.34    1.01    0.00    0.00    0.00    0.00    0.00    5.05
10:14:50       5   57.73    0.00   35.05    0.00    0.00    0.00    0.00    0.00    0.00    7.22
10:14:50       6   57.14    0.00   38.78    0.00    0.00    0.00    0.00    0.00    0.00    4.08
10:14:50       7   57.58    0.00   35.35    1.01    0.00    0.00    0.00    0.00    0.00    6.06

10:14:50     CPU    %usr   %nice    %sys %iowait    %irq   %soft  %steal  %guest  %gnice   %idle
10:14:51     all   58.11    0.00   34.09    1.01    0.00    0.00    0.00    0.00    0.00    6.79
10:14:51       0   60.61    0.00   32.32    1.01    0.00    0.00    0.00    0.00    0.00    6.06
10:14:51       1   57.00    0.00   35.00    1.00    0.00    0.00    0.00    0.00    0.00    7.00
10:14:51       2   56.57    0.00   34.34    1.01    0.00    0.00    0.00    0.00    0.00    8.08
10:14:51       3   56.00    0.00   36.00    1.00    0.00    0.00    0.00    0.00    0.00    7.00
10:14:51       4   59.00    0.00   33.00    1.00    0.00    0.00    0.00    0.00    0.00    7.00
10:14:51       5   58.59    0.00   34.34    1.01    0.00    0.00    0.00    0.00    0.00    6.06
10:14:51       6   57.00    0.00   35.00    1.00    0.00    0.00    0.00    0.00    0.00    7.00
10:14:51       7   60.20    0.00   32.65    1.02    0.00    0.00    0.00    0.00    0.00    6.12

10:14:51     CPU    %usr   %nice    %sys %iowait    %irq   %soft  %steal  %guest  %gnice   %idle
10:14:52     all   57.40    0.00   35.90    0.76    0.00    0.25    0.00    0.00    0.00    5.69
10:14:52       0   58.16    0.00   35.71    1.02    0.00    0.00    0.00    0.00    0.00    5.10
10:14:52       1   58.00    0.00   35.00    1.00    0.00    1.00    0.00    0.00    0.00    5.00
10:14:52       2   58.16    0.00   35.71    0.00    0.00    1.02    0.00    0.00    0.00    5.10
10:14:52       3   59.60    0.00   33.33    1.01    0.00    0.00    0.00    0.00    0.00    6.06
10:14:52       4   53.54    0.00   39.39    1.01    0.00    0.00    0.00    0.00    0.00    6.06
10:14:52       5   56.57    0.00   36.36    1.01    0.00    0.00    0.00    0.00    0.00    6.06
10:14:52       6   57.58    0.00   35.35    1.01    0.00    0.00    0.00    0.00    0.00    6.06
10:14:52       7   57.58    0.00   36.36    0.00    0.00    0.00    0.00    0.00    0.00    6.06

10:14:52     CPU    %usr   %nice    %sys %iowait    %irq   %soft  %steal  %guest  %gnice   %idle
10:14:53     all   56.37    0.00   36.07    0.88    0.00    0.13    0.00    0.00    0.00    6.56
10:14:53       0   55.56    0.00   36.36    1.01    0.00    0.00    0.00    0.00    0.00    7.07
10:14:53       1   56.57    0.00   36.36    0.00    0.00    0.00    0.00    0.00    0.00    7.07
10:14:53       2   58.00    0.00   34.00    2.00    0.00    0.00    0.00    0.00    0.00    6.00
10:14:53       3   56.12    0.00   35.71    1.02    0.00    0.00    0.00    0.00    0.00    7.14
10:14:53       4   55.56    0.00   38.38    0.00    0.00    0.00    0.00    0.00    0.00    6.06
10:14:53       5   57.58    0.00   35.35    1.01    0.00    0.00    0.00    0.00    0.00    6.06
10:14:53       6   55.56    0.00   37.37    0.00    0.00    1.01    0.00    0.00    0.00    6.06
10:14:53       7   56.00    0.00   35.00    2.00    0.00    0.00    0.00    0.00    0.00    7.00

10:14:53     CPU    %usr   %nice    %sys %iowait    %irq   %soft  %steal  %guest  %gnice   %idle
10:14:54     all   56.42    0.00   36.09    0.51    0.00    0.13    0.00    0.00    0.00    6.86
10:14:54       0   58.16    0.00   34.69    0.00    0.00    0.00    0.00    0.00    0.00    7.14
10:14:54       1   56.70    0.00   35.05    1.03    0.00    0.00    0.00    0.00    0.00    7.22
10:14:54       2   57.58    0.00   35.35    0.00    0.00    0.00    0.00    0.00    0.00    7.07
10:14:54       3   55.00    0.00   38.00    1.00    0.00    0.00    0.00    0.00    0.00    6.00
10:14:54       4   54.08    0.00   37.76    1.02    0.00    0.00    0.00    0.00    0.00    7.14
10:14:54       5   55.10    0.00   37.76    0.00    0.00    0.00    0.00    0.00    0.00    7.14
10:14:54       6   57.00    0.00   35.00    1.00    0.00    0.00    0.00    0.00    0.00    7.00
10:14:54       7   57.73    0.00   35.05    0.00    0.00    1.03    0.00    0.00    0.00    6.19

10:14:54     CPU    %usr   %nice    %sys %iowait    %irq   %soft  %steal  %guest  %gnice   %idle
10:14:55     all   58.36    0.00   34.21    1.01    0.00    0.00    0.00    0.00    0.00    6.42
10:14:55       0   58.59    0.00   34.34    1.01    0.00    0.00    0.00    0.00    0.00    6.06
10:14:55       1   59.60    0.00   32.32    1.01    0.00    0.00    0.00    0.00    0.00    7.07
10:14:55       2   57.58    0.00   35.35    1.01    0.00    0.00    0.00    0.00    0.00    6.06
10:14:55       3   56.57    0.00   36.36    1.01    0.00    0.00    0.00    0.00    0.00    6.06
10:14:55       4   57.58    0.00   35.35    1.01    0.00    0.00    0.00    0.00    0.00    6.06
10:14:55       5   57.00    0.00   35.00    1.00    0.00    0.00    0.00    0.00    0.00    7.00
10:14:55       6   59.00    0.00   34.00    1.00    0.00    0.00    0.00    0.00    0.00    6.00
10:14:55       7   61.00    0.00   31.00    1.00    0.00    0.00    0.00    0.00    0.00    7.00

10:14:55     CPU    %usr   %nice    %sys %iowait    %irq   %soft  %steal  %guest  %gnice   %idle
10:14:56     all   57.74    0.00   35.47    0.63    0.00    0.00    0.00    0.00    0.00    6.16
10:14:56       0   57.00    0.00   36.00    1.00    0.00    0.00    0.00    0.00    0.00    6.00
10:14:56       1   59.60    0.00   33.33    1.01    0.00    0.00    0.00    0.00    0.00    6.06
10:14:56       2   58.00    0.00   35.00    1.00    0.00    0.00    0.00    0.00    0.00    6.00
10:14:56       3   55.56    0.00   38.38    0.00    0.00    0.00    0.00    0.00    0.00    6.06
10:14:56       4   57.14    0.00   36.73    0.00    0.00    0.00    0.00    0.00    0.00    6.12
10:14:56       5   58.00    0.00   35.00    1.00    0.00    0.00    0.00    0.00    0.00    6.00
10:14:56       6   58.59    0.00   34.34    0.00    0.00    0.00    0.00    0.00    0.00    7.07
10:14:56       7   58.00    0.00   35.00    1.00    0.00    0.00    0.00    0.00    0.00    6.00

10:14:56     CPU    %usr   %nice    %sys %iowait    %irq   %soft  %steal  %guest  %gnice   %idle
10:14:57     all   57.48    0.00   35.22    0.88    0.00    0.00    0.00    0.00    0.00    6.42
10:14:57       0   59.00    0.00   33.00    1.00    0.00    0.00    0.00    0.00    0.00    7.00
10:14:57       1   57.00    0.00   36.00    0.00    0.00    0.00    0.00    0.00    0.00    7.00
10:14:57       2   57.00    0.00   36.00    1.00    0.00    0.00    0.00    0.00    0.00    6.00
10:14:57       3   57.58    0.00   35.35    1.01    0.00    0.00    0.00    0.00    0.00    6.06
10:14:57       4   57.58    0.00   35.35    1.01    0.00    0.00    0.00    0.00    0.00    6.06
10:14:57       5   58.16    0.00   35.71    0.00    0.00    0.00    0.00    0.00    0.00    6.12
10:14:57       6   55.00    0.00   37.00    2.00    0.00    0.00    0.00    0.00    0.00    6.00
10:14:57       7   58.59    0.00   33.33    1.01    0.00    0.00    0.00    0.00    0.00    7.07

10:14:57     CPU    %usr   %nice    %sys %iowait    %irq   %soft  %steal  %guest  %gnice   %idle
10:14:58     all   57.12    0.00   35.94    0.76    0.00    0.13    0.00    0.00    0.00    6.05
10:14:58       0   57.58    0.00   35.35    1.01    0.00    0.00    0.00    0.00    0.00    6.06
10:14:58       1   56.57    0.00   35.35    1.01    0.00    0.00    0.00    0.00    0.00    7.07
10:14:58       2   58.76    0.00   36.08    0.00    0.00    0.00    0.00    0.00    0.00    5.15
10:14:58       3   57.43    0.00   34.65    0.99    0.00    0.99    0.00    0.00    0.00    5.94
10:14:58       4   57.00    0.00   36.00    1.00    0.00    0.00    0.00    0.00    0.00    6.00
10:14:58       5   56.00    0.00   37.00    1.00    0.00    0.00    0.00    0.00    0.00    6.00
10:14:58       6   57.58    0.00   36.36    0.00    0.00    0.00    0.00    0.00    0.00    6.06
10:14:58       7   56.12    0.00   36.73    1.02    0.00    0.00    0.00    0.00    0.00    6.12

10:14:58     CPU    %usr   %nice    %sys %iowait    %irq   %soft  %steal  %guest  %gnice   %idle
10:14:59     all   58.24    0.00   34.59    0.75    0.00    0.00    0.00    0.00    0.00    6.42
10:14:59       0   58.16    0.00   36.73    0.00    0.00    0.00    0.00    0.00    0.00    5.10
10:14:59       1   58.59    0.00   34.34    1.01    0.00    0.00    0.00    0.00    0.00    6.06
10:14:59       2   53.54    0.00   39.39    1.01    0.00    0.00    0.00    0.00    0.00    6.06
10:14:59       3   60.61    0.00   32.32    0.00    0.00    0.00    0.00    0.00    0.00    7.07
10:14:59       4   58.00    0.00   34.00    1.00    0.00    0.00    0.00    0.00    0.00    7.00
10:14:59       5   62.00    0.00   31.00    1.00    0.00    0.00    0.00    0.00    0.00    6.00
10:14:59       6   58.00    0.00   34.00    1.00    0.00    0.00    0.00    0.00    0.00    7.00
10:14:59       7   57.00    0.00   35.00    1.00    0.00    0.00    0.00    0.00    0.00    7.00

10:14:59     CPU    %usr   %nice    %sys %iowait    %irq   %soft  %steal  %guest  %gnice   %idle
10:15:00     all   57.86    0.00   34.97    0.63    0.00    0.13    0.00    0.00    0.00    6.42
10:15:00       0   60.61    0.00   32.32    1.01    0.00    0.00    0.00    0.00    0.00    6.06
10:15:00       1   58.00    0.00   35.00    1.00    0.00    0.00    0.00    0.00    0.00    6.00
10:15:00       2   58.42    0.00   34.65    0.99    0.00    0.00    0.00    0.00    0.00    5.94
10:15:00       3   58.59    0.00   33.33    1.01    0.00    0.00    0.00    0.00    0.00    7.07
10:15:00       4   54.46    0.00   37.62    0.00    0.00    0.99    0.00    0.00    0.00    6.93
10:15:00       5   57.14    0.00   34.69    1.02    0.00    0.00    0.00    0.00    0.00    7.14
10:15:00       6   58.59    0.00   35.35    0.00    0.00    0.00    0.00    0.00    0.00    6.06
10:15:00       7   57.14    0.00   36.73    0.00    0.00    0.00    0.00    0.00    0.00    6.12

10:15:00     CPU    %usr   %nice    %sys %iowait    %irq   %soft  %steal  %guest  %gnice   %idle
10:15:01     all   58.91    0.00   33.75    1.01    0.00    0.00    0.00    0.00    0.00    6.32
10:15:01       0   61.00    0.00   31.00    1.00    0.00    0.00    0.00    0.00    0.00    7.00
10:15:01       1   58.59    0.00   34.34    1.01    0.00    0.00    0.00    0.00    0.00    6.06
10:15:01       2   58.16    0.00   34.69    1.02    0.00    0.00    0.00    0.00    0.00    6.12
10:15:01       3   57.58    0.00   34.34    1.01    0.00    0.00    0.00    0.00    0.00    7.07
10:15:01       4   61.62    0.00   31.31    1.01    0.00    0.00    0.00    0.00    0.00    6.06
10:15:01       5   56.57    0.00   36.36    1.01    0.00    0.00    0.00    0.00    0.00    6.06
10:15:01       6   59.79    0.00   32.99    1.03    0.00    0.00    0.00    0.00    0.00    6.19
10:15:01       7   58.00    0.00   35.00    1.00    0.00    0.00    0.00    0.00    0.00    6.00

10:15:01     CPU    %usr   %nice    %sys %iowait    %irq   %soft  %steal  %guest  %gnice   %idle
10:15:02     all   57.86    0.00   34.59    0.75    0.00    0.25    0.00    0.00    0.00    6.54
10:15:02       0   57.14    0.00   35.71    0.00    0.00    0.00    0.00    0.00    0.00    7.14
10:15:02       1   58.42    0.00   33.66    0.99    0.00    0.99    0.00    0.00    0.00    5.94
10:15:02       2   55.56    0.00   36.36    1.01    0.00    0.00    0.00    0.00    0.00    7.07
10:15:02       3   57.14    0.00   36.73    0.00    0.00    0.00    0.00    0.00    0.00    6.12
10:15:02       4   60.61    0.00   32.32    1.01    0.00    0.00    0.00    0.00    0.00    6.06
10:15:02       5   57.58    0.00   34.34    1.01    0.00    0.00    0.00    0.00    0.00    7.07
10:15:02       6   58.25    0.00   33.01    0.97    0.00    0.97    0.00    0.00    0.00    6.80
10:15:02       7   58.16    0.00   34.69    1.02    0.00    0.00    0.00    0.00    0.00    6.12

10:15:02     CPU    %usr   %nice    %sys %iowait    %irq   %soft  %steal  %guest  %gnice   %idle
10:15:03     all   57.02    0.00   36.03    0.76    0.00    0.13    0.00    0.00    0.00    6.07
10:15:03       0   54.00    0.00   38.00    1.00    0.00    1.00    0.00    0.00    0.00    6.00
10:15:03       1   57.58    0.00   36.36    0.00    0.00    0.00    0.00    0.00    0.00    6.06
10:15:03       2   56.00    0.00   37.00    1.00    0.00    0.00    0.00    0.00    0.00    6.00
10:15:03       3   59.18    0.00   33.67    1.02    0.00    0.00    0.00    0.00    0.00    6.12
10:15:03       4   60.20    0.00   32.65    1.02    0.00    0.00    0.00    0.00    0.00    6.12
10:15:03       5   55.56    0.00   38.38    0.00    0.00    0.00    0.00    0.00    0.00    6.06
10:15:03       6   56.12    0.00   36.73    1.02    0.00    0.00    0.00    0.00    0.00    6.12
10:15:03       7   57.58    0.00   35.35    1.01    0.00    0.00    0.00    0.00    0.00    6.06

10:15:03     CPU    %usr   %nice    %sys %iowait    %irq   %soft  %steal  %guest  %gnice   %idle
10:15:04     all   57.56    0.00   35.26    0.88    0.00    0.13    0.00    0.00    0.00    6.17
10:15:04       0   57.58    0.00   35.35    1.01    0.00    0.00    0.00    0.00    0.00    6.06
10:15:04       1   57.14    0.00   35.71    1.02    0.00    0.00    0.00    0.00    0.00    6.12
10:15:04       2   53.06    0.00   39.80    0.00    0.00    0.00    0.00    0.00    0.00    7.14
10:15:04       3   58.16    0.00   34.69    1.02    0.00    0.00    0.00    0.00    0.00    6.12
10:15:04       4   58.00    0.00   35.00    1.00    0.00    0.00    0.00    0.00    0.00    6.00
10:15:04       5   55.45    0.00   36.63    0.99    0.00    0.99    0.00    0.00    0.00    5.94
10:15:04       6   59.41    0.00   33.66    0.99    0.00    0.00    0.00    0.00    0.00    5.94
10:15:04       7   61.62    0.00   31.31    1.01    0.00    0.00    0.00    0.00    0.00    6.06

10:15:04     CPU    %usr   %nice    %sys %iowait    %irq   %soft  %steal  %guest  %gnice   %idle
10:15:05     all   58.33    0.00   34.60    0.76    0.00    0.00    0.00    0.00    0.00    6.31
10:15:05       0   57.00    0.00   35.00    1.00    0.00    0.00    0.00    0.00    0.00    7.00
10:15:05       1   59.18    0.00   33.67    1.02    0.00    0.00    0.00    0.00    0.00    6.12
10:15:05       2   60.00    0.00   33.00    1.00    0.00    0.00    0.00    0.00    0.00    6.00
10:15:05       3   57.00    0.00   36.00    1.00    0.00    0.00    0.00    0.00    0.00    6.00
10:15:05       4   58.76    0.00   34.02    0.00    0.00    0.00    0.00    0.00    0.00    7.22
10:15:05       5   56.57    0.00   36.36    1.01    0.00    0.00    0.00    0.00    0.00    6.06
10:15:05       6   60.20    0.00   33.67    0.00    0.00    0.00    0.00    0.00    0.00    6.12
10:15:05       7   58.00    0.00   35.00    1.00    0.00    0.00    0.00    0.00    0.00    6.00

10:15:05     CPU    %usr   %nice    %sys %iowait    %irq   %soft  %steal  %guest  %gnice   %idle
10:15:06     all   57.91    0.00   36.18    0.88    0.00    0.00    0.00    0.00    0.00    5.03
10:15:06       0   58.16    0.00   37.76    0.00    0.00    0.00    0.00    0.00    0.00    4.08
10:15:06       1   58.00    0.00   36.00    1.00    0.00    0.00    0.00    0.00    0.00    5.00
10:15:06       2   55.00    0.00   39.00    1.00    0.00    0.00    0.00    0.00    0.00    5.00
10:15:06       3   58.59    0.00   35.35    1.01    0.00    0.00    0.00    0.00    0.00    5.05
10:15:06       4   60.00    0.00   33.00    1.00    0.00    0.00    0.00    0.00    0.00    6.00
10:15:06       5   58.00    0.00   35.00    1.00    0.00    0.00    0.00    0.00    0.00    6.00
10:15:06       6   58.59    0.00   36.36    1.01    0.00    0.00    0.00    0.00    0.00    4.04
10:15:06       7   57.00    0.00   37.00    1.00    0.00    0.00    0.00    0.00    0.00    5.00

10:15:06     CPU    %usr   %nice    %sys %iowait    %irq   %soft  %steal  %guest  %gnice   %idle
10:15:07     all   57.93    0.00   35.14    0.76    0.00    0.00    0.00    0.00    0.00    6.17
10:15:07       0   58.00    0.00   35.00    1.00    0.00    0.00    0.00    0.00    0.00    6.00
10:15:07       1   56.00    0.00   37.00    1.00    0.00    0.00    0.00    0.00    0.00    6.00
10:15:07       2   58.59    0.00   35.35    0.00    0.00    0.00    0.00    0.00    0.00    6.06
10:15:07       3   59.18    0.00   33.67    1.02    0.00    0.00    0.00    0.00    0.00    6.12
10:15:07       4   57.00    0.00   35.00    1.00    0.00    0.00    0.00    0.00    0.00    7.00
10:15:07       5   57.58    0.00   34.34    1.01    0.00    0.00    0.00    0.00    0.00    7.07
10:15:07       6   59.60    0.00   34.34    0.00    0.00    0.00    0.00    0.00    0.00    6.06
10:15:07       7   57.58    0.00   36.36    1.01    0.00    0.00    0.00    0.00    0.00    5.05

10:15:07     CPU    %usr   %nice    %sys %iowait    %irq   %soft  %steal  %guest  %gnice   %idle
10:15:08     all   58.43    0.00   35.11    0.38    0.00    0.13    0.00    0.00    0.00    5.96
10:15:08       0   61.22    0.00   32.65    0.00    0.00    0.00    0.00    0.00    0.00    6.12
10:15:08       1   58.59    0.00   34.34    1.01    0.00    0.00    0.00    0.00    0.00    6.06
10:15:08       2   56.70    0.00   37.11    0.00    0.00    0.00    0.00    0.00    0.00    6.19
10:15:08       3   57.58    0.00   36.36    0.00    0.00    0.00    0.00    0.00    0.00    6.06
10:15:08       4   57.58    0.00   36.36    0.00    0.00    0.00    0.00    0.00    0.00    6.06
10:15:08       5   57.58    0.00   37.37    0.00    0.00    0.00    0.00    0.00    0.00    5.05
10:15:08       6   58.59    0.00   34.34    1.01    0.00    0.00    0.00    0.00    0.00    6.06
10:15:08       7   59.60    0.00   32.32    1.01    0.00    1.01    0.00    0.00    0.00    6.06

10:15:08     CPU    %usr   %nice    %sys %iowait    %irq   %soft  %steal  %guest  %gnice   %idle
10:15:09     all   58.94    0.00   34.38    0.76    0.00    0.00    0.00    0.00    0.00    5.92
10:15:09       0   58.59    0.00   34.34    1.01    0.00    0.00    0.00    0.00    0.00    6.06
10:15:09       1   58.16    0.00   36.73    0.00    0.00    0.00    0.00    0.00    0.00    5.10
10:15:09       2   60.00    0.00   34.00    1.00    0.00    0.00    0.00    0.00    0.00    5.00
10:15:09       3   58.16    0.00   34.69    1.02    0.00    0.00    0.00    0.00    0.00    6.12
10:15:09       4   58.42    0.00   34.65    0.99    0.00    0.00    0.00    0.00    0.00    5.94
10:15:09       5   60.00    0.00   33.00    1.00    0.00    0.00    0.00    0.00    0.00    6.00
10:15:09       6   59.18    0.00   33.67    1.02    0.00    0.00    0.00    0.00    0.00    6.12
10:15:09       7   59.00    0.00   34.00    0.00    0.00    0.00    0.00    0.00    0.00    7.00

10:15:09     CPU    %usr   %nice    %sys %iowait    %irq   %soft  %steal  %guest  %gnice   %idle
10:15:10     all   57.83    0.00   35.10    1.01    0.00    0.00    0.00    0.00    0.00    6.06
10:15:10       0   60.61    0.00   32.32    1.01    0.00    0.00    0.00    0.00    0.00    6.06
10:15:10       1   57.58    0.00   34.34    1.01    0.00    0.00    0.00    0.00    0.00    7.07
10:15:10       2   57.00    0.00   35.00    1.00    0.00    0.00    0.00    0.00    0.00    7.00
10:15:10       3   55.56    0.00   38.38    1.01    0.00    0.00    0.00    0.00    0.00    5.05
10:15:10       4   58.59    0.00   34.34    1.01    0.00    0.00    0.00    0.00    0.00    6.06
10:15:10       5   57.14    0.00   36.73    1.02    0.00    0.00    0.00    0.00    0.00    5.10
10:15:10       6   59.00    0.00   34.00    1.00    0.00    0.00    0.00    0.00    0.00    6.00
10:15:10       7   57.14    0.00   35.71    1.02    0.00    0.00    0.00    0.00    0.00    6.12

10:15:10     CPU    %usr   %nice    %sys %iowait    %irq   %soft  %steal  %guest  %gnice   %idle
10:15:11     all   59.14    0.00   35.15    0.25    0.00    0.00    0.00    0.00    0.00    5.46
10:15:11       0   59.18    0.00   35.71    0.00    0.00    0.00    0.00    0.00    0.00    5.10
10:15:11       1   61.22    0.00   33.67    0.00    0.00    0.00    0.00    0.00    0.00    5.10
10:15:11       2   56.57    0.00   38.38    0.00    0.00    0.00    0.00    0.00    0.00    5.05
10:15:11       3   58.16    0.00   35.71    0.00    0.00    0.00    0.00    0.00    0.00    6.12
10:15:11       4   61.22    0.00   32.65    1.02    0.00    0.00    0.00    0.00    0.00    5.10
10:15:11       5   59.60    0.00   34.34    0.00    0.00    0.00    0.00    0.00    0.00    6.06
10:15:11       6   57.58    0.00   36.36    1.01    0.00    0.00    0.00    0.00    0.00    5.05
10:15:11       7   59.60    0.00   34.34    0.00    0.00    0.00    0.00    0.00    0.00    6.06

10:15:11     CPU    %usr   %nice    %sys %iowait    %irq   %soft  %steal  %guest  %gnice   %idle
10:15:12     all   56.55    0.00   35.21    1.12    0.00    0.25    0.00    0.00    0.00    6.87
10:15:12       0   57.58    0.00   35.35    1.01    0.00    0.00    0.00    0.00    0.00    6.06
10:15:12       1   53.47    0.00   37.62    0.99    0.00    0.00    0.00    0.00    0.00    7.92
10:15:12       2   54.00    0.00   37.00    2.00    0.00    1.00    0.00    0.00    0.00    6.00
10:15:12       3   59.41    0.00   32.67    0.99    0.00    0.00    0.00    0.00    0.00    6.93
10:15:12       4   58.42    0.00   32.67    0.99    0.00    0.00    0.00    0.00    0.00    7.92
10:15:12       5   56.57    0.00   35.35    1.01    0.00    0.00    0.00    0.00    0.00    7.07
10:15:12       6   56.44    0.00   34.65    0.99    0.00    0.99    0.00    0.00    0.00    6.93
10:15:12       7   56.57    0.00   36.36    1.01    0.00    0.00    0.00    0.00    0.00    6.06

10:15:12     CPU    %usr   %nice    %sys %iowait    %irq   %soft  %steal  %guest  %gnice   %idle
10:15:13     all   58.01    0.00   35.06    0.88    0.00    0.00    0.00    0.00    0.00    6.05
10:15:13       0   55.56    0.00   37.37    1.01    0.00    0.00    0.00    0.00    0.00    6.06
10:15:13       1   58.59    0.00   34.34    1.01    0.00    0.00    0.00    0.00    0.00    6.06
10:15:13       2   60.00    0.00   34.00    0.00    0.00    0.00    0.00    0.00    0.00    6.00
10:15:13       3   57.58    0.00   35.35    1.01    0.00    0.00    0.00    0.00    0.00    6.06
10:15:13       4   58.16    0.00   34.69    1.02    0.00    0.00    0.00    0.00    0.00    6.12
10:15:13       5   56.57    0.00   36.36    1.01    0.00    0.00    0.00    0.00    0.00    6.06
10:15:13       6   58.16    0.00   35.71    1.02    0.00    0.00    0.00    0.00    0.00    5.10
10:15:13       7   59.41    0.00   32.67    0.99    0.00    0.00    0.00    0.00    0.00    6.93

10:15:13     CPU    %usr   %nice    %sys %iowait    %irq   %soft  %steal  %guest  %gnice   %idle
10:15:14     all   59.29    0.00   34.64    0.51    0.00    0.00    0.00    0.00    0.00    5.56
10:15:14       0   59.41    0.00   34.65    0.99    0.00    0.00    0.00    0.00    0.00    4.95
10:15:14       1   58.59    0.00   35.35    1.01    0.00    0.00    0.00    0.00    0.00    5.05
10:15:14       2   60.61    0.00   32.32    1.01    0.00    0.00    0.00    0.00    0.00    6.06
10:15:14       3   57.14    0.00   37.76    0.00    0.00    0.00    0.00    0.00    0.00    5.10
10:15:14       4   61.00    0.00   33.00    0.00    0.00    0.00    0.00    0.00    0.00    6.00
10:15:14       5   58.16    0.00   35.71    1.02    0.00    0.00    0.00    0.00    0.00    5.10
10:15:14       6   57.73    0.00   36.08    0.00    0.00    0.00    0.00    0.00    0.00    6.19
10:15:14       7   61.62    0.00   32.32    0.00    0.00    0.00    0.00    0.00    0.00    6.06

10:15:14     CPU    %usr   %nice    %sys %iowait    %irq   %soft  %steal  %guest  %gnice   %idle
10:15:15     all   57.47    0.00   35.63    0.88    0.00    0.00    0.00    0.00    0.00    6.02
10:15:15       0   56.57    0.00   36.36    1.01    0.00    0.00    0.00    0.00    0.00    6.06
10:15:15       1   56.57    0.00   37.37    0.00    0.00    0.00    0.00    0.00    0.00    6.06
10:15:15       2   60.00    0.00   33.00    1.00    0.00    0.00    0.00    0.00    0.00    6.00
10:15:15       3   59.00    0.00   34.00    1.00    0.00    0.00    0.00    0.00    0.00    6.00
10:15:15       4   60.00    0.00   34.00    1.00    0.00    0.00    0.00    0.00    0.00    5.00
10:15:15       5   55.00    0.00   38.00    1.00    0.00    0.00    0.00    0.00    0.00    6.00
10:15:15       6   57.00    0.00   35.00    1.00    0.00    0.00    0.00    0.00    0.00    7.00
10:15:15       7   55.56    0.00   37.37    1.01    0.00    0.00    0.00    0.00    0.00    6.06

10:15:15     CPU    %usr   %nice    %sys %iowait    %irq   %soft  %steal  %guest  %gnice   %idle
10:15:16     all   57.29    0.00   35.05    0.75    0.00    0.13    0.00    0.00    0.00    6.78
10:15:16       0   56.44    0.00   36.63    0.00    0.00    0.99    0.00    0.00    0.00    5.94
10:15:16       1   55.56    0.00   35.35    1.01    0.00    0.00    0.00    0.00    0.00    8.08
10:15:16       2   58.59    0.00   34.34    1.01    0.00    0.00    0.00    0.00    0.00    6.06
10:15:16       3   59.60    0.00   32.32    1.01    0.00    0.00    0.00    0.00    0.00    7.07
10:15:16       4   55.56    0.00   36.36    0.00    0.00    0.00    0.00    0.00    0.00    8.08
10:15:16       5   58.00    0.00   35.00    1.00    0.00    0.00    0.00    0.00    0.00    6.00
10:15:16       6   58.00    0.00   35.00    1.00    0.00    0.00    0.00    0.00    0.00    6.00
10:15:16       7   56.57    0.00   35.35    1.01    0.00    0.00    0.00    0.00    0.00    7.07

10:15:16     CPU    %usr   %nice    %sys %iowait    %irq   %soft  %steal  %guest  %gnice   %idle
10:15:17     all    3.50    0.00    3.25    0.12    0.00    0.00    0.00    0.00    0.00   93.13
10:15:17       0    2.02    0.00    3.03    0.00    0.00    0.00    0.00    0.00    0.00   94.95
10:15:17       1    2.97    0.00    2.97    0.99    0.00    0.00    0.00    0.00    0.00   93.07
10:15:17       2    2.00    0.00    3.00    0.00    0.00    0.00    0.00    0.00    0.00   95.00
10:15:17       3    2.97    0.00    2.97    0.00    0.00    0.00    0.00    0.00    0.00   94.06
10:15:17       4   11.00    0.00    3.00    0.00    0.00    0.00    0.00    0.00    0.00   86.00
10:15:17       5    2.00    0.00    4.00    0.00    0.00    0.00    0.00    0.00    0.00   94.00
10:15:17       6    2.00    0.00    4.00    0.00    0.00    0.00    0.00    0.00    0.00   94.00
10:15:17       7    3.00    0.00    3.00    0.00    0.00    0.00    0.00    0.00    0.00   94.00

10:15:17     CPU    %usr   %nice    %sys %iowait    %irq   %soft  %steal  %guest  %gnice   %idle
10:15:18     all    0.00    0.00    0.00    0.00    0.00    0.00    0.00    0.00    0.00  100.00
10:15:18       0    0.00    0.00    0.00    0.00    0.00    0.00    0.00    0.00    0.00  100.00
10:15:18       1    0.00    0.00    0.00    0.00    0.00    0.00    0.00    0.00    0.00  100.00
10:15:18       2    0.00    0.00    0.00    0.00    0.00    0.00    0.00    0.00    0.00  100.00
10:15:18       3    0.00    0.00    0.00    0.00    0.00    0.00    0.00    0.00    0.00  100.00
10:15:18       4    0.00    0.00    0.00    0.00    0.00    0.00    0.00    0.00    0.00  100.00
10:15:18       5    0.00    0.00    0.00    0.00    0.00    0.00    0.00    0.00    0.00  100.00
10:15:18       6    0.00    0.00    0.00    0.00    0.00    0.00    0.00    0.00    0.00  100.00
10:15:18       7    0.00    0.00    0.00    0.00    0.00    0.00    0.00    0.00    0.00  100.00

10:15:18     CPU    %usr   %nice    %sys %iowait    %irq   %soft  %steal  %guest  %gnice   %idle
10:15:19     all    0.00    0.00    0.00    0.00    0.00    0.00    0.00    0.00    0.00  100.00
10:15:19       0    0.00    0.00    0.00    0.00    0.00    0.00    0.00    0.00    0.00  100.00
10:15:19       1    0.00    0.00    0.00    0.00    0.00    0.00    0.00    0.00    0.00  100.00
10:15:19       2    0.00    0.00    0.00    0.00    0.00    0.00    0.00    0.00    0.00  100.00
10:15:19       3    0.00    0.00    0.00    0.00    0.00    0.00    0.00    0.00    0.00  100.00
10:15:19       4    0.00    0.00    0.00    0.00    0.00    0.00    0.00    0.00    0.00  100.00
10:15:19       5    0.00    0.00    0.00    0.00    0.00    0.00    0.00    0.00    0.00  100.00
10:15:19       6    0.00    0.00    0.00    0.00    0.00    0.00    0.00    0.00    0.00  100.00
10:15:19       7    0.00    0.00    0.00    0.00    0.00    0.00    0.00    0.00    0.00  100.00
