Linux 6.14.0-1018-aws (ip-10-0-1-227) 	01/03/26 	_aarch64_	(8 CPU)

12:55:41     CPU    %usr   %nice    %sys %iowait    %irq   %soft  %steal  %guest  %gnice   %idle
12:55:42     all    0.00    0.00    0.00    0.00    0.00    0.00    0.00    0.00    0.00  100.00
12:55:42       0    0.00    0.00    0.00    0.00    0.00    0.00    0.00    0.00    0.00  100.00
12:55:42       1    0.00    0.00    0.00    0.00    0.00    0.00    0.00    0.00    0.00  100.00
12:55:42       2    0.00    0.00    0.00    0.00    0.00    0.00    0.00    0.00    0.00  100.00
12:55:42       3    0.00    0.00    0.00    0.00    0.00    0.00    0.00    0.00    0.00  100.00
12:55:42       4    0.00    0.00    0.00    0.00    0.00    0.00    0.00    0.00    0.00  100.00
12:55:42       5    0.00    0.00    0.00    0.00    0.00    0.00    0.00    0.00    0.00  100.00
12:55:42       6    0.00    0.00    0.00    0.00    0.00    0.00    0.00    0.00    0.00  100.00
12:55:42       7    0.00    0.00    0.00    0.00    0.00    0.00    0.00    0.00    0.00  100.00

12:55:42     CPU    %usr   %nice    %sys %iowait    %irq   %soft  %steal  %guest  %gnice   %idle
12:55:43     all    0.00    0.00    0.00    0.00    0.00    0.00    0.00    0.00    0.00  100.00
12:55:43       0    0.00    0.00    0.00    0.00    0.00    0.00    0.00    0.00    0.00  100.00
12:55:43       1    0.00    0.00    0.00    0.00    0.00    0.00    0.00    0.00    0.00  100.00
12:55:43       2    0.00    0.00    0.00    0.00    0.00    0.00    0.00    0.00    0.00  100.00
12:55:43       3    0.00    0.00    0.00    0.00    0.00    0.00    0.00    0.00    0.00  100.00
12:55:43       4    0.00    0.00    0.00    0.00    0.00    0.00    0.00    0.00    0.00  100.00
12:55:43       5    0.00    0.00    0.00    0.00    0.00    0.00    0.00    0.00    0.00  100.00
12:55:43       6    0.00    0.00    0.00    0.00    0.00    0.00    0.00    0.00    0.00  100.00
12:55:43       7    0.00    0.00    0.00    0.00    0.00    0.00    0.00    0.00    0.00  100.00

12:55:43     CPU    %usr   %nice    %sys %iowait    %irq   %soft  %steal  %guest  %gnice   %idle
12:55:44     all    4.14    0.00    5.65   10.54    0.00    0.13    0.00    0.00    0.00   79.55
12:55:44       0   18.18    0.00   36.36   30.30    0.00    0.00    0.00    0.00    0.00   15.15
12:55:44       1    0.00    0.00    3.00   25.00    0.00    1.00    0.00    0.00    0.00   71.00
12:55:44       2   14.00    0.00    0.00    0.00    0.00    0.00    0.00    0.00    0.00   86.00
12:55:44       3    0.00    0.00    4.04   19.19    0.00    0.00    0.00    0.00    0.00   76.77
12:55:44       4    0.00    0.00    2.02   10.10    0.00    0.00    0.00    0.00    0.00   87.88
12:55:44       5    0.00    0.00    0.00    0.00    0.00    0.00    0.00    0.00    0.00  100.00
12:55:44       6    0.00    0.00    0.00    0.00    0.00    0.00    0.00    0.00    0.00  100.00
12:55:44       7    1.00    0.00    0.00    0.00    0.00    0.00    0.00    0.00    0.00   99.00

12:55:44     CPU    %usr   %nice    %sys %iowait    %irq   %soft  %steal  %guest  %gnice   %idle
12:55:45     all    0.63    0.00    2.51   21.86    0.00    0.00    0.00    0.00    0.00   75.00
12:55:45       0    1.01    0.00    3.03    7.07    0.00    0.00    0.00    0.00    0.00   88.89
12:55:45       1    3.06    0.00    5.10   62.24    0.00    0.00    0.00    0.00    0.00   29.59
12:55:45       2    0.00    0.00    1.00    0.00    0.00    0.00    0.00    0.00    0.00   99.00
12:55:45       3    0.00    0.00    4.04   46.46    0.00    0.00    0.00    0.00    0.00   49.49
12:55:45       4    1.00    0.00    5.00   55.00    0.00    0.00    0.00    0.00    0.00   39.00
12:55:45       5    0.00    0.00    1.00    5.00    0.00    0.00    0.00    0.00    0.00   94.00
12:55:45       6    0.00    0.00    0.00    0.00    0.00    0.00    0.00    0.00    0.00  100.00
12:55:45       7    0.00    0.00    1.00    0.00    0.00    0.00    0.00    0.00    0.00   99.00

12:55:45     CPU    %usr   %nice    %sys %iowait    %irq   %soft  %steal  %guest  %gnice   %idle
12:55:46     all    0.63    0.00    2.02   22.12    0.00    0.13    0.00    0.00    0.00   75.09
12:55:46       0    0.00    0.00    0.00    0.00    0.00    0.00    0.00    0.00    0.00  100.00
12:55:46       1    0.00    0.00    0.00    0.00    0.00    0.00    0.00    0.00    0.00  100.00
12:55:46       2    0.00    0.00    0.00    0.00    0.00    0.00    0.00    0.00    0.00  100.00
12:55:46       3    5.10    0.00    9.18   85.71    0.00    0.00    0.00    0.00    0.00    0.00
12:55:46       4    0.00    0.00    0.00    2.04    0.00    0.00    0.00    0.00    0.00   97.96
12:55:46       5    0.00    0.00    4.04   45.45    0.00    0.00    0.00    0.00    0.00   50.51
12:55:46       6    0.00    0.00    3.03   44.44    0.00    1.01    0.00    0.00    0.00   51.52
12:55:46       7    0.00    0.00    0.00    0.00    0.00    0.00    0.00    0.00    0.00  100.00

12:55:46     CPU    %usr   %nice    %sys %iowait    %irq   %soft  %steal  %guest  %gnice   %idle
12:55:47     all    0.63    0.00    2.15   21.97    0.00    0.00    0.00    0.00    0.00   75.25
12:55:47       0    0.00    0.00    0.00    0.00    0.00    0.00    0.00    0.00    0.00  100.00
12:55:47       1    0.00    0.00    0.00    0.00    0.00    0.00    0.00    0.00    0.00  100.00
12:55:47       2    0.00    0.00    0.00    0.00    0.00    0.00    0.00    0.00    0.00  100.00
12:55:47       3    5.15    0.00   11.34   83.51    0.00    0.00    0.00    0.00    0.00    0.00
12:55:47       4    0.00    0.00    0.00    0.00    0.00    0.00    0.00    0.00    0.00  100.00
12:55:47       5    0.00    0.00    3.06   54.08    0.00    0.00    0.00    0.00    0.00   42.86
12:55:47       6    0.00    0.00    3.03   40.40    0.00    0.00    0.00    0.00    0.00   56.57
12:55:47       7    0.00    0.00    0.00    0.00    0.00    0.00    0.00    0.00    0.00  100.00

12:55:47     CPU    %usr   %nice    %sys %iowait    %irq   %soft  %steal  %guest  %gnice   %idle
12:55:48     all    0.38    0.00    2.26   22.24    0.00    0.00    0.00    0.00    0.00   75.13
12:55:48       0    0.00    0.00    2.00   30.00    0.00    0.00    0.00    0.00    0.00   68.00
12:55:48       1    0.00    0.00    0.00    1.00    0.00    0.00    0.00    0.00    0.00   99.00
12:55:48       2    2.04    0.00    4.08   40.82    0.00    0.00    0.00    0.00    0.00   53.06
12:55:48       3    1.02    0.00    5.10   42.86    0.00    0.00    0.00    0.00    0.00   51.02
12:55:48       4    0.00    0.00    0.99    0.00    0.00    0.00    0.00    0.00    0.00   99.01
12:55:48       5    0.00    0.00    3.06   43.88    0.00    0.00    0.00    0.00    0.00   53.06
12:55:48       6    0.00    0.00    0.99    0.00    0.00    0.00    0.00    0.00    0.00   99.01
12:55:48       7    0.00    0.00    2.00   21.00    0.00    0.00    0.00    0.00    0.00   77.00

12:55:48     CPU    %usr   %nice    %sys %iowait    %irq   %soft  %steal  %guest  %gnice   %idle
12:55:49     all    0.76    0.00    1.77   22.22    0.00    0.00    0.00    0.00    0.00   75.25
12:55:49       0    0.00    0.00    3.06   48.98    0.00    0.00    0.00    0.00    0.00   47.96
12:55:49       1    0.00    0.00    0.00    0.00    0.00    0.00    0.00    0.00    0.00  100.00
12:55:49       2    0.00    0.00    0.00    0.00    0.00    0.00    0.00    0.00    0.00  100.00
12:55:49       3    1.00    0.00    0.00    3.00    0.00    0.00    0.00    0.00    0.00   96.00
12:55:49       4    0.00    0.00    0.00    0.00    0.00    0.00    0.00    0.00    0.00  100.00
12:55:49       5    0.00    0.00    0.99    2.97    0.00    0.00    0.00    0.00    0.00   96.04
12:55:49       6    5.21    0.00    7.29   81.25    0.00    0.00    0.00    0.00    0.00    6.25
12:55:49       7    0.00    0.00    3.06   44.90    0.00    0.00    0.00    0.00    0.00   52.04

12:55:49     CPU    %usr   %nice    %sys %iowait    %irq   %soft  %steal  %guest  %gnice   %idle
12:55:50     all    0.50    0.00    2.14   22.29    0.00    0.00    0.00    0.00    0.00   75.06
12:55:50       0    0.00    0.00    4.04   55.56    0.00    0.00    0.00    0.00    0.00   40.40
12:55:50       1    0.00    0.00    3.03   38.38    0.00    0.00    0.00    0.00    0.00   58.59
12:55:50       2    0.00    0.00    0.00    0.00    0.00    0.00    0.00    0.00    0.00  100.00
12:55:50       3    0.00    0.00    1.00    0.00    0.00    0.00    0.00    0.00    0.00   99.00
12:55:50       4    0.00    0.00    0.00    0.00    0.00    0.00    0.00    0.00    0.00  100.00
12:55:50       5    0.00    0.00    0.00    0.00    0.00    0.00    0.00    0.00    0.00  100.00
12:55:50       6    4.12    0.00    9.28   86.60    0.00    0.00    0.00    0.00    0.00    0.00
12:55:50       7    0.00    0.00    0.00    0.00    0.00    0.00    0.00    0.00    0.00  100.00

12:55:50     CPU    %usr   %nice    %sys %iowait    %irq   %soft  %steal  %guest  %gnice   %idle
12:55:51     all    0.13    0.00    1.51   23.08    0.00    0.00    0.00    0.00    0.00   75.28
12:55:51       0    0.00    0.00    2.00   32.00    0.00    0.00    0.00    0.00    0.00   66.00
12:55:51       1    0.00    0.00    3.03   53.54    0.00    0.00    0.00    0.00    0.00   43.43
12:55:51       2    0.00    0.00    0.99    0.00    0.00    0.00    0.00    0.00    0.00   99.01
12:55:51       3    0.00    0.00    0.00    0.00    0.00    0.00    0.00    0.00    0.00  100.00
12:55:51       4    0.00    0.00    0.00    0.00    0.00    0.00    0.00    0.00    0.00  100.00
12:55:51       5    0.00    0.00    1.01   19.19    0.00    0.00    0.00    0.00    0.00   79.80
12:55:51       6    1.04    0.00    5.21   72.92    0.00    0.00    0.00    0.00    0.00   20.83
12:55:51       7    0.00    0.00    0.00    9.09    0.00    0.00    0.00    0.00    0.00   90.91

12:55:51     CPU    %usr   %nice    %sys %iowait    %irq   %soft  %steal  %guest  %gnice   %idle
12:55:52     all    0.00    0.00    0.76   23.83    0.00    0.00    0.00    0.00    0.00   75.41
12:55:52       0    0.00    0.00    2.06   75.26    0.00    0.00    0.00    0.00    0.00   22.68
12:55:52       1    0.00    0.00    0.00    0.00    0.00    0.00    0.00    0.00    0.00  100.00
12:55:52       2    0.00    0.00    0.00    0.00    0.00    0.00    0.00    0.00    0.00  100.00
12:55:52       3    0.00    0.00    0.00    0.00    0.00    0.00    0.00    0.00    0.00  100.00
12:55:52       4    0.00    0.00    0.00    0.00    0.00    0.00    0.00    0.00    0.00  100.00
12:55:52       5    0.00    0.00    0.00    9.18    0.00    0.00    0.00    0.00    0.00   90.82
12:55:52       6    0.00    0.00    2.02   56.57    0.00    0.00    0.00    0.00    0.00   41.41
12:55:52       7    0.00    0.00    2.04   51.02    0.00    0.00    0.00    0.00    0.00   46.94

12:55:52     CPU    %usr   %nice    %sys %iowait    %irq   %soft  %steal  %guest  %gnice   %idle
12:55:53     all    0.00    0.00    4.14   15.66    0.00    0.00    0.00    0.00    0.00   80.20
12:55:53       0    0.00    0.00    2.00   41.00    0.00    0.00    0.00    0.00    0.00   57.00
12:55:53       1    0.00    0.00   10.00   30.00    0.00    0.00    0.00    0.00    0.00   60.00
12:55:53       2    0.00    0.00    0.00    3.00    0.00    0.00    0.00    0.00    0.00   97.00
12:55:53       3    0.00    0.00   20.00   18.00    0.00    0.00    0.00    0.00    0.00   62.00
12:55:53       4    0.00    0.00    1.01   33.33    0.00    0.00    0.00    0.00    0.00   65.66
12:55:53       5    0.00    0.00    0.00    0.00    0.00    0.00    0.00    0.00    0.00  100.00
12:55:53       6    0.00    0.00    0.00    0.00    0.00    0.00    0.00    0.00    0.00  100.00
12:55:53       7    0.00    0.00    0.00    0.00    0.00    0.00    0.00    0.00    0.00  100.00

12:55:53     CPU    %usr   %nice    %sys %iowait    %irq   %soft  %steal  %guest  %gnice   %idle
12:55:54     all    0.38    0.00    1.91    4.46    0.00    0.38    0.00    0.00    0.00   92.87
12:55:54       0    1.02    0.00    2.04    1.02    0.00    0.00    0.00    0.00    0.00   95.92
12:55:54       1    0.00    0.00    2.06    0.00    0.00    0.00    0.00    0.00    0.00   97.94
12:55:54       2    1.01    0.00    3.03    3.03    0.00    0.00    0.00    0.00    0.00   92.93
12:55:54       3    0.00    0.00    2.06    5.15    0.00    1.03    0.00    0.00    0.00   91.75
12:55:54       4    0.00    0.00    2.04    5.10    0.00    0.00    0.00    0.00    0.00   92.86
12:55:54       5    1.00    0.00    2.00    8.00    0.00    1.00    0.00    0.00    0.00   88.00
12:55:54       6    0.00    0.00    1.01    6.06    0.00    1.01    0.00    0.00    0.00   91.92
12:55:54       7    0.00    0.00    1.03    7.22    0.00    0.00    0.00    0.00    0.00   91.75

12:55:54     CPU    %usr   %nice    %sys %iowait    %irq   %soft  %steal  %guest  %gnice   %idle
12:55:55     all    0.26    0.00    0.77    7.14    0.00    0.00    0.00    0.00    0.00   91.84
12:55:55       0    0.00    0.00    1.01    2.02    0.00    0.00    0.00    0.00    0.00   96.97
12:55:55       1    0.00    0.00    0.00    2.06    0.00    0.00    0.00    0.00    0.00   97.94
12:55:55       2    0.00    0.00    0.00    2.06    0.00    0.00    0.00    0.00    0.00   97.94
12:55:55       3    0.00    0.00    1.03    2.06    0.00    0.00    0.00    0.00    0.00   96.91
12:55:55       4    1.01    0.00    1.01    9.09    0.00    0.00    0.00    0.00    0.00   88.89
12:55:55       5    0.00    0.00    1.03   12.37    0.00    0.00    0.00    0.00    0.00   86.60
12:55:55       6    1.01    0.00    1.01   11.11    0.00    0.00    0.00    0.00    0.00   86.87
12:55:55       7    0.00    0.00    1.01   16.16    0.00    0.00    0.00    0.00    0.00   82.83

12:55:55     CPU    %usr   %nice    %sys %iowait    %irq   %soft  %steal  %guest  %gnice   %idle
12:55:56     all    0.13    0.00    0.63   35.02    0.00    0.13    0.00    0.00    0.00   64.10
12:55:56       0    0.00    0.00    0.00   50.52    0.00    0.00    0.00    0.00    0.00   49.48
12:55:56       1    0.00    0.00    1.01   41.41    0.00    0.00    0.00    0.00    0.00   57.58
12:55:56       2    0.00    0.00    1.01   29.29    0.00    0.00    0.00    0.00    0.00   69.70
12:55:56       3    1.00    0.00    1.00   49.00    0.00    0.00    0.00    0.00    0.00   49.00
12:55:56       4    0.00    0.00    1.01   21.21    0.00    0.00    0.00    0.00    0.00   77.78
12:55:56       5    0.00    0.00    0.00   26.26    0.00    0.00    0.00    0.00    0.00   73.74
12:55:56       6    0.00    0.00    1.00   28.00    0.00    0.00    0.00    0.00    0.00   71.00
12:55:56       7    0.00    0.00    0.00   34.69    0.00    1.02    0.00    0.00    0.00   64.29

12:55:56     CPU    %usr   %nice    %sys %iowait    %irq   %soft  %steal  %guest  %gnice   %idle
12:55:57     all    0.50    0.00    0.76   13.37    0.00    0.00    0.00    0.00    0.00   85.37
12:55:57       0    0.00    0.00    2.00   19.00    0.00    0.00    0.00    0.00    0.00   79.00
12:55:57       1    1.00    0.00    1.00   17.00    0.00    0.00    0.00    0.00    0.00   81.00
12:55:57       2    0.99    0.00    0.99   14.85    0.00    0.00    0.00    0.00    0.00   83.17
12:55:57       3    0.00    0.00    0.00   24.49    0.00    0.00    0.00    0.00    0.00   75.51
12:55:57       4    0.00    0.00    0.00    5.10    0.00    0.00    0.00    0.00    0.00   94.90
12:55:57       5    1.01    0.00    1.01    8.08    0.00    0.00    0.00    0.00    0.00   89.90
12:55:57       6    0.00    0.00    0.00    8.25    0.00    0.00    0.00    0.00    0.00   91.75
12:55:57       7    1.00    0.00    1.00   10.00    0.00    0.00    0.00    0.00    0.00   88.00

12:55:57     CPU    %usr   %nice    %sys %iowait    %irq   %soft  %steal  %guest  %gnice   %idle
12:55:58     all    0.25    0.00    0.76   12.10    0.00    0.00    0.00    0.00    0.00   86.88
12:55:58       0    0.00    0.00    1.02   11.22    0.00    0.00    0.00    0.00    0.00   87.76
12:55:58       1    0.00    0.00    1.03   17.53    0.00    0.00    0.00    0.00    0.00   81.44
12:55:58       2    0.00    0.00    0.00    9.18    0.00    0.00    0.00    0.00    0.00   90.82
12:55:58       3    0.00    0.00    1.02   10.20    0.00    0.00    0.00    0.00    0.00   88.78
12:55:58       4    1.01    0.00    1.01   11.11    0.00    0.00    0.00    0.00    0.00   86.87
12:55:58       5    0.00    0.00    1.02   11.22    0.00    0.00    0.00    0.00    0.00   87.76
12:55:58       6    1.00    0.00    1.00   12.00    0.00    0.00    0.00    0.00    0.00   86.00
12:55:58       7    0.00    0.00    0.00   14.43    0.00    0.00    0.00    0.00    0.00   85.57

12:55:58     CPU    %usr   %nice    %sys %iowait    %irq   %soft  %steal  %guest  %gnice   %idle
12:55:59     all    0.13    0.00    0.76   17.79    0.00    0.00    0.00    0.00    0.00   81.32
12:55:59       0    1.01    0.00    0.00    2.02    0.00    0.00    0.00    0.00    0.00   96.97
12:55:59       1    0.00    0.00    1.01    5.05    0.00    0.00    0.00    0.00    0.00   93.94
12:55:59       2    0.00    0.00    0.00    7.14    0.00    0.00    0.00    0.00    0.00   92.86
12:55:59       3    0.00    0.00    1.01    5.05    0.00    0.00    0.00    0.00    0.00   93.94
12:55:59       4    0.00    0.00    1.02   38.78    0.00    0.00    0.00    0.00    0.00   60.20
12:55:59       5    0.00    0.00    1.02   32.65    0.00    0.00    0.00    0.00    0.00   66.33
12:55:59       6    0.00    0.00    1.01   21.21    0.00    0.00    0.00    0.00    0.00   77.78
12:55:59       7    0.00    0.00    1.03   30.93    0.00    0.00    0.00    0.00    0.00   68.04

12:55:59     CPU    %usr   %nice    %sys %iowait    %irq   %soft  %steal  %guest  %gnice   %idle
12:56:00     all    0.25    0.00    0.89   24.81    0.00    0.00    0.00    0.00    0.00   74.05
12:56:00       0    0.00    0.00    2.02   25.25    0.00    0.00    0.00    0.00    0.00   72.73
12:56:00       1    1.01    0.00    1.01   26.26    0.00    0.00    0.00    0.00    0.00   71.72
12:56:00       2    0.00    0.00    1.02   22.45    0.00    0.00    0.00    0.00    0.00   76.53
12:56:00       3    0.00    0.00    1.02   25.51    0.00    0.00    0.00    0.00    0.00   73.47
12:56:00       4    0.00    0.00    1.01   25.25    0.00    0.00    0.00    0.00    0.00   73.74
12:56:00       5    1.00    0.00    0.00   21.00    0.00    0.00    0.00    0.00    0.00   78.00
12:56:00       6    0.00    0.00    0.00   24.49    0.00    0.00    0.00    0.00    0.00   75.51
12:56:00       7    0.00    0.00    1.01   28.28    0.00    0.00    0.00    0.00    0.00   70.71

12:56:00     CPU    %usr   %nice    %sys %iowait    %irq   %soft  %steal  %guest  %gnice   %idle
12:56:01     all    0.00    0.00    0.64   32.70    0.00    0.00    0.00    0.00    0.00   66.67
12:56:01       0    0.00    0.00    1.02   50.00    0.00    0.00    0.00    0.00    0.00   48.98
12:56:01       1    0.00    0.00    0.00   43.88    0.00    0.00    0.00    0.00    0.00   56.12
12:56:01       2    0.00    0.00    1.01   61.62    0.00    0.00    0.00    0.00    0.00   37.37
12:56:01       3    0.00    0.00    0.00   54.64    0.00    0.00    0.00    0.00    0.00   45.36
12:56:01       4    0.00    0.00    1.02   16.33    0.00    0.00    0.00    0.00    0.00   82.65
12:56:01       5    0.00    0.00    1.01   15.15    0.00    0.00    0.00    0.00    0.00   83.84
12:56:01       6    0.00    0.00    1.00    8.00    0.00    0.00    0.00    0.00    0.00   91.00
12:56:01       7    0.00    0.00    0.00   12.37    0.00    0.00    0.00    0.00    0.00   87.63

12:56:01     CPU    %usr   %nice    %sys %iowait    %irq   %soft  %steal  %guest  %gnice   %idle
12:56:02     all    0.38    0.00    1.01   14.52    0.00    0.00    0.00    0.00    0.00   84.09
12:56:02       0    0.00    0.00    1.02   10.20    0.00    0.00    0.00    0.00    0.00   88.78
12:56:02       1    0.00    0.00    1.01   10.10    0.00    0.00    0.00    0.00    0.00   88.89
12:56:02       2    1.01    0.00    1.01    6.06    0.00    0.00    0.00    0.00    0.00   91.92
12:56:02       3    1.00    0.00    2.00    8.00    0.00    0.00    0.00    0.00    0.00   89.00
12:56:02       4    1.01    0.00    0.00   19.19    0.00    0.00    0.00    0.00    0.00   79.80
12:56:02       5    0.00    0.00    1.01   22.22    0.00    0.00    0.00    0.00    0.00   76.77
12:56:02       6    0.00    0.00    0.00   17.35    0.00    0.00    0.00    0.00    0.00   82.65
12:56:02       7    0.00    0.00    2.00   23.00    0.00    0.00    0.00    0.00    0.00   75.00

12:56:02     CPU    %usr   %nice    %sys %iowait    %irq   %soft  %steal  %guest  %gnice   %idle
12:56:03     all    0.00    0.00    0.76    7.11    0.00    0.00    0.00    0.00    0.00   92.13
12:56:03       0    0.00    0.00    1.01   14.14    0.00    0.00    0.00    0.00    0.00   84.85
12:56:03       1    0.00    0.00    1.02    6.12    0.00    0.00    0.00    0.00    0.00   92.86
12:56:03       2    0.00    0.00    1.00   11.00    0.00    0.00    0.00    0.00    0.00   88.00
12:56:03       3    0.00    0.00    1.02   14.29    0.00    0.00    0.00    0.00    0.00   84.69
12:56:03       4    0.00    0.00    1.01    1.01    0.00    0.00    0.00    0.00    0.00   97.98
12:56:03       5    0.00    0.00    1.02    2.04    0.00    0.00    0.00    0.00    0.00   96.94
12:56:03       6    0.00    0.00    0.00    5.10    0.00    0.00    0.00    0.00    0.00   94.90
12:56:03       7    0.00    0.00    0.00    3.06    0.00    0.00    0.00    0.00    0.00   96.94

12:56:03     CPU    %usr   %nice    %sys %iowait    %irq   %soft  %steal  %guest  %gnice   %idle
12:56:04     all    0.25    0.00    0.89   20.41    0.00    0.13    0.00    0.00    0.00   78.33
12:56:04       0    0.00    0.00    2.02    2.02    0.00    0.00    0.00    0.00    0.00   95.96
12:56:04       1    0.00    0.00    0.00    2.04    0.00    0.00    0.00    0.00    0.00   97.96
12:56:04       2    0.00    0.00    0.00    1.03    0.00    0.00    0.00    0.00    0.00   98.97
12:56:04       3    0.00    0.00    1.01    5.05    0.00    0.00    0.00    0.00    0.00   93.94
12:56:04       4    0.00    0.00    1.00   30.00    0.00    1.00    0.00    0.00    0.00   68.00
12:56:04       5    0.00    0.00    1.02   38.78    0.00    0.00    0.00    0.00    0.00   60.20
12:56:04       6    1.00    0.00    1.00   39.00    0.00    0.00    0.00    0.00    0.00   59.00
12:56:04       7    1.02    0.00    1.02   44.90    0.00    0.00    0.00    0.00    0.00   53.06

12:56:04     CPU    %usr   %nice    %sys %iowait    %irq   %soft  %steal  %guest  %gnice   %idle
12:56:05     all    0.38    0.00    1.01   15.17    0.00    0.00    0.00    0.00    0.00   83.44
12:56:05       0    1.00    0.00    1.00    9.00    0.00    0.00    0.00    0.00    0.00   89.00
12:56:05       1    0.00    0.00    1.01    6.06    0.00    0.00    0.00    0.00    0.00   92.93
12:56:05       2    0.00    0.00    1.01    7.07    0.00    0.00    0.00    0.00    0.00   91.92
12:56:05       3    1.02    0.00    0.00    9.18    0.00    0.00    0.00    0.00    0.00   89.80
12:56:05       4    0.00    0.00    1.01   19.19    0.00    0.00    0.00    0.00    0.00   79.80
12:56:05       5    1.01    0.00    2.02   24.24    0.00    0.00    0.00    0.00    0.00   72.73
12:56:05       6    0.00    0.00    1.01   21.21    0.00    0.00    0.00    0.00    0.00   77.78
12:56:05       7    0.00    0.00    1.02   25.51    0.00    0.00    0.00    0.00    0.00   73.47

12:56:05     CPU    %usr   %nice    %sys %iowait    %irq   %soft  %steal  %guest  %gnice   %idle
12:56:06     all    0.25    0.00    1.02    3.17    0.00    0.00    0.00    0.00    0.00   95.56
12:56:06       0    0.00    0.00    1.02    4.08    0.00    0.00    0.00    0.00    0.00   94.90
12:56:06       1    0.00    0.00    0.00    3.09    0.00    0.00    0.00    0.00    0.00   96.91
12:56:06       2    1.00    0.00    1.00    5.00    0.00    0.00    0.00    0.00    0.00   93.00
12:56:06       3    0.00    0.00    2.04    2.04    0.00    0.00    0.00    0.00    0.00   95.92
12:56:06       4    1.01    0.00    1.01    2.02    0.00    0.00    0.00    0.00    0.00   95.96
12:56:06       5    0.00    0.00    1.01    3.03    0.00    0.00    0.00    0.00    0.00   95.96
12:56:06       6    0.00    0.00    1.01    2.02    0.00    0.00    0.00    0.00    0.00   96.97
12:56:06       7    0.00    0.00    1.02    4.08    0.00    0.00    0.00    0.00    0.00   94.90

12:56:06     CPU    %usr   %nice    %sys %iowait    %irq   %soft  %steal  %guest  %gnice   %idle
12:56:07     all    0.25    0.00    0.64   26.08    0.00    0.00    0.00    0.00    0.00   73.03
12:56:07       0    0.00    0.00    0.00   13.27    0.00    0.00    0.00    0.00    0.00   86.73
12:56:07       1    0.00    0.00    1.02   20.41    0.00    0.00    0.00    0.00    0.00   78.57
12:56:07       2    0.00    0.00    1.01   20.20    0.00    0.00    0.00    0.00    0.00   78.79
12:56:07       3    0.00    0.00    0.00   26.04    0.00    0.00    0.00    0.00    0.00   73.96
12:56:07       4    0.00    0.00    1.02   29.59    0.00    0.00    0.00    0.00    0.00   69.39
12:56:07       5    0.00    0.00    1.01   32.32    0.00    0.00    0.00    0.00    0.00   66.67
12:56:07       6    1.02    0.00    0.00   31.63    0.00    0.00    0.00    0.00    0.00   67.35
12:56:07       7    1.00    0.00    1.00   35.00    0.00    0.00    0.00    0.00    0.00   63.00

12:56:07     CPU    %usr   %nice    %sys %iowait    %irq   %soft  %steal  %guest  %gnice   %idle
12:56:08     all    0.38    0.00    0.50   39.22    0.00    0.00    0.00    0.00    0.00   59.90
12:56:08       0    0.00    0.00    1.01   46.46    0.00    0.00    0.00    0.00    0.00   52.53
12:56:08       1    1.00    0.00    0.00   32.00    0.00    0.00    0.00    0.00    0.00   67.00
12:56:08       2    1.01    0.00    0.00   43.43    0.00    0.00    0.00    0.00    0.00   55.56
12:56:08       3    0.00    0.00    1.01   46.46    0.00    0.00    0.00    0.00    0.00   52.53
12:56:08       4    0.00    0.00    0.00   27.55    0.00    0.00    0.00    0.00    0.00   72.45
12:56:08       5    1.00    0.00    1.00   42.00    0.00    0.00    0.00    0.00    0.00   56.00
12:56:08       6    0.00    0.00    1.00   45.00    0.00    0.00    0.00    0.00    0.00   54.00
12:56:08       7    0.00    0.00    0.00   30.61    0.00    0.00    0.00    0.00    0.00   69.39

12:56:08     CPU    %usr   %nice    %sys %iowait    %irq   %soft  %steal  %guest  %gnice   %idle
12:56:09     all    0.13    0.00    0.76   25.92    0.00    0.00    0.00    0.00    0.00   73.19
12:56:09       0    0.00    0.00    1.02   34.69    0.00    0.00    0.00    0.00    0.00   64.29
12:56:09       1    0.00    0.00    1.02   33.67    0.00    0.00    0.00    0.00    0.00   65.31
12:56:09       2    0.00    0.00    1.01   33.33    0.00    0.00    0.00    0.00    0.00   65.66
12:56:09       3    0.00    0.00    1.02   39.80    0.00    0.00    0.00    0.00    0.00   59.18
12:56:09       4    0.00    0.00    1.01   11.11    0.00    0.00    0.00    0.00    0.00   87.88
12:56:09       5    0.00    0.00    0.00   21.43    0.00    0.00    0.00    0.00    0.00   78.57
12:56:09       6    0.00    0.00    0.00   13.27    0.00    0.00    0.00    0.00    0.00   86.73
12:56:09       7    1.01    0.00    1.01   20.20    0.00    0.00    0.00    0.00    0.00   77.78

12:56:09     CPU    %usr   %nice    %sys %iowait    %irq   %soft  %steal  %guest  %gnice   %idle
12:56:10     all    0.38    0.00    1.14   12.01    0.00    0.00    0.00    0.00    0.00   86.47
12:56:10       0    1.01    0.00    0.00    4.04    0.00    0.00    0.00    0.00    0.00   94.95
12:56:10       1    0.00    0.00    0.00    6.06    0.00    0.00    0.00    0.00    0.00   93.94
12:56:10       2    0.00    0.00    1.01    9.09    0.00    0.00    0.00    0.00    0.00   89.90
12:56:10       3    0.99    0.00    2.97    9.90    0.00    0.00    0.00    0.00    0.00   86.14
12:56:10       4    1.00    0.00    1.00   20.00    0.00    0.00    0.00    0.00    0.00   78.00
12:56:10       5    0.00    0.00    1.02   18.37    0.00    0.00    0.00    0.00    0.00   80.61
12:56:10       6    0.00    0.00    2.04   10.20    0.00    0.00    0.00    0.00    0.00   87.76
12:56:10       7    0.00    0.00    1.03   18.56    0.00    0.00    0.00    0.00    0.00   80.41

12:56:10     CPU    %usr   %nice    %sys %iowait    %irq   %soft  %steal  %guest  %gnice   %idle
12:56:11     all    0.25    0.00    1.13   12.45    0.00    0.13    0.00    0.00    0.00   86.04
12:56:11       0    0.00    0.00    1.96    9.80    0.00    0.98    0.00    0.00    0.00   87.25
12:56:11       1    1.01    0.00    1.01    8.08    0.00    0.00    0.00    0.00    0.00   89.90
12:56:11       2    0.00    0.00    1.00   13.00    0.00    0.00    0.00    0.00    0.00   86.00
12:56:11       3    0.00    0.00    1.02   10.20    0.00    0.00    0.00    0.00    0.00   88.78
12:56:11       4    0.00    0.00    1.02   14.29    0.00    0.00    0.00    0.00    0.00   84.69
12:56:11       5    1.00    0.00    1.00   14.00    0.00    0.00    0.00    0.00    0.00   84.00
12:56:11       6    0.00    0.00    1.00   17.00    0.00    0.00    0.00    0.00    0.00   82.00
12:56:11       7    0.00    0.00    1.02   13.27    0.00    0.00    0.00    0.00    0.00   85.71

12:56:11     CPU    %usr   %nice    %sys %iowait    %irq   %soft  %steal  %guest  %gnice   %idle
12:56:12     all    0.51    0.00    0.89   22.05    0.00    0.00    0.00    0.00    0.00   76.55
12:56:12       0    0.00    0.00    0.00   21.65    0.00    0.00    0.00    0.00    0.00   78.35
12:56:12       1    0.00    0.00    1.01   22.22    0.00    0.00    0.00    0.00    0.00   76.77
12:56:12       2    1.01    0.00    1.01   15.15    0.00    0.00    0.00    0.00    0.00   82.83
12:56:12       3    1.01    0.00    1.01   25.25    0.00    0.00    0.00    0.00    0.00   72.73
12:56:12       4    0.00    0.00    1.02   24.49    0.00    0.00    0.00    0.00    0.00   74.49
12:56:12       5    0.00    0.00    1.02   20.41    0.00    0.00    0.00    0.00    0.00   78.57
12:56:12       6    1.01    0.00    1.01   22.22    0.00    0.00    0.00    0.00    0.00   75.76
12:56:12       7    1.00    0.00    1.00   25.00    0.00    0.00    0.00    0.00    0.00   73.00

12:56:12     CPU    %usr   %nice    %sys %iowait    %irq   %soft  %steal  %guest  %gnice   %idle
12:56:13     all    0.50    0.00    1.50   18.52    0.00    0.00    0.00    0.00    0.00   79.47
12:56:13       0    0.99    0.00    1.98   23.76    0.00    0.00    0.00    0.00    0.00   73.27
12:56:13       1    1.00    0.00    2.00   28.00    0.00    0.00    0.00    0.00    0.00   69.00
12:56:13       2    0.00    0.00    1.01   36.36    0.00    0.00    0.00    0.00    0.00   62.63
12:56:13       3    0.00    0.00    2.04   35.71    0.00    0.00    0.00    0.00    0.00   62.24
12:56:13       4    0.99    0.00    0.99    6.93    0.00    0.00    0.00    0.00    0.00   91.09
12:56:13       5    0.99    0.00    0.99    3.96    0.00    0.00    0.00    0.00    0.00   94.06
12:56:13       6    0.00    0.00    1.01    6.06    0.00    0.00    0.00    0.00    0.00   92.93
12:56:13       7    0.00    0.00    2.00    8.00    0.00    0.00    0.00    0.00    0.00   90.00

12:56:13     CPU    %usr   %nice    %sys %iowait    %irq   %soft  %steal  %guest  %gnice   %idle
12:56:14     all    0.13    0.00    1.14   31.56    0.00    0.00    0.00    0.00    0.00   67.17
12:56:14       0    0.00    0.00    1.01   36.36    0.00    0.00    0.00    0.00    0.00   62.63
12:56:14       1    0.00    0.00    1.01   33.33    0.00    0.00    0.00    0.00    0.00   65.66
12:56:14       2    0.00    0.00    1.02   27.55    0.00    0.00    0.00    0.00    0.00   71.43
12:56:14       3    0.00    0.00    1.02   32.65    0.00    0.00    0.00    0.00    0.00   66.33
12:56:14       4    0.00    0.00    1.02   25.51    0.00    0.00    0.00    0.00    0.00   73.47
12:56:14       5    0.00    0.00    1.01   31.31    0.00    0.00    0.00    0.00    0.00   67.68
12:56:14       6    0.00    0.00    1.01   32.32    0.00    0.00    0.00    0.00    0.00   66.67
12:56:14       7    1.01    0.00    2.02   33.33    0.00    0.00    0.00    0.00    0.00   63.64

12:56:14     CPU    %usr   %nice    %sys %iowait    %irq   %soft  %steal  %guest  %gnice   %idle
12:56:15     all    0.50    0.00    1.26    2.39    0.00    0.00    0.00    0.00    0.00   95.85
12:56:15       0    0.00    0.00    1.02    3.06    0.00    0.00    0.00    0.00    0.00   95.92
12:56:15       1    0.00    0.00    1.01    2.02    0.00    0.00    0.00    0.00    0.00   96.97
12:56:15       2    1.00    0.00    1.00    3.00    0.00    0.00    0.00    0.00    0.00   95.00
12:56:15       3    0.99    0.00    2.97    2.97    0.00    0.00    0.00    0.00    0.00   93.07
12:56:15       4    1.00    0.00    1.00    2.00    0.00    0.00    0.00    0.00    0.00   96.00
12:56:15       5    0.00    0.00    1.02    1.02    0.00    0.00    0.00    0.00    0.00   97.96
12:56:15       6    0.00    0.00    1.00    4.00    0.00    0.00    0.00    0.00    0.00   95.00
12:56:15       7    1.01    0.00    1.01    1.01    0.00    0.00    0.00    0.00    0.00   96.97

12:56:15     CPU    %usr   %nice    %sys %iowait    %irq   %soft  %steal  %guest  %gnice   %idle
12:56:16     all    0.76    0.00    0.88    3.27    0.00    0.25    0.00    0.00    0.00   94.84
12:56:16       0    1.00    0.00    1.00    6.00    0.00    0.00    0.00    0.00    0.00   92.00
12:56:16       1    1.00    0.00    1.00    2.00    0.00    1.00    0.00    0.00    0.00   95.00
12:56:16       2    0.00    0.00    2.02    4.04    0.00    0.00    0.00    0.00    0.00   93.94
12:56:16       3    1.02    0.00    0.00    4.08    0.00    1.02    0.00    0.00    0.00   93.88
12:56:16       4    1.01    0.00    1.01    2.02    0.00    0.00    0.00    0.00    0.00   95.96
12:56:16       5    1.00    0.00    1.00    4.00    0.00    0.00    0.00    0.00    0.00   94.00
12:56:16       6    1.01    0.00    0.00    2.02    0.00    0.00    0.00    0.00    0.00   96.97
12:56:16       7    0.00    0.00    1.01    2.02    0.00    0.00    0.00    0.00    0.00   96.97

12:56:16     CPU    %usr   %nice    %sys %iowait    %irq   %soft  %steal  %guest  %gnice   %idle
12:56:17     all    0.13    0.00    1.27    3.68    0.00    0.00    0.00    0.00    0.00   94.92
12:56:17       0    0.00    0.00    1.02    3.06    0.00    0.00    0.00    0.00    0.00   95.92
12:56:17       1    0.00    0.00    1.01    3.03    0.00    0.00    0.00    0.00    0.00   95.96
12:56:17       2    0.00    0.00    1.01    3.03    0.00    0.00    0.00    0.00    0.00   95.96
12:56:17       3    0.00    0.00    1.01    3.03    0.00    0.00    0.00    0.00    0.00   95.96
12:56:17       4    0.00    0.00    1.03    5.15    0.00    0.00    0.00    0.00    0.00   93.81
12:56:17       5    0.00    0.00    2.04    3.06    0.00    0.00    0.00    0.00    0.00   94.90
12:56:17       6    0.00    0.00    1.02    4.08    0.00    0.00    0.00    0.00    0.00   94.90
12:56:17       7    1.01    0.00    2.02    5.05    0.00    0.00    0.00    0.00    0.00   91.92

12:56:17     CPU    %usr   %nice    %sys %iowait    %irq   %soft  %steal  %guest  %gnice   %idle
12:56:18     all    0.38    0.00    1.01   12.93    0.00    0.00    0.00    0.00    0.00   85.68
12:56:18       0    1.00    0.00    1.00   16.00    0.00    0.00    0.00    0.00    0.00   82.00
12:56:18       1    1.02    0.00    1.02   15.31    0.00    0.00    0.00    0.00    0.00   82.65
12:56:18       2    0.00    0.00    1.02   17.35    0.00    0.00    0.00    0.00    0.00   81.63
12:56:18       3    0.00    0.00    2.04   22.45    0.00    0.00    0.00    0.00    0.00   75.51
12:56:18       4    0.00    0.00    1.01    9.09    0.00    0.00    0.00    0.00    0.00   89.90
12:56:18       5    0.00    0.00    1.01    7.07    0.00    0.00    0.00    0.00    0.00   91.92
12:56:18       6    1.00    0.00    1.00    6.00    0.00    0.00    0.00    0.00    0.00   92.00
12:56:18       7    0.00    0.00    0.00   10.31    0.00    0.00    0.00    0.00    0.00   89.69

12:56:18     CPU    %usr   %nice    %sys %iowait    %irq   %soft  %steal  %guest  %gnice   %idle
12:56:19     all    0.38    0.00    1.01   20.53    0.00    0.00    0.00    0.00    0.00   78.09
12:56:19       0    0.00    0.00    1.01   13.13    0.00    0.00    0.00    0.00    0.00   85.86
12:56:19       1    0.00    0.00    1.00    3.00    0.00    0.00    0.00    0.00    0.00   96.00
12:56:19       2    0.99    0.00    0.99   10.89    0.00    0.00    0.00    0.00    0.00   87.13
12:56:19       3    1.01    0.00    1.01    8.08    0.00    0.00    0.00    0.00    0.00   89.90
12:56:19       4    0.00    0.00    1.01   32.32    0.00    0.00    0.00    0.00    0.00   66.67
12:56:19       5    0.00    0.00    1.01   33.33    0.00    0.00    0.00    0.00    0.00   65.66
12:56:19       6    0.00    0.00    1.02   34.69    0.00    0.00    0.00    0.00    0.00   64.29
12:56:19       7    1.01    0.00    1.01   29.29    0.00    0.00    0.00    0.00    0.00   68.69

12:56:19     CPU    %usr   %nice    %sys %iowait    %irq   %soft  %steal  %guest  %gnice   %idle
12:56:20     all    0.13    0.00    1.02    9.15    0.00    0.00    0.00    0.00    0.00   89.71
12:56:20       0    0.00    0.00    0.00   11.34    0.00    0.00    0.00    0.00    0.00   88.66
12:56:20       1    0.00    0.00    1.02    6.12    0.00    0.00    0.00    0.00    0.00   92.86
12:56:20       2    0.00    0.00    1.01   12.12    0.00    0.00    0.00    0.00    0.00   86.87
12:56:20       3    0.00    0.00    2.02   14.14    0.00    0.00    0.00    0.00    0.00   83.84
12:56:20       4    0.00    0.00    1.02    7.14    0.00    0.00    0.00    0.00    0.00   91.84
12:56:20       5    1.01    0.00    1.01    8.08    0.00    0.00    0.00    0.00    0.00   89.90
12:56:20       6    0.00    0.00    1.01    7.07    0.00    0.00    0.00    0.00    0.00   91.92
12:56:20       7    0.00    0.00    1.02    7.14    0.00    0.00    0.00    0.00    0.00   91.84

12:56:20     CPU    %usr   %nice    %sys %iowait    %irq   %soft  %steal  %guest  %gnice   %idle
12:56:21     all    0.25    0.00    0.63    8.24    0.00    0.13    0.00    0.00    0.00   90.75
12:56:21       0    0.00    0.00    1.02   10.20    0.00    0.00    0.00    0.00    0.00   88.78
12:56:21       1    0.00    0.00    0.00   10.20    0.00    0.00    0.00    0.00    0.00   89.80
12:56:21       2    0.00    0.00    1.02   12.24    0.00    0.00    0.00    0.00    0.00   86.73
12:56:21       3    0.00    0.00    1.02   11.22    0.00    0.00    0.00    0.00    0.00   87.76
12:56:21       4    1.01    0.00    0.00    4.04    0.00    0.00    0.00    0.00    0.00   94.95
12:56:21       5    0.00    0.00    0.00    5.05    0.00    1.01    0.00    0.00    0.00   93.94
12:56:21       6    1.00    0.00    1.00    7.00    0.00    0.00    0.00    0.00    0.00   91.00
12:56:21       7    0.00    0.00    1.01    6.06    0.00    0.00    0.00    0.00    0.00   92.93

12:56:21     CPU    %usr   %nice    %sys %iowait    %irq   %soft  %steal  %guest  %gnice   %idle
12:56:22     all    0.25    0.00    0.89   11.96    0.00    0.00    0.00    0.00    0.00   86.90
12:56:22       0    1.00    0.00    1.00    9.00    0.00    0.00    0.00    0.00    0.00   89.00
12:56:22       1    1.01    0.00    1.01   10.10    0.00    0.00    0.00    0.00    0.00   87.88
12:56:22       2    0.00    0.00    1.01    6.06    0.00    0.00    0.00    0.00    0.00   92.93
12:56:22       3    0.00    0.00    0.00    9.28    0.00    0.00    0.00    0.00    0.00   90.72
12:56:22       4    0.00    0.00    1.02   11.22    0.00    0.00    0.00    0.00    0.00   87.76
12:56:22       5    0.00    0.00    1.02   12.24    0.00    0.00    0.00    0.00    0.00   86.73
12:56:22       6    0.00    0.00    1.02   17.35    0.00    0.00    0.00    0.00    0.00   81.63
12:56:22       7    0.00    0.00    1.03   20.62    0.00    0.00    0.00    0.00    0.00   78.35

12:56:22     CPU    %usr   %nice    %sys %iowait    %irq   %soft  %steal  %guest  %gnice   %idle
12:56:23     all    0.25    0.00    0.64    7.88    0.00    0.13    0.00    0.00    0.00   91.11
12:56:23       0    0.00    0.00    0.00   13.40    0.00    0.00    0.00    0.00    0.00   86.60
12:56:23       1    0.00    0.00    1.03   10.31    0.00    0.00    0.00    0.00    0.00   88.66
12:56:23       2    0.00    0.00    0.00   12.12    0.00    1.01    0.00    0.00    0.00   86.87
12:56:23       3    0.00    0.00    1.02   14.29    0.00    0.00    0.00    0.00    0.00   84.69
12:56:23       4    0.00    0.00    1.02    4.08    0.00    0.00    0.00    0.00    0.00   94.90
12:56:23       5    1.00    0.00    1.00    2.00    0.00    0.00    0.00    0.00    0.00   96.00
12:56:23       6    0.00    0.00    0.00    3.06    0.00    0.00    0.00    0.00    0.00   96.94
12:56:23       7    1.00    0.00    1.00    4.00    0.00    0.00    0.00    0.00    0.00   94.00

12:56:23     CPU    %usr   %nice    %sys %iowait    %irq   %soft  %steal  %guest  %gnice   %idle
12:56:24     all    0.13    0.00    0.76    7.61    0.00    0.00    0.00    0.00    0.00   91.50
12:56:24       0    0.00    0.00    1.02    3.06    0.00    0.00    0.00    0.00    0.00   95.92
12:56:24       1    0.00    0.00    0.00    5.10    0.00    0.00    0.00    0.00    0.00   94.90
12:56:24       2    0.00    0.00    1.01    5.05    0.00    0.00    0.00    0.00    0.00   93.94
12:56:24       3    1.01    0.00    1.01    4.04    0.00    0.00    0.00    0.00    0.00   93.94
12:56:24       4    0.00    0.00    1.00    9.00    0.00    0.00    0.00    0.00    0.00   90.00
12:56:24       5    0.00    0.00    1.01    8.08    0.00    0.00    0.00    0.00    0.00   90.91
12:56:24       6    0.00    0.00    1.01   14.14    0.00    0.00    0.00    0.00    0.00   84.85
12:56:24       7    0.00    0.00    0.00   12.50    0.00    0.00    0.00    0.00    0.00   87.50

12:56:24     CPU    %usr   %nice    %sys %iowait    %irq   %soft  %steal  %guest  %gnice   %idle
12:56:25     all    0.13    0.00    0.89    8.40    0.00    0.00    0.00    0.00    0.00   90.59
12:56:25       0    0.00    0.00    1.02    5.10    0.00    0.00    0.00    0.00    0.00   93.88
12:56:25       1    0.00    0.00    1.00    3.00    0.00    0.00    0.00    0.00    0.00   96.00
12:56:25       2    1.00    0.00    1.00    5.00    0.00    0.00    0.00    0.00    0.00   93.00
12:56:25       3    0.00    0.00    1.03    4.12    0.00    0.00    0.00    0.00    0.00   94.85
12:56:25       4    0.00    0.00    0.00    9.28    0.00    0.00    0.00    0.00    0.00   90.72
12:56:25       5    0.00    0.00    1.02   13.27    0.00    0.00    0.00    0.00    0.00   85.71
12:56:25       6    0.00    0.00    1.01   14.14    0.00    0.00    0.00    0.00    0.00   84.85
12:56:25       7    0.00    0.00    1.03   13.40    0.00    0.00    0.00    0.00    0.00   85.57

12:56:25     CPU    %usr   %nice    %sys %iowait    %irq   %soft  %steal  %guest  %gnice   %idle
12:56:26     all    0.38    0.00    1.00   31.37    0.00    0.13    0.00    0.00    0.00   67.13
12:56:26       0    1.00    0.00    1.00   30.00    0.00    0.00    0.00    0.00    0.00   68.00
12:56:26       1    0.00    0.00    0.00   29.59    0.00    0.00    0.00    0.00    0.00   70.41
12:56:26       2    0.00    0.00    0.00   19.19    0.00    0.00    0.00    0.00    0.00   80.81
12:56:26       3    1.00    0.00    2.00   38.00    0.00    0.00    0.00    0.00    0.00   59.00
12:56:26       4    0.00    0.00    1.01   40.40    0.00    0.00    0.00    0.00    0.00   58.59
12:56:26       5    0.00    0.00    1.00   25.00    0.00    0.00    0.00    0.00    0.00   74.00
12:56:26       6    0.99    0.00    0.99   29.70    0.00    0.99    0.00    0.00    0.00   67.33
12:56:26       7    0.00    0.00    2.00   39.00    0.00    0.00    0.00    0.00    0.00   59.00

12:56:26     CPU    %usr   %nice    %sys %iowait    %irq   %soft  %steal  %guest  %gnice   %idle
12:56:27     all    0.25    0.00    0.76   40.96    0.00    0.00    0.00    0.00    0.00   58.03
12:56:27       0    0.00    0.00    1.01   53.54    0.00    0.00    0.00    0.00    0.00   45.45
12:56:27       1    0.00    0.00    1.01   46.46    0.00    0.00    0.00    0.00    0.00   52.53
12:56:27       2    0.00    0.00    1.01   48.48    0.00    0.00    0.00    0.00    0.00   50.51
12:56:27       3    0.00    0.00    0.00   51.02    0.00    0.00    0.00    0.00    0.00   48.98
12:56:27       4    1.01    0.00    1.01   36.36    0.00    0.00    0.00    0.00    0.00   61.62
12:56:27       5    0.00    0.00    1.01   32.32    0.00    0.00    0.00    0.00    0.00   66.67
12:56:27       6    0.00    0.00    0.00   28.57    0.00    0.00    0.00    0.00    0.00   71.43
12:56:27       7    1.00    0.00    1.00   31.00    0.00    0.00    0.00    0.00    0.00   67.00

12:56:27     CPU    %usr   %nice    %sys %iowait    %irq   %soft  %steal  %guest  %gnice   %idle
12:56:28     all    0.25    0.00    0.63   41.16    0.00    0.00    0.00    0.00    0.00   57.95
12:56:28       0    0.00    0.00    1.01   68.69    0.00    0.00    0.00    0.00    0.00   30.30
12:56:28       1    1.01    0.00    0.00   54.55    0.00    0.00    0.00    0.00    0.00   44.44
12:56:28       2    0.00    0.00    1.01   56.57    0.00    0.00    0.00    0.00    0.00   42.42
12:56:28       3    0.00    0.00    1.01   66.67    0.00    0.00    0.00    0.00    0.00   32.32
12:56:28       4    0.00    0.00    1.01   25.25    0.00    0.00    0.00    0.00    0.00   73.74
12:56:28       5    1.01    0.00    0.00   14.14    0.00    0.00    0.00    0.00    0.00   84.85
12:56:28       6    0.00    0.00    1.00   16.00    0.00    0.00    0.00    0.00    0.00   83.00
12:56:28       7    0.00    0.00    0.00   27.55    0.00    0.00    0.00    0.00    0.00   72.45

12:56:28     CPU    %usr   %nice    %sys %iowait    %irq   %soft  %steal  %guest  %gnice   %idle
12:56:29     all    0.25    0.00    0.51   40.83    0.00    0.00    0.00    0.00    0.00   58.41
12:56:29       0    0.00    0.00    0.00   34.69    0.00    0.00    0.00    0.00    0.00   65.31
12:56:29       1    0.00    0.00    1.00   38.00    0.00    0.00    0.00    0.00    0.00   61.00
12:56:29       2    1.01    0.00    0.00   46.46    0.00    0.00    0.00    0.00    0.00   52.53
12:56:29       3    1.02    0.00    1.02   42.86    0.00    0.00    0.00    0.00    0.00   55.10
12:56:29       4    0.00    0.00    1.00   51.00    0.00    0.00    0.00    0.00    0.00   48.00
12:56:29       5    0.00    0.00    0.00   37.37    0.00    0.00    0.00    0.00    0.00   62.63
12:56:29       6    0.00    0.00    0.00   36.73    0.00    0.00    0.00    0.00    0.00   63.27
12:56:29       7    0.00    0.00    1.01   39.39    0.00    0.00    0.00    0.00    0.00   59.60

12:56:29     CPU    %usr   %nice    %sys %iowait    %irq   %soft  %steal  %guest  %gnice   %idle
12:56:30     all    0.13    0.00    0.76   38.78    0.00    0.00    0.00    0.00    0.00   60.33
12:56:30       0    0.00    0.00    1.02   28.57    0.00    0.00    0.00    0.00    0.00   70.41
12:56:30       1    0.00    0.00    0.00   19.39    0.00    0.00    0.00    0.00    0.00   80.61
12:56:30       2    0.00    0.00    1.01   30.30    0.00    0.00    0.00    0.00    0.00   68.69
12:56:30       3    0.00    0.00    1.00   39.00    0.00    0.00    0.00    0.00    0.00   60.00
12:56:30       4    1.02    0.00    0.00   50.00    0.00    0.00    0.00    0.00    0.00   48.98
12:56:30       5    0.00    0.00    1.01   41.41    0.00    0.00    0.00    0.00    0.00   57.58
12:56:30       6    0.00    0.00    1.01   47.47    0.00    0.00    0.00    0.00    0.00   51.52
12:56:30       7    0.00    0.00    1.02   54.08    0.00    0.00    0.00    0.00    0.00   44.90

12:56:30     CPU    %usr   %nice    %sys %iowait    %irq   %soft  %steal  %guest  %gnice   %idle
12:56:31     all    0.13    0.00    0.38   41.24    0.00    0.00    0.00    0.00    0.00   58.25
12:56:31       0    1.00    0.00    0.00   28.00    0.00    0.00    0.00    0.00    0.00   71.00
12:56:31       1    0.00    0.00    0.00   17.35    0.00    0.00    0.00    0.00    0.00   82.65
12:56:31       2    0.00    0.00    1.00   24.00    0.00    0.00    0.00    0.00    0.00   75.00
12:56:31       3    0.00    0.00    0.00   33.33    0.00    0.00    0.00    0.00    0.00   66.67
12:56:31       4    0.00    0.00    1.01   58.59    0.00    0.00    0.00    0.00    0.00   40.40
12:56:31       5    0.00    0.00    1.01   58.59    0.00    0.00    0.00    0.00    0.00   40.40
12:56:31       6    0.00    0.00    0.00   48.98    0.00    0.00    0.00    0.00    0.00   51.02
12:56:31       7    0.00    0.00    0.00   61.22    0.00    0.00    0.00    0.00    0.00   38.78

12:56:31     CPU    %usr   %nice    %sys %iowait    %irq   %soft  %steal  %guest  %gnice   %idle
12:56:32     all    0.25    0.00    0.76   39.97    0.00    0.00    0.00    0.00    0.00   59.02
12:56:32       0    0.00    0.00    1.01   28.28    0.00    0.00    0.00    0.00    0.00   70.71
12:56:32       1    0.00    0.00    1.00   37.00    0.00    0.00    0.00    0.00    0.00   62.00
12:56:32       2    0.00    0.00    0.00   23.47    0.00    0.00    0.00    0.00    0.00   76.53
12:56:32       3    1.00    0.00    1.00   48.00    0.00    0.00    0.00    0.00    0.00   50.00
12:56:32       4    0.00    0.00    1.02   53.06    0.00    0.00    0.00    0.00    0.00   45.92
12:56:32       5    0.00    0.00    0.00   39.39    0.00    0.00    0.00    0.00    0.00   60.61
12:56:32       6    0.00    0.00    1.00   43.00    0.00    0.00    0.00    0.00    0.00   56.00
12:56:32       7    1.01    0.00    1.01   47.47    0.00    0.00    0.00    0.00    0.00   50.51

12:56:32     CPU    %usr   %nice    %sys %iowait    %irq   %soft  %steal  %guest  %gnice   %idle
12:56:33     all    0.13    0.00    0.51   41.34    0.00    0.13    0.00    0.00    0.00   57.90
12:56:33       0    0.00    0.00    0.00   67.35    0.00    0.00    0.00    0.00    0.00   32.65
12:56:33       1    0.00    0.00    1.02   54.08    0.00    0.00    0.00    0.00    0.00   44.90
12:56:33       2    0.00    0.00    1.01   60.61    0.00    0.00    0.00    0.00    0.00   38.38
12:56:33       3    0.00    0.00    0.00   61.62    0.00    0.00    0.00    0.00    0.00   38.38
12:56:33       4    0.00    0.00    1.00   18.00    0.00    1.00    0.00    0.00    0.00   80.00
12:56:33       5    0.00    0.00    1.01   20.20    0.00    0.00    0.00    0.00    0.00   78.79
12:56:33       6    1.01    0.00    0.00   23.23    0.00    0.00    0.00    0.00    0.00   75.76
12:56:33       7    0.00    0.00    0.00   26.26    0.00    0.00    0.00    0.00    0.00   73.74

12:56:33     CPU    %usr   %nice    %sys %iowait    %irq   %soft  %steal  %guest  %gnice   %idle
12:56:34     all    0.00    0.00    0.63   44.30    0.00    0.00    0.00    0.00    0.00   55.06
12:56:34       0    0.00    0.00    1.01   52.53    0.00    0.00    0.00    0.00    0.00   46.46
12:56:34       1    0.00    0.00    0.00   40.82    0.00    0.00    0.00    0.00    0.00   59.18
12:56:34       2    0.00    0.00    0.00   49.49    0.00    0.00    0.00    0.00    0.00   50.51
12:56:34       3    0.00    0.00    1.02   51.02    0.00    0.00    0.00    0.00    0.00   47.96
12:56:34       4    0.00    0.00    1.01   40.40    0.00    0.00    0.00    0.00    0.00   58.59
12:56:34       5    0.00    0.00    0.00   46.94    0.00    0.00    0.00    0.00    0.00   53.06
12:56:34       6    0.00    0.00    1.00   35.00    0.00    0.00    0.00    0.00    0.00   64.00
12:56:34       7    0.00    0.00    1.01   38.38    0.00    0.00    0.00    0.00    0.00   60.61

12:56:34     CPU    %usr   %nice    %sys %iowait    %irq   %soft  %steal  %guest  %gnice   %idle
12:56:35     all    0.25    0.00    0.63   38.38    0.00    0.00    0.00    0.00    0.00   60.73
12:56:35       0    0.00    0.00    1.01   28.28    0.00    0.00    0.00    0.00    0.00   70.71
12:56:35       1    0.00    0.00    0.00   14.14    0.00    0.00    0.00    0.00    0.00   85.86
12:56:35       2    0.00    0.00    0.00   27.55    0.00    0.00    0.00    0.00    0.00   72.45
12:56:35       3    0.00    0.00    1.01   29.29    0.00    0.00    0.00    0.00    0.00   69.70
12:56:35       4    1.00    0.00    1.00   60.00    0.00    0.00    0.00    0.00    0.00   38.00
12:56:35       5    1.00    0.00    1.00   62.00    0.00    0.00    0.00    0.00    0.00   36.00
12:56:35       6    0.00    0.00    0.00   38.78    0.00    0.00    0.00    0.00    0.00   61.22
12:56:35       7    0.00    0.00    1.01   46.46    0.00    0.00    0.00    0.00    0.00   52.53

12:56:35     CPU    %usr   %nice    %sys %iowait    %irq   %soft  %steal  %guest  %gnice   %idle
12:56:36     all    0.25    0.00    0.63   39.02    0.00    0.00    0.00    0.00    0.00   60.10
12:56:36       0    0.00    0.00    1.01   35.35    0.00    0.00    0.00    0.00    0.00   63.64
12:56:36       1    0.00    0.00    1.00   35.00    0.00    0.00    0.00    0.00    0.00   64.00
12:56:36       2    1.00    0.00    1.00   28.00    0.00    0.00    0.00    0.00    0.00   70.00
12:56:36       3    0.00    0.00    0.00   36.08    0.00    0.00    0.00    0.00    0.00   63.92
12:56:36       4    0.00    0.00    1.01   51.52    0.00    0.00    0.00    0.00    0.00   47.47
12:56:36       5    0.00    0.00    0.00   30.30    0.00    0.00    0.00    0.00    0.00   69.70
12:56:36       6    0.00    0.00    0.00   47.47    0.00    0.00    0.00    0.00    0.00   52.53
12:56:36       7    1.01    0.00    1.01   48.48    0.00    0.00    0.00    0.00    0.00   49.49

12:56:36     CPU    %usr   %nice    %sys %iowait    %irq   %soft  %steal  %guest  %gnice   %idle
12:56:37     all    0.25    0.00    0.51   40.05    0.00    0.00    0.00    0.00    0.00   59.19
12:56:37       0    0.00    0.00    0.00   36.73    0.00    0.00    0.00    0.00    0.00   63.27
12:56:37       1    1.01    0.00    0.00   30.30    0.00    0.00    0.00    0.00    0.00   68.69
12:56:37       2    0.00    0.00    0.00   35.35    0.00    0.00    0.00    0.00    0.00   64.65
12:56:37       3    1.00    0.00    1.00   48.00    0.00    0.00    0.00    0.00    0.00   50.00
12:56:37       4    0.00    0.00    0.00   40.82    0.00    0.00    0.00    0.00    0.00   59.18
12:56:37       5    0.00    0.00    1.02   43.88    0.00    0.00    0.00    0.00    0.00   55.10
12:56:37       6    0.00    0.00    2.02   44.44    0.00    0.00    0.00    0.00    0.00   53.54
12:56:37       7    0.00    0.00    0.00   40.82    0.00    0.00    0.00    0.00    0.00   59.18

12:56:37     CPU    %usr   %nice    %sys %iowait    %irq   %soft  %steal  %guest  %gnice   %idle
12:56:38     all    0.00    0.00    0.63   38.61    0.00    0.00    0.00    0.00    0.00   60.76
12:56:38       0    0.00    0.00    1.01   26.26    0.00    0.00    0.00    0.00    0.00   72.73
12:56:38       1    0.00    0.00    0.00   18.37    0.00    0.00    0.00    0.00    0.00   81.63
12:56:38       2    0.00    0.00    1.01   15.15    0.00    0.00    0.00    0.00    0.00   83.84
12:56:38       3    0.00    0.00    1.00   26.00    0.00    0.00    0.00    0.00    0.00   73.00
12:56:38       4    0.00    0.00    1.01   58.59    0.00    0.00    0.00    0.00    0.00   40.40
12:56:38       5    0.00    0.00    0.00   50.00    0.00    0.00    0.00    0.00    0.00   50.00
12:56:38       6    0.00    0.00    0.00   53.06    0.00    0.00    0.00    0.00    0.00   46.94
12:56:38       7    0.00    0.00    1.01   61.62    0.00    0.00    0.00    0.00    0.00   37.37

12:56:38     CPU    %usr   %nice    %sys %iowait    %irq   %soft  %steal  %guest  %gnice   %idle
12:56:39     all    0.25    0.00    0.51   39.16    0.00    0.00    0.00    0.00    0.00   60.08
12:56:39       0    1.00    0.00    1.00   55.00    0.00    0.00    0.00    0.00    0.00   43.00
12:56:39       1    0.00    0.00    1.01   53.54    0.00    0.00    0.00    0.00    0.00   45.45
12:56:39       2    0.00    0.00    0.00   48.48    0.00    0.00    0.00    0.00    0.00   51.52
12:56:39       3    0.00    0.00    0.00   64.95    0.00    0.00    0.00    0.00    0.00   35.05
12:56:39       4    0.00    0.00    0.00   23.71    0.00    0.00    0.00    0.00    0.00   76.29
12:56:39       5    0.00    0.00    1.01   10.10    0.00    0.00    0.00    0.00    0.00   88.89
12:56:39       6    0.00    0.00    0.00   23.23    0.00    0.00    0.00    0.00    0.00   76.77
12:56:39       7    1.01    0.00    1.01   34.34    0.00    0.00    0.00    0.00    0.00   63.64

12:56:39     CPU    %usr   %nice    %sys %iowait    %irq   %soft  %steal  %guest  %gnice   %idle
12:56:40     all    0.13    0.00    1.01   38.01    0.00    0.00    0.00    0.00    0.00   60.86
12:56:40       0    0.00    0.00    1.02   55.10    0.00    0.00    0.00    0.00    0.00   43.88
12:56:40       1    0.00    0.00    0.00   45.36    0.00    0.00    0.00    0.00    0.00   54.64
12:56:40       2    0.00    0.00    1.01   33.33    0.00    0.00    0.00    0.00    0.00   65.66
12:56:40       3    0.00    0.00    1.01   44.44    0.00    0.00    0.00    0.00    0.00   54.55
12:56:40       4    1.00    0.00    1.00   38.00    0.00    0.00    0.00    0.00    0.00   60.00
12:56:40       5    0.00    0.00    0.99   25.74    0.00    0.00    0.00    0.00    0.00   73.27
12:56:40       6    0.00    0.00    2.00   25.00    0.00    0.00    0.00    0.00    0.00   73.00
12:56:40       7    0.00    0.00    1.02   37.76    0.00    0.00    0.00    0.00    0.00   61.22

12:56:40     CPU    %usr   %nice    %sys %iowait    %irq   %soft  %steal  %guest  %gnice   %idle
12:56:41     all    0.00    0.00    0.63   38.10    0.00    0.00    0.00    0.00    0.00   61.27
12:56:41       0    0.00    0.00    1.01   62.63    0.00    0.00    0.00    0.00    0.00   36.36
12:56:41       1    0.00    0.00    1.00   46.00    0.00    0.00    0.00    0.00    0.00   53.00
12:56:41       2    0.00    0.00    0.00   54.08    0.00    0.00    0.00    0.00    0.00   45.92
12:56:41       3    0.00    0.00    1.01   56.57    0.00    0.00    0.00    0.00    0.00   42.42
12:56:41       4    0.00    0.00    1.01   29.29    0.00    0.00    0.00    0.00    0.00   69.70
12:56:41       5    0.00    0.00    1.02   17.35    0.00    0.00    0.00    0.00    0.00   81.63
12:56:41       6    0.00    0.00    0.00   12.12    0.00    0.00    0.00    0.00    0.00   87.88
12:56:41       7    0.00    0.00    0.00   26.53    0.00    0.00    0.00    0.00    0.00   73.47

12:56:41     CPU    %usr   %nice    %sys %iowait    %irq   %soft  %steal  %guest  %gnice   %idle
12:56:42     all    0.62    0.00    1.37   39.95    0.00    0.00    0.00    0.00    0.00   58.05
12:56:42       0    0.00    0.00    1.01   21.21    0.00    0.00    0.00    0.00    0.00   77.78
12:56:42       1    0.00    0.00    1.01   37.37    0.00    0.00    0.00    0.00    0.00   61.62
12:56:42       2    0.00    0.00    2.00   46.00    0.00    0.00    0.00    0.00    0.00   52.00
12:56:42       3    1.00    0.00    1.00   46.00    0.00    0.00    0.00    0.00    0.00   52.00
12:56:42       4    1.00    0.00    1.00   43.00    0.00    0.00    0.00    0.00    0.00   55.00
12:56:42       5    0.99    0.00    0.99   42.57    0.00    0.00    0.00    0.00    0.00   55.45
12:56:42       6    0.99    0.00    1.98   36.63    0.00    0.00    0.00    0.00    0.00   60.40
12:56:42       7    0.99    0.00    1.98   46.53    0.00    0.00    0.00    0.00    0.00   50.50

12:56:42     CPU    %usr   %nice    %sys %iowait    %irq   %soft  %steal  %guest  %gnice   %idle
12:56:43     all    0.13    0.00    1.13   38.66    0.00    0.00    0.00    0.00    0.00   60.08
12:56:43       0    0.00    0.00    1.01   35.35    0.00    0.00    0.00    0.00    0.00   63.64
12:56:43       1    1.00    0.00    1.00   25.00    0.00    0.00    0.00    0.00    0.00   73.00
12:56:43       2    0.00    0.00    1.01   34.34    0.00    0.00    0.00    0.00    0.00   64.65
12:56:43       3    0.00    0.00    1.01   41.41    0.00    0.00    0.00    0.00    0.00   57.58
12:56:43       4    0.00    0.00    1.01   45.45    0.00    0.00    0.00    0.00    0.00   53.54
12:56:43       5    0.00    0.00    1.01   44.44    0.00    0.00    0.00    0.00    0.00   54.55
12:56:43       6    0.00    0.00    1.01   40.40    0.00    0.00    0.00    0.00    0.00   58.59
12:56:43       7    0.00    0.00    2.00   43.00    0.00    0.00    0.00    0.00    0.00   55.00

12:56:43     CPU    %usr   %nice    %sys %iowait    %irq   %soft  %steal  %guest  %gnice   %idle
12:56:44     all    0.25    0.00    1.01   37.96    0.00    0.00    0.00    0.00    0.00   60.78
12:56:44       0    1.00    0.00    1.00   67.00    0.00    0.00    0.00    0.00    0.00   31.00
12:56:44       1    0.00    0.00    1.01   58.59    0.00    0.00    0.00    0.00    0.00   40.40
12:56:44       2    0.99    0.00    0.99   57.43    0.00    0.00    0.00    0.00    0.00   40.59
12:56:44       3    0.00    0.00    2.02   71.72    0.00    0.00    0.00    0.00    0.00   26.26
12:56:44       4    0.00    0.00    0.00   12.24    0.00    0.00    0.00    0.00    0.00   87.76
12:56:44       5    0.00    0.00    1.01   12.12    0.00    0.00    0.00    0.00    0.00   86.87
12:56:44       6    0.00    0.00    1.01   11.11    0.00    0.00    0.00    0.00    0.00   87.88
12:56:44       7    0.00    0.00    1.02   12.24    0.00    0.00    0.00    0.00    0.00   86.73

12:56:44     CPU    %usr   %nice    %sys %iowait    %irq   %soft  %steal  %guest  %gnice   %idle
12:56:45     all    0.50    0.00    1.25   38.42    0.00    0.00    0.00    0.00    0.00   59.82
12:56:45       0    0.00    0.00    1.01   14.14    0.00    0.00    0.00    0.00    0.00   84.85
12:56:45       1    0.00    0.00    1.00    9.00    0.00    0.00    0.00    0.00    0.00   90.00
12:56:45       2    0.00    0.00    1.01   14.14    0.00    0.00    0.00    0.00    0.00   84.85
12:56:45       3    1.00    0.00    1.00   28.00    0.00    0.00    0.00    0.00    0.00   70.00
12:56:45       4    0.99    0.00    1.98   59.41    0.00    0.00    0.00    0.00    0.00   37.62
12:56:45       5    1.00    0.00    1.00   60.00    0.00    0.00    0.00    0.00    0.00   38.00
12:56:45       6    0.00    0.00    1.00   48.00    0.00    0.00    0.00    0.00    0.00   51.00
12:56:45       7    1.00    0.00    2.00   74.00    0.00    0.00    0.00    0.00    0.00   23.00

12:56:45     CPU    %usr   %nice    %sys %iowait    %irq   %soft  %steal  %guest  %gnice   %idle
12:56:46     all    0.25    0.00    0.76   39.55    0.00    0.13    0.00    0.00    0.00   59.32
12:56:46       0    0.00    0.00    1.00   29.00    0.00    1.00    0.00    0.00    0.00   69.00
12:56:46       1    1.00    0.00    0.00   14.00    0.00    0.00    0.00    0.00    0.00   85.00
12:56:46       2    0.00    0.00    0.00   15.15    0.00    0.00    0.00    0.00    0.00   84.85
12:56:46       3    0.00    0.00    1.02   27.55    0.00    0.00    0.00    0.00    0.00   71.43
12:56:46       4    0.00    0.00    1.02   59.18    0.00    0.00    0.00    0.00    0.00   39.80
12:56:46       5    0.00    0.00    1.01   56.57    0.00    0.00    0.00    0.00    0.00   42.42
12:56:46       6    1.00    0.00    1.00   65.00    0.00    0.00    0.00    0.00    0.00   33.00
12:56:46       7    0.00    0.00    1.00   50.00    0.00    0.00    0.00    0.00    0.00   49.00

12:56:46     CPU    %usr   %nice    %sys %iowait    %irq   %soft  %steal  %guest  %gnice   %idle
12:56:47     all    0.38    0.00    1.38   38.19    0.00    0.00    0.00    0.00    0.00   60.05
12:56:47       0    1.00    0.00    2.00   45.00    0.00    0.00    0.00    0.00    0.00   52.00
12:56:47       1    0.00    0.00    2.02   38.38    0.00    0.00    0.00    0.00    0.00   59.60
12:56:47       2    0.99    0.00    1.98   44.55    0.00    0.00    0.00    0.00    0.00   52.48
12:56:47       3    0.00    0.00    1.00   53.00    0.00    0.00    0.00    0.00    0.00   46.00
12:56:47       4    0.00    0.00    1.02   34.69    0.00    0.00    0.00    0.00    0.00   64.29
12:56:47       5    0.00    0.00    0.00   23.47    0.00    0.00    0.00    0.00    0.00   76.53
12:56:47       6    0.99    0.00    1.98   26.73    0.00    0.00    0.00    0.00    0.00   70.30
12:56:47       7    0.00    0.00    1.01   39.39    0.00    0.00    0.00    0.00    0.00   59.60

12:56:47     CPU    %usr   %nice    %sys %iowait    %irq   %soft  %steal  %guest  %gnice   %idle
12:56:48     all    0.25    0.00    0.63   38.01    0.00    0.13    0.00    0.00    0.00   60.98
12:56:48       0    0.00    0.00    1.01   37.37    0.00    0.00    0.00    0.00    0.00   61.62
12:56:48       1    0.00    0.00    1.00   35.00    0.00    1.00    0.00    0.00    0.00   63.00
12:56:48       2    0.00    0.00    0.00   30.61    0.00    0.00    0.00    0.00    0.00   69.39
12:56:48       3    0.00    0.00    0.00   31.63    0.00    0.00    0.00    0.00    0.00   68.37
12:56:48       4    0.00    0.00    1.01   46.46    0.00    0.00    0.00    0.00    0.00   52.53
12:56:48       5    1.00    0.00    1.00   43.00    0.00    0.00    0.00    0.00    0.00   55.00
12:56:48       6    0.00    0.00    0.00   38.78    0.00    0.00    0.00    0.00    0.00   61.22
12:56:48       7    1.00    0.00    1.00   41.00    0.00    0.00    0.00    0.00    0.00   57.00

12:56:48     CPU    %usr   %nice    %sys %iowait    %irq   %soft  %steal  %guest  %gnice   %idle
12:56:49     all    0.13    0.00    1.13   39.62    0.00    0.00    0.00    0.00    0.00   59.12
12:56:49       0    0.00    0.00    1.01   40.40    0.00    0.00    0.00    0.00    0.00   58.59
12:56:49       1    0.00    0.00    1.01   42.42    0.00    0.00    0.00    0.00    0.00   56.57
12:56:49       2    0.00    0.00    1.98   40.59    0.00    0.00    0.00    0.00    0.00   57.43
12:56:49       3    1.00    0.00    2.00   46.00    0.00    0.00    0.00    0.00    0.00   51.00
12:56:49       4    0.00    0.00    1.01   35.35    0.00    0.00    0.00    0.00    0.00   63.64
12:56:49       5    0.00    0.00    1.00   31.00    0.00    0.00    0.00    0.00    0.00   68.00
12:56:49       6    0.00    0.00    1.01   41.41    0.00    0.00    0.00    0.00    0.00   57.58
12:56:49       7    0.00    0.00    0.00   39.80    0.00    0.00    0.00    0.00    0.00   60.20

12:56:49     CPU    %usr   %nice    %sys %iowait    %irq   %soft  %steal  %guest  %gnice   %idle
12:56:50     all    0.25    0.00    0.76   38.41    0.00    0.13    0.00    0.00    0.00   60.45
12:56:50       0    0.00    0.00    0.00   26.53    0.00    0.00    0.00    0.00    0.00   73.47
12:56:50       1    1.01    0.00    0.00   41.41    0.00    0.00    0.00    0.00    0.00   57.58
12:56:50       2    0.00    0.00    1.00   33.00    0.00    0.00    0.00    0.00    0.00   66.00
12:56:50       3    0.00    0.00    1.02   48.98    0.00    0.00    0.00    0.00    0.00   50.00
12:56:50       4    0.99    0.00    0.99   47.52    0.00    0.99    0.00    0.00    0.00   49.50
12:56:50       5    0.00    0.00    1.00   36.00    0.00    0.00    0.00    0.00    0.00   63.00
12:56:50       6    0.00    0.00    1.01   20.20    0.00    0.00    0.00    0.00    0.00   78.79
12:56:50       7    0.00    0.00    1.01   53.54    0.00    0.00    0.00    0.00    0.00   45.45

12:56:50     CPU    %usr   %nice    %sys %iowait    %irq   %soft  %steal  %guest  %gnice   %idle
12:56:51     all    0.38    0.00    0.88   39.72    0.00    0.00    0.00    0.00    0.00   59.02
12:56:51       0    0.00    0.00    1.01   19.19    0.00    0.00    0.00    0.00    0.00   79.80
12:56:51       1    0.00    0.00    1.00   19.00    0.00    0.00    0.00    0.00    0.00   80.00
12:56:51       2    1.01    0.00    0.00    8.08    0.00    0.00    0.00    0.00    0.00   90.91
12:56:51       3    1.00    0.00    0.00   28.00    0.00    0.00    0.00    0.00    0.00   71.00
12:56:51       4    0.00    0.00    1.02   56.12    0.00    0.00    0.00    0.00    0.00   42.86
12:56:51       5    0.00    0.00    1.02   62.24    0.00    0.00    0.00    0.00    0.00   36.73
12:56:51       6    1.00    0.00    1.00   65.00    0.00    0.00    0.00    0.00    0.00   33.00
12:56:51       7    0.00    0.00    2.02   60.61    0.00    0.00    0.00    0.00    0.00   37.37

Average:     CPU    %usr   %nice    %sys %iowait    %irq   %soft  %steal  %guest  %gnice   %idle
Average:     all    0.33    0.00    1.08   24.54    0.00    0.03    0.00    0.00    0.00   74.02
Average:       0    0.46    0.00    1.55   26.13    0.00    0.03    0.00    0.00    0.00   71.83
Average:       1    0.23    0.00    0.95   22.07    0.00    0.04    0.00    0.00    0.00   76.70
Average:       2    0.43    0.00    0.76   20.52    0.00    0.01    0.00    0.00    0.00   78.27
Average:       3    0.42    0.00    1.62   28.49    0.00    0.03    0.00    0.00    0.00   69.44
Average:       4    0.25    0.00    0.87   23.91    0.00    0.04    0.00    0.00    0.00   74.94
Average:       5    0.22    0.00    0.91   23.58    0.00    0.03    0.00    0.00    0.00   75.27
Average:       6    0.35    0.00    1.08   25.98    0.00    0.04    0.00    0.00    0.00   72.55
Average:       7    0.26    0.00    0.90   25.67    0.00    0.01    0.00    0.00    0.00   73.16
