Linux 6.14.0-1018-aws (ip-10-0-1-227) 	01/03/26 	_aarch64_	(8 CPU)

13:02:35     CPU    %usr   %nice    %sys %iowait    %irq   %soft  %steal  %guest  %gnice   %idle
13:02:36     all    0.00    0.00    0.00    0.00    0.00    0.00    0.00    0.00    0.00  100.00
13:02:36       0    0.00    0.00    0.00    0.00    0.00    0.00    0.00    0.00    0.00  100.00
13:02:36       1    0.00    0.00    0.00    0.00    0.00    0.00    0.00    0.00    0.00  100.00
13:02:36       2    0.00    0.00    0.00    0.00    0.00    0.00    0.00    0.00    0.00  100.00
13:02:36       3    0.00    0.00    0.00    0.00    0.00    0.00    0.00    0.00    0.00  100.00
13:02:36       4    0.00    0.00    0.00    0.00    0.00    0.00    0.00    0.00    0.00  100.00
13:02:36       5    0.00    0.00    0.00    0.00    0.00    0.00    0.00    0.00    0.00  100.00
13:02:36       6    0.00    0.00    0.00    0.00    0.00    0.00    0.00    0.00    0.00  100.00
13:02:36       7    0.00    0.00    0.00    0.00    0.00    0.00    0.00    0.00    0.00  100.00

13:02:36     CPU    %usr   %nice    %sys %iowait    %irq   %soft  %steal  %guest  %gnice   %idle
13:02:37     all    0.00    0.00    0.00    0.00    0.00    0.00    0.00    0.00    0.00  100.00
13:02:37       0    0.00    0.00    0.00    0.00    0.00    0.00    0.00    0.00    0.00  100.00
13:02:37       1    0.00    0.00    0.00    0.00    0.00    0.00    0.00    0.00    0.00  100.00
13:02:37       2    0.00    0.00    0.00    0.00    0.00    0.00    0.00    0.00    0.00  100.00
13:02:37       3    0.00    0.00    0.00    0.00    0.00    0.00    0.00    0.00    0.00  100.00
13:02:37       4    0.00    0.00    0.00    0.00    0.00    0.00    0.00    0.00    0.00  100.00
13:02:37       5    0.00    0.00    0.00    0.00    0.00    0.00    0.00    0.00    0.00  100.00
13:02:37       6    0.00    0.00    0.00    0.00    0.00    0.00    0.00    0.00    0.00  100.00
13:02:37       7    0.00    0.00    0.00    0.00    0.00    0.00    0.00    0.00    0.00  100.00

13:02:37     CPU    %usr   %nice    %sys %iowait    %irq   %soft  %steal  %guest  %gnice   %idle
13:02:38     all    2.14    0.00    0.88    0.00    0.00    0.13    0.00    0.00    0.00   96.86
13:02:38       0    0.00    0.00    0.00    0.00    0.00    0.00    0.00    0.00    0.00  100.00
13:02:38       1    0.00    0.00    1.00    0.00    0.00    0.00    0.00    0.00    0.00   99.00
13:02:38       2    0.00    0.00    0.00    0.00    0.00    0.00    0.00    0.00    0.00  100.00
13:02:38       3    0.99    0.00    0.00    0.00    0.00    0.00    0.00    0.00    0.00   99.01
13:02:38       4    1.00    0.00    0.00    0.00    0.00    0.00    0.00    0.00    0.00   99.00
13:02:38       5    0.00    0.00    0.00    0.00    0.00    0.00    0.00    0.00    0.00  100.00
13:02:38       6   14.29    0.00    6.12    0.00    0.00    1.02    0.00    0.00    0.00   78.57
13:02:38       7    1.00    0.00    0.00    0.00    0.00    0.00    0.00    0.00    0.00   99.00

13:02:38     CPU    %usr   %nice    %sys %iowait    %irq   %soft  %steal  %guest  %gnice   %idle
13:02:39     all    0.13    0.00    0.25    0.00    0.00    0.00    0.00    0.00    0.00   99.62
13:02:39       0    0.00    0.00    0.00    0.00    0.00    0.00    0.00    0.00    0.00  100.00
13:02:39       1    0.00    0.00    0.00    0.00    0.00    0.00    0.00    0.00    0.00  100.00
13:02:39       2    0.00    0.00    0.00    0.00    0.00    0.00    0.00    0.00    0.00  100.00
13:02:39       3    0.00    0.00    0.00    0.00    0.00    0.00    0.00    0.00    0.00  100.00
13:02:39       4    0.00    0.00    0.00    0.00    0.00    0.00    0.00    0.00    0.00  100.00
13:02:39       5    0.00    0.00    0.00    0.00    0.00    0.00    0.00    0.00    0.00  100.00
13:02:39       6    1.02    0.00    2.04    0.00    0.00    0.00    0.00    0.00    0.00   96.94
13:02:39       7    0.00    0.00    0.00    0.00    0.00    0.00    0.00    0.00    0.00  100.00

13:02:39     CPU    %usr   %nice    %sys %iowait    %irq   %soft  %steal  %guest  %gnice   %idle
13:02:40     all    0.13    0.00    0.50    0.00    0.00    0.00    0.00    0.00    0.00   99.37
13:02:40       0    0.00    0.00    0.00    0.00    0.00    0.00    0.00    0.00    0.00  100.00
13:02:40       1    0.00    0.00    0.00    0.00    0.00    0.00    0.00    0.00    0.00  100.00
13:02:40       2    0.00    0.00    0.00    0.00    0.00    0.00    0.00    0.00    0.00  100.00
13:02:40       3    0.00    0.00    0.00    0.00    0.00    0.00    0.00    0.00    0.00  100.00
13:02:40       4    0.00    0.00    0.00    0.00    0.00    0.00    0.00    0.00    0.00  100.00
13:02:40       5    0.00    0.00    0.00    0.00    0.00    0.00    0.00    0.00    0.00  100.00
13:02:40       6    1.00    0.00    4.00    0.00    0.00    0.00    0.00    0.00    0.00   95.00
13:02:40       7    0.00    0.00    0.00    0.00    0.00    0.00    0.00    0.00    0.00  100.00

13:02:40     CPU    %usr   %nice    %sys %iowait    %irq   %soft  %steal  %guest  %gnice   %idle
13:02:41     all    0.00    0.00    0.25    0.00    0.00    0.00    0.00    0.00    0.00   99.75
13:02:41       0    0.00    0.00    0.00    0.00    0.00    0.00    0.00    0.00    0.00  100.00
13:02:41       1    0.00    0.00    0.00    0.00    0.00    0.00    0.00    0.00    0.00  100.00
13:02:41       2    0.00    0.00    0.00    0.00    0.00    0.00    0.00    0.00    0.00  100.00
13:02:41       3    0.00    0.00    0.00    0.00    0.00    0.00    0.00    0.00    0.00  100.00
13:02:41       4    0.00    0.00    0.00    0.00    0.00    0.00    0.00    0.00    0.00  100.00
13:02:41       5    0.00    0.00    0.00    0.00    0.00    0.00    0.00    0.00    0.00  100.00
13:02:41       6    0.00    0.00    2.04    0.00    0.00    0.00    0.00    0.00    0.00   97.96
13:02:41       7    0.00    0.00    0.00    0.00    0.00    0.00    0.00    0.00    0.00  100.00

13:02:41     CPU    %usr   %nice    %sys %iowait    %irq   %soft  %steal  %guest  %gnice   %idle
13:02:42     all    0.13    0.00    0.38    0.00    0.00    0.00    0.00    0.00    0.00   99.50
13:02:42       0    0.00    0.00    0.00    0.00    0.00    0.00    0.00    0.00    0.00  100.00
13:02:42       1    0.00    0.00    0.00    0.00    0.00    0.00    0.00    0.00    0.00  100.00
13:02:42       2    0.00    0.00    0.00    0.00    0.00    0.00    0.00    0.00    0.00  100.00
13:02:42       3    0.00    0.00    0.00    0.00    0.00    0.00    0.00    0.00    0.00  100.00
13:02:42       4    0.00    0.00    0.00    0.00    0.00    0.00    0.00    0.00    0.00  100.00
13:02:42       5    0.00    0.00    0.00    0.00    0.00    0.00    0.00    0.00    0.00  100.00
13:02:42       6    1.02    0.00    3.06    0.00    0.00    0.00    0.00    0.00    0.00   95.92
13:02:42       7    0.00    0.00    0.00    0.00    0.00    0.00    0.00    0.00    0.00  100.00

13:02:42     CPU    %usr   %nice    %sys %iowait    %irq   %soft  %steal  %guest  %gnice   %idle
13:02:43     all    0.13    0.00    0.38    0.00    0.00    0.00    0.00    0.00    0.00   99.50
13:02:43       0    0.00    0.00    0.00    0.00    0.00    0.00    0.00    0.00    0.00  100.00
13:02:43       1    0.99    0.00    2.97    0.00    0.00    0.00    0.00    0.00    0.00   96.04
13:02:43       2    0.00    0.00    0.00    0.00    0.00    0.00    0.00    0.00    0.00  100.00
13:02:43       3    0.00    0.00    0.00    0.00    0.00    0.00    0.00    0.00    0.00  100.00
13:02:43       4    0.00    0.00    0.00    0.00    0.00    0.00    0.00    0.00    0.00  100.00
13:02:43       5    0.00    0.00    0.00    0.00    0.00    0.00    0.00    0.00    0.00  100.00
13:02:43       6    0.00    0.00    0.00    0.00    0.00    0.00    0.00    0.00    0.00  100.00
13:02:43       7    0.00    0.00    0.00    0.00    0.00    0.00    0.00    0.00    0.00  100.00

13:02:43     CPU    %usr   %nice    %sys %iowait    %irq   %soft  %steal  %guest  %gnice   %idle
13:02:44     all    0.00    0.00    0.38    0.00    0.00    0.00    0.00    0.00    0.00   99.62
13:02:44       0    0.00    0.00    0.00    0.00    0.00    0.00    0.00    0.00    0.00  100.00
13:02:44       1    0.00    0.00    2.04    0.00    0.00    0.00    0.00    0.00    0.00   97.96
13:02:44       2    0.00    0.00    1.00    0.00    0.00    0.00    0.00    0.00    0.00   99.00
13:02:44       3    0.00    0.00    0.00    0.00    0.00    0.00    0.00    0.00    0.00  100.00
13:02:44       4    0.00    0.00    0.00    0.00    0.00    0.00    0.00    0.00    0.00  100.00
13:02:44       5    0.00    0.00    0.00    0.00    0.00    0.00    0.00    0.00    0.00  100.00
13:02:44       6    0.00    0.00    0.00    0.00    0.00    0.00    0.00    0.00    0.00  100.00
13:02:44       7    0.00    0.00    0.00    0.00    0.00    0.00    0.00    0.00    0.00  100.00

13:02:44     CPU    %usr   %nice    %sys %iowait    %irq   %soft  %steal  %guest  %gnice   %idle
13:02:45     all    0.25    0.00    0.62    0.00    0.00    0.00    0.00    0.00    0.00   99.13
13:02:45       0    0.00    0.00    0.00    0.00    0.00    0.00    0.00    0.00    0.00  100.00
13:02:45       1    0.99    0.00    3.96    0.00    0.00    0.00    0.00    0.00    0.00   95.05
13:02:45       2    0.99    0.00    0.99    0.00    0.00    0.00    0.00    0.00    0.00   98.02
13:02:45       3    0.00    0.00    0.00    0.00    0.00    0.00    0.00    0.00    0.00  100.00
13:02:45       4    0.00    0.00    0.00    0.00    0.00    0.00    0.00    0.00    0.00  100.00
13:02:45       5    0.00    0.00    0.00    0.00    0.00    0.00    0.00    0.00    0.00  100.00
13:02:45       6    0.00    0.00    0.00    0.00    0.00    0.00    0.00    0.00    0.00  100.00
13:02:45       7    0.00    0.00    0.00    0.00    0.00    0.00    0.00    0.00    0.00  100.00

13:02:45     CPU    %usr   %nice    %sys %iowait    %irq   %soft  %steal  %guest  %gnice   %idle
13:02:46     all    0.00    0.00    0.25    0.00    0.00    0.00    0.00    0.00    0.00   99.75
13:02:46       0    0.00    0.00    0.00    0.00    0.00    0.00    0.00    0.00    0.00  100.00
13:02:46       1    0.00    0.00    1.03    0.00    0.00    0.00    0.00    0.00    0.00   98.97
13:02:46       2    0.00    0.00    0.00    0.00    0.00    0.00    0.00    0.00    0.00  100.00
13:02:46       3    0.00    0.00    0.00    0.00    0.00    0.00    0.00    0.00    0.00  100.00
13:02:46       4    0.00    0.00    0.00    0.00    0.00    0.00    0.00    0.00    0.00  100.00
13:02:46       5    0.00    0.00    0.00    0.00    0.00    0.00    0.00    0.00    0.00  100.00
13:02:46       6    0.00    0.00    0.00    0.00    0.00    0.00    0.00    0.00    0.00  100.00
13:02:46       7    0.00    0.00    0.99    0.00    0.00    0.00    0.00    0.00    0.00   99.01

13:02:46     CPU    %usr   %nice    %sys %iowait    %irq   %soft  %steal  %guest  %gnice   %idle
13:02:47     all    0.00    0.00    0.50    0.00    0.00    0.00    0.00    0.00    0.00   99.50
13:02:47       0    0.00    0.00    0.00    0.00    0.00    0.00    0.00    0.00    0.00  100.00
13:02:47       1    0.00    0.00    3.00    0.00    0.00    0.00    0.00    0.00    0.00   97.00
13:02:47       2    0.00    0.00    1.01    0.00    0.00    0.00    0.00    0.00    0.00   98.99
13:02:47       3    0.00    0.00    0.00    0.00    0.00    0.00    0.00    0.00    0.00  100.00
13:02:47       4    0.00    0.00    0.00    0.00    0.00    0.00    0.00    0.00    0.00  100.00
13:02:47       5    0.00    0.00    0.00    0.00    0.00    0.00    0.00    0.00    0.00  100.00
13:02:47       6    0.00    0.00    0.00    0.00    0.00    0.00    0.00    0.00    0.00  100.00
13:02:47       7    0.00    0.00    0.00    0.00    0.00    0.00    0.00    0.00    0.00  100.00

13:02:47     CPU    %usr   %nice    %sys %iowait    %irq   %soft  %steal  %guest  %gnice   %idle
13:02:48     all    0.13    0.00    0.38    0.00    0.00    0.00    0.00    0.00    0.00   99.50
13:02:48       0    0.00    0.00    0.00    0.00    0.00    0.00    0.00    0.00    0.00  100.00
13:02:48       1    1.01    0.00    1.01    0.00    0.00    0.00    0.00    0.00    0.00   97.98
13:02:48       2    0.00    0.00    1.01    0.00    0.00    0.00    0.00    0.00    0.00   98.99
13:02:48       3    0.00    0.00    0.00    0.00    0.00    0.00    0.00    0.00    0.00  100.00
13:02:48       4    0.00    0.00    0.00    0.00    0.00    0.00    0.00    0.00    0.00  100.00
13:02:48       5    0.00    0.00    0.00    0.00    0.00    0.00    0.00    0.00    0.00  100.00
13:02:48       6    0.00    0.00    1.00    0.00    0.00    0.00    0.00    0.00    0.00   99.00
13:02:48       7    0.00    0.00    0.00    0.00    0.00    0.00    0.00    0.00    0.00  100.00

13:02:48     CPU    %usr   %nice    %sys %iowait    %irq   %soft  %steal  %guest  %gnice   %idle
13:02:49     all    0.00    0.00    0.38    0.00    0.00    0.00    0.00    0.00    0.00   99.62
13:02:49       0    0.00    0.00    0.00    0.00    0.00    0.00    0.00    0.00    0.00  100.00
13:02:49       1    0.00    0.00    1.02    0.00    0.00    0.00    0.00    0.00    0.00   98.98
13:02:49       2    0.00    0.00    2.02    0.00    0.00    0.00    0.00    0.00    0.00   97.98
13:02:49       3    0.00    0.00    0.00    0.00    0.00    0.00    0.00    0.00    0.00  100.00
13:02:49       4    0.00    0.00    0.00    0.00    0.00    0.00    0.00    0.00    0.00  100.00
13:02:49       5    0.00    0.00    0.00    0.00    0.00    0.00    0.00    0.00    0.00  100.00
13:02:49       6    0.00    0.00    0.00    0.00    0.00    0.00    0.00    0.00    0.00  100.00
13:02:49       7    0.00    0.00    0.00    0.00    0.00    0.00    0.00    0.00    0.00  100.00

13:02:49     CPU    %usr   %nice    %sys %iowait    %irq   %soft  %steal  %guest  %gnice   %idle
13:02:50     all    0.13    0.00    0.50    0.00    0.00    0.00    0.00    0.00    0.00   99.37
13:02:50       0    0.00    0.00    0.00    0.00    0.00    0.00    0.00    0.00    0.00  100.00
13:02:50       1    0.00    0.00    2.02    0.00    0.00    0.00    0.00    0.00    0.00   97.98
13:02:50       2    1.01    0.00    1.01    0.00    0.00    0.00    0.00    0.00    0.00   97.98
13:02:50       3    0.00    0.00    0.00    0.00    0.00    0.00    0.00    0.00    0.00  100.00
13:02:50       4    0.00    0.00    0.00    0.00    0.00    0.00    0.00    0.00    0.00  100.00
13:02:50       5    0.00    0.00    0.99    0.00    0.00    0.00    0.00    0.00    0.00   99.01
13:02:50       6    0.00    0.00    0.00    0.00    0.00    0.00    0.00    0.00    0.00  100.00
13:02:50       7    0.00    0.00    0.00    0.00    0.00    0.00    0.00    0.00    0.00  100.00

13:02:50     CPU    %usr   %nice    %sys %iowait    %irq   %soft  %steal  %guest  %gnice   %idle
13:02:51     all    0.00    0.00    0.50    0.00    0.00    0.00    0.00    0.00    0.00   99.50
13:02:51       0    0.00    0.00    0.00    0.00    0.00    0.00    0.00    0.00    0.00  100.00
13:02:51       1    0.00    0.00    3.00    0.00    0.00    0.00    0.00    0.00    0.00   97.00
13:02:51       2    0.00    0.00    1.01    0.00    0.00    0.00    0.00    0.00    0.00   98.99
13:02:51       3    0.00    0.00    0.00    0.00    0.00    0.00    0.00    0.00    0.00  100.00
13:02:51       4    0.00    0.00    0.00    0.00    0.00    0.00    0.00    0.00    0.00  100.00
13:02:51       5    0.00    0.00    0.00    0.00    0.00    0.00    0.00    0.00    0.00  100.00
13:02:51       6    0.00    0.00    0.00    0.00    0.00    0.00    0.00    0.00    0.00  100.00
13:02:51       7    0.00    0.00    0.00    0.00    0.00    0.00    0.00    0.00    0.00  100.00

13:02:51     CPU    %usr   %nice    %sys %iowait    %irq   %soft  %steal  %guest  %gnice   %idle
13:02:52     all    0.13    0.00    0.50    0.00    0.00    0.00    0.00    0.00    0.00   99.37
13:02:52       0    0.99    0.00    1.98    0.00    0.00    0.00    0.00    0.00    0.00   97.03
13:02:52       1    0.00    0.00    0.00    0.00    0.00    0.00    0.00    0.00    0.00  100.00
13:02:52       2    0.00    0.00    2.02    0.00    0.00    0.00    0.00    0.00    0.00   97.98
13:02:52       3    0.00    0.00    0.00    0.00    0.00    0.00    0.00    0.00    0.00  100.00
13:02:52       4    0.00    0.00    0.00    0.00    0.00    0.00    0.00    0.00    0.00  100.00
13:02:52       5    0.00    0.00    0.00    0.00    0.00    0.00    0.00    0.00    0.00  100.00
13:02:52       6    0.00    0.00    0.00    0.00    0.00    0.00    0.00    0.00    0.00  100.00
13:02:52       7    0.00    0.00    0.00    0.00    0.00    0.00    0.00    0.00    0.00  100.00

13:02:52     CPU    %usr   %nice    %sys %iowait    %irq   %soft  %steal  %guest  %gnice   %idle
13:02:53     all    0.00    0.00    0.25    0.00    0.00    0.00    0.00    0.00    0.00   99.75
13:02:53       0    0.00    0.00    2.04    0.00    0.00    0.00    0.00    0.00    0.00   97.96
13:02:53       1    0.00    0.00    0.00    0.00    0.00    0.00    0.00    0.00    0.00  100.00
13:02:53       2    0.00    0.00    0.00    0.00    0.00    0.00    0.00    0.00    0.00  100.00
13:02:53       3    0.00    0.00    0.00    0.00    0.00    0.00    0.00    0.00    0.00  100.00
13:02:53       4    0.00    0.00    0.00    0.00    0.00    0.00    0.00    0.00    0.00  100.00
13:02:53       5    0.00    0.00    0.00    0.00    0.00    0.00    0.00    0.00    0.00  100.00
13:02:53       6    0.00    0.00    0.00    0.00    0.00    0.00    0.00    0.00    0.00  100.00
13:02:53       7    0.00    0.00    0.00    0.00    0.00    0.00    0.00    0.00    0.00  100.00

13:02:53     CPU    %usr   %nice    %sys %iowait    %irq   %soft  %steal  %guest  %gnice   %idle
13:02:54     all    0.00    0.00    0.50    0.00    0.00    0.00    0.00    0.00    0.00   99.50
13:02:54       0    0.00    0.00    2.02    0.00    0.00    0.00    0.00    0.00    0.00   97.98
13:02:54       1    0.00    0.00    0.00    0.00    0.00    0.00    0.00    0.00    0.00  100.00
13:02:54       2    0.00    0.00    2.02    0.00    0.00    0.00    0.00    0.00    0.00   97.98
13:02:54       3    0.00    0.00    0.00    0.00    0.00    0.00    0.00    0.00    0.00  100.00
13:02:54       4    0.00    0.00    0.00    0.00    0.00    0.00    0.00    0.00    0.00  100.00
13:02:54       5    0.00    0.00    0.00    0.00    0.00    0.00    0.00    0.00    0.00  100.00
13:02:54       6    0.00    0.00    0.00    0.00    0.00    0.00    0.00    0.00    0.00  100.00
13:02:54       7    0.00    0.00    0.00    0.00    0.00    0.00    0.00    0.00    0.00  100.00

13:02:54     CPU    %usr   %nice    %sys %iowait    %irq   %soft  %steal  %guest  %gnice   %idle
13:02:55     all    0.00    0.00    0.38    0.00    0.00    0.00    0.00    0.00    0.00   99.62
13:02:55       0    0.00    0.00    1.02    0.00    0.00    0.00    0.00    0.00    0.00   98.98
13:02:55       1    0.00    0.00    0.00    0.00    0.00    0.00    0.00    0.00    0.00  100.00
13:02:55       2    0.00    0.00    2.00    0.00    0.00    0.00    0.00    0.00    0.00   98.00
13:02:55       3    0.00    0.00    0.00    0.00    0.00    0.00    0.00    0.00    0.00  100.00
13:02:55       4    0.00    0.00    0.00    0.00    0.00    0.00    0.00    0.00    0.00  100.00
13:02:55       5    0.00    0.00    0.00    0.00    0.00    0.00    0.00    0.00    0.00  100.00
13:02:55       6    0.00    0.00    0.00    0.00    0.00    0.00    0.00    0.00    0.00  100.00
13:02:55       7    0.00    0.00    0.00    0.00    0.00    0.00    0.00    0.00    0.00  100.00

13:02:55     CPU    %usr   %nice    %sys %iowait    %irq   %soft  %steal  %guest  %gnice   %idle
13:02:56     all    0.00    0.00    0.50    0.00    0.00    0.00    0.00    0.00    0.00   99.50
13:02:56       0    0.00    0.00    2.00    0.00    0.00    0.00    0.00    0.00    0.00   98.00
13:02:56       1    0.00    0.00    0.00    0.00    0.00    0.00    0.00    0.00    0.00  100.00
13:02:56       2    0.00    0.00    2.02    0.00    0.00    0.00    0.00    0.00    0.00   97.98
13:02:56       3    0.00    0.00    0.00    0.00    0.00    0.00    0.00    0.00    0.00  100.00
13:02:56       4    0.00    0.00    0.00    0.00    0.00    0.00    0.00    0.00    0.00  100.00
13:02:56       5    0.00    0.00    0.00    0.00    0.00    0.00    0.00    0.00    0.00  100.00
13:02:56       6    0.00    0.00    0.00    0.00    0.00    0.00    0.00    0.00    0.00  100.00
13:02:56       7    0.00    0.00    0.00    0.00    0.00    0.00    0.00    0.00    0.00  100.00

13:02:56     CPU    %usr   %nice    %sys %iowait    %irq   %soft  %steal  %guest  %gnice   %idle
13:02:57     all    0.13    0.00    0.25    0.00    0.00    0.00    0.00    0.00    0.00   99.62
13:02:57       0    1.02    0.00    1.02    0.00    0.00    0.00    0.00    0.00    0.00   97.96
13:02:57       1    0.00    0.00    0.00    0.00    0.00    0.00    0.00    0.00    0.00  100.00
13:02:57       2    0.00    0.00    1.01    0.00    0.00    0.00    0.00    0.00    0.00   98.99
13:02:57       3    0.00    0.00    0.00    0.00    0.00    0.00    0.00    0.00    0.00  100.00
13:02:57       4    0.00    0.00    0.00    0.00    0.00    0.00    0.00    0.00    0.00  100.00
13:02:57       5    0.00    0.00    0.00    0.00    0.00    0.00    0.00    0.00    0.00  100.00
13:02:57       6    0.00    0.00    0.00    0.00    0.00    0.00    0.00    0.00    0.00  100.00
13:02:57       7    0.00    0.00    0.00    0.00    0.00    0.00    0.00    0.00    0.00  100.00

13:02:57     CPU    %usr   %nice    %sys %iowait    %irq   %soft  %steal  %guest  %gnice   %idle
13:02:58     all    0.25    0.00    0.50    0.00    0.00    0.00    0.00    0.00    0.00   99.25
13:02:58       0    0.00    0.00    2.02    0.00    0.00    0.00    0.00    0.00    0.00   97.98
13:02:58       1    0.00    0.00    0.00    0.00    0.00    0.00    0.00    0.00    0.00  100.00
13:02:58       2    0.99    0.00    1.98    0.00    0.00    0.00    0.00    0.00    0.00   97.03
13:02:58       3    0.00    0.00    0.00    0.00    0.00    0.00    0.00    0.00    0.00  100.00
13:02:58       4    0.00    0.00    0.00    0.00    0.00    0.00    0.00    0.00    0.00  100.00
13:02:58       5    0.99    0.00    0.00    0.00    0.00    0.00    0.00    0.00    0.00   99.01
13:02:58       6    0.00    0.00    0.00    0.00    0.00    0.00    0.00    0.00    0.00  100.00
13:02:58       7    0.00    0.00    0.00    0.00    0.00    0.00    0.00    0.00    0.00  100.00

13:02:58     CPU    %usr   %nice    %sys %iowait    %irq   %soft  %steal  %guest  %gnice   %idle
13:02:59     all    0.00    0.00    0.63    0.00    0.00    0.00    0.00    0.00    0.00   99.37
13:02:59       0    0.00    0.00    2.02    0.00    0.00    0.00    0.00    0.00    0.00   97.98
13:02:59       1    0.00    0.00    0.00    0.00    0.00    0.00    0.00    0.00    0.00  100.00
13:02:59       2    0.00    0.00    2.00    0.00    0.00    0.00    0.00    0.00    0.00   98.00
13:02:59       3    0.00    0.00    0.00    0.00    0.00    0.00    0.00    0.00    0.00  100.00
13:02:59       4    0.00    0.00    0.00    0.00    0.00    0.00    0.00    0.00    0.00  100.00
13:02:59       5    0.00    0.00    0.00    0.00    0.00    0.00    0.00    0.00    0.00  100.00
13:02:59       6    0.00    0.00    0.99    0.00    0.00    0.00    0.00    0.00    0.00   99.01
13:02:59       7    0.00    0.00    0.00    0.00    0.00    0.00    0.00    0.00    0.00  100.00

13:02:59     CPU    %usr   %nice    %sys %iowait    %irq   %soft  %steal  %guest  %gnice   %idle
13:03:00     all    0.13    0.00    0.25    0.00    0.00    0.00    0.00    0.00    0.00   99.62
13:03:00       0    1.01    0.00    2.02    0.00    0.00    0.00    0.00    0.00    0.00   96.97
13:03:00       1    0.00    0.00    0.00    0.00    0.00    0.00    0.00    0.00    0.00  100.00
13:03:00       2    0.00    0.00    0.00    0.00    0.00    0.00    0.00    0.00    0.00  100.00
13:03:00       3    0.00    0.00    0.00    0.00    0.00    0.00    0.00    0.00    0.00  100.00
13:03:00       4    0.00    0.00    0.00    0.00    0.00    0.00    0.00    0.00    0.00  100.00
13:03:00       5    0.00    0.00    0.00    0.00    0.00    0.00    0.00    0.00    0.00  100.00
13:03:00       6    0.00    0.00    0.00    0.00    0.00    0.00    0.00    0.00    0.00  100.00
13:03:00       7    0.00    0.00    0.00    0.00    0.00    0.00    0.00    0.00    0.00  100.00

13:03:00     CPU    %usr   %nice    %sys %iowait    %irq   %soft  %steal  %guest  %gnice   %idle
13:03:01     all    0.00    0.00    0.50    0.13    0.00    0.13    0.00    0.00    0.00   99.25
13:03:01       0    0.00    0.00    2.02    0.00    0.00    1.01    0.00    0.00    0.00   96.97
13:03:01       1    0.00    0.00    0.00    0.00    0.00    0.00    0.00    0.00    0.00  100.00
13:03:01       2    0.00    0.00    2.02    0.00    0.00    0.00    0.00    0.00    0.00   97.98
13:03:01       3    0.00    0.00    0.00    1.00    0.00    0.00    0.00    0.00    0.00   99.00
13:03:01       4    0.00    0.00    0.00    0.00    0.00    0.00    0.00    0.00    0.00  100.00
13:03:01       5    0.00    0.00    0.00    0.00    0.00    0.00    0.00    0.00    0.00  100.00
13:03:01       6    0.00    0.00    0.00    0.00    0.00    0.00    0.00    0.00    0.00  100.00
13:03:01       7    0.00    0.00    0.00    0.00    0.00    0.00    0.00    0.00    0.00  100.00

13:03:01     CPU    %usr   %nice    %sys %iowait    %irq   %soft  %steal  %guest  %gnice   %idle
13:03:02     all    0.00    0.00    0.38    0.00    0.00    0.00    0.00    0.00    0.00   99.62
13:03:02       0    0.00    0.00    2.02    0.00    0.00    0.00    0.00    0.00    0.00   97.98
13:03:02       1    0.00    0.00    0.00    0.00    0.00    0.00    0.00    0.00    0.00  100.00
13:03:02       2    0.00    0.00    1.01    0.00    0.00    0.00    0.00    0.00    0.00   98.99
13:03:02       3    0.00    0.00    0.00    0.00    0.00    0.00    0.00    0.00    0.00  100.00
13:03:02       4    0.00    0.00    0.00    0.00    0.00    0.00    0.00    0.00    0.00  100.00
13:03:02       5    0.00    0.00    0.00    0.00    0.00    0.00    0.00    0.00    0.00  100.00
13:03:02       6    0.00    0.00    0.00    0.00    0.00    0.00    0.00    0.00    0.00  100.00
13:03:02       7    0.00    0.00    0.00    0.00    0.00    0.00    0.00    0.00    0.00  100.00

13:03:02     CPU    %usr   %nice    %sys %iowait    %irq   %soft  %steal  %guest  %gnice   %idle
13:03:03     all    0.25    0.00    0.25    0.00    0.00    0.00    0.00    0.00    0.00   99.50
13:03:03       0    1.01    0.00    2.02    0.00    0.00    0.00    0.00    0.00    0.00   96.97
13:03:03       1    0.00    0.00    0.00    0.00    0.00    0.00    0.00    0.00    0.00  100.00
13:03:03       2    1.00    0.00    0.00    0.00    0.00    0.00    0.00    0.00    0.00   99.00
13:03:03       3    0.00    0.00    0.00    0.00    0.00    0.00    0.00    0.00    0.00  100.00
13:03:03       4    0.00    0.00    0.00    0.00    0.00    0.00    0.00    0.00    0.00  100.00
13:03:03       5    0.00    0.00    0.00    0.00    0.00    0.00    0.00    0.00    0.00  100.00
13:03:03       6    0.00    0.00    0.00    0.00    0.00    0.00    0.00    0.00    0.00  100.00
13:03:03       7    0.00    0.00    0.00    0.00    0.00    0.00    0.00    0.00    0.00  100.00

13:03:03     CPU    %usr   %nice    %sys %iowait    %irq   %soft  %steal  %guest  %gnice   %idle
13:03:04     all    0.00    0.00    0.25    0.00    0.00    0.00    0.00    0.00    0.00   99.75
13:03:04       0    0.00    0.00    1.03    0.00    0.00    0.00    0.00    0.00    0.00   98.97
13:03:04       1    0.00    0.00    0.00    0.00    0.00    0.00    0.00    0.00    0.00  100.00
13:03:04       2    0.00    0.00    1.00    0.00    0.00    0.00    0.00    0.00    0.00   99.00
13:03:04       3    0.00    0.00    0.00    0.00    0.00    0.00    0.00    0.00    0.00  100.00
13:03:04       4    0.00    0.00    0.00    0.00    0.00    0.00    0.00    0.00    0.00  100.00
13:03:04       5    0.00    0.00    0.00    0.00    0.00    0.00    0.00    0.00    0.00  100.00
13:03:04       6    0.00    0.00    0.00    0.00    0.00    0.00    0.00    0.00    0.00  100.00
13:03:04       7    0.00    0.00    0.00    0.00    0.00    0.00    0.00    0.00    0.00  100.00

13:03:04     CPU    %usr   %nice    %sys %iowait    %irq   %soft  %steal  %guest  %gnice   %idle
13:03:05     all    0.00    0.00    0.25    0.00    0.00    0.00    0.00    0.00    0.00   99.75
13:03:05       0    0.00    0.00    1.02    0.00    0.00    0.00    0.00    0.00    0.00   98.98
13:03:05       1    0.00    0.00    0.00    0.00    0.00    0.00    0.00    0.00    0.00  100.00
13:03:05       2    0.00    0.00    1.02    0.00    0.00    0.00    0.00    0.00    0.00   98.98
13:03:05       3    0.00    0.00    0.00    0.00    0.00    0.00    0.00    0.00    0.00  100.00
13:03:05       4    0.00    0.00    0.00    0.00    0.00    0.00    0.00    0.00    0.00  100.00
13:03:05       5    0.00    0.00    0.00    0.00    0.00    0.00    0.00    0.00    0.00  100.00
13:03:05       6    0.00    0.00    0.00    0.00    0.00    0.00    0.00    0.00    0.00  100.00
13:03:05       7    0.00    0.00    0.00    0.00    0.00    0.00    0.00    0.00    0.00  100.00

13:03:05     CPU    %usr   %nice    %sys %iowait    %irq   %soft  %steal  %guest  %gnice   %idle
13:03:06     all    0.00    0.00    0.50    0.00    0.00    0.00    0.00    0.00    0.00   99.50
13:03:06       0    0.00    0.00    2.04    0.00    0.00    0.00    0.00    0.00    0.00   97.96
13:03:06       1    0.00    0.00    0.00    0.00    0.00    0.00    0.00    0.00    0.00  100.00
13:03:06       2    0.00    0.00    1.00    0.00    0.00    0.00    0.00    0.00    0.00   99.00
13:03:06       3    0.00    0.00    0.00    0.00    0.00    0.00    0.00    0.00    0.00  100.00
13:03:06       4    0.00    0.00    0.00    0.00    0.00    0.00    0.00    0.00    0.00  100.00
13:03:06       5    0.00    0.00    0.99    0.00    0.00    0.00    0.00    0.00    0.00   99.01
13:03:06       6    0.00    0.00    0.00    0.00    0.00    0.00    0.00    0.00    0.00  100.00
13:03:06       7    0.00    0.00    0.00    0.00    0.00    0.00    0.00    0.00    0.00  100.00

13:03:06     CPU    %usr   %nice    %sys %iowait    %irq   %soft  %steal  %guest  %gnice   %idle
13:03:07     all    0.00    0.00    0.25    0.00    0.00    0.00    0.00    0.00    0.00   99.75
13:03:07       0    0.00    0.00    1.02    0.00    0.00    0.00    0.00    0.00    0.00   98.98
13:03:07       1    0.00    0.00    0.00    0.00    0.00    0.00    0.00    0.00    0.00  100.00
13:03:07       2    0.00    0.00    1.01    0.00    0.00    0.00    0.00    0.00    0.00   98.99
13:03:07       3    0.00    0.00    0.00    0.00    0.00    0.00    0.00    0.00    0.00  100.00
13:03:07       4    0.00    0.00    0.00    0.00    0.00    0.00    0.00    0.00    0.00  100.00
13:03:07       5    0.00    0.00    0.00    0.00    0.00    0.00    0.00    0.00    0.00  100.00
13:03:07       6    0.00    0.00    0.00    0.00    0.00    0.00    0.00    0.00    0.00  100.00
13:03:07       7    0.00    0.00    0.00    0.00    0.00    0.00    0.00    0.00    0.00  100.00

13:03:07     CPU    %usr   %nice    %sys %iowait    %irq   %soft  %steal  %guest  %gnice   %idle
13:03:08     all    0.13    0.00    0.38    0.00    0.00    0.00    0.00    0.00    0.00   99.50
13:03:08       0    1.01    0.00    2.02    0.00    0.00    0.00    0.00    0.00    0.00   96.97
13:03:08       1    0.00    0.00    0.00    0.00    0.00    0.00    0.00    0.00    0.00  100.00
13:03:08       2    0.00    0.00    1.00    0.00    0.00    0.00    0.00    0.00    0.00   99.00
13:03:08       3    0.00    0.00    0.00    0.00    0.00    0.00    0.00    0.00    0.00  100.00
13:03:08       4    0.00    0.00    0.00    0.00    0.00    0.00    0.00    0.00    0.00  100.00
13:03:08       5    0.00    0.00    0.00    0.00    0.00    0.00    0.00    0.00    0.00  100.00
13:03:08       6    0.00    0.00    0.00    0.00    0.00    0.00    0.00    0.00    0.00  100.00
13:03:08       7    0.00    0.00    0.00    0.00    0.00    0.00    0.00    0.00    0.00  100.00

13:03:08     CPU    %usr   %nice    %sys %iowait    %irq   %soft  %steal  %guest  %gnice   %idle
13:03:09     all    0.00    0.00    0.38    0.00    0.00    0.00    0.00    0.00    0.00   99.62
13:03:09       0    0.00    0.00    2.04    0.00    0.00    0.00    0.00    0.00    0.00   97.96
13:03:09       1    0.00    0.00    0.00    0.00    0.00    0.00    0.00    0.00    0.00  100.00
13:03:09       2    0.00    0.00    1.01    0.00    0.00    0.00    0.00    0.00    0.00   98.99
13:03:09       3    0.00    0.00    0.00    0.00    0.00    0.00    0.00    0.00    0.00  100.00
13:03:09       4    0.00    0.00    0.00    0.00    0.00    0.00    0.00    0.00    0.00  100.00
13:03:09       5    0.00    0.00    0.00    0.00    0.00    0.00    0.00    0.00    0.00  100.00
13:03:09       6    0.00    0.00    0.00    0.00    0.00    0.00    0.00    0.00    0.00  100.00
13:03:09       7    0.00    0.00    0.00    0.00    0.00    0.00    0.00    0.00    0.00  100.00

13:03:09     CPU    %usr   %nice    %sys %iowait    %irq   %soft  %steal  %guest  %gnice   %idle
13:03:10     all    0.00    0.00    0.25    0.00    0.00    0.00    0.00    0.00    0.00   99.75
13:03:10       0    0.00    0.00    1.02    0.00    0.00    0.00    0.00    0.00    0.00   98.98
13:03:10       1    0.00    0.00    0.00    0.00    0.00    0.00    0.00    0.00    0.00  100.00
13:03:10       2    0.00    0.00    1.01    0.00    0.00    0.00    0.00    0.00    0.00   98.99
13:03:10       3    0.00    0.00    0.00    0.00    0.00    0.00    0.00    0.00    0.00  100.00
13:03:10       4    0.00    0.00    0.00    0.00    0.00    0.00    0.00    0.00    0.00  100.00
13:03:10       5    0.00    0.00    0.00    0.00    0.00    0.00    0.00    0.00    0.00  100.00
13:03:10       6    0.00    0.00    0.00    0.00    0.00    0.00    0.00    0.00    0.00  100.00
13:03:10       7    0.00    0.00    0.00    0.00    0.00    0.00    0.00    0.00    0.00  100.00

13:03:10     CPU    %usr   %nice    %sys %iowait    %irq   %soft  %steal  %guest  %gnice   %idle
13:03:11     all    0.00    0.00    0.38    0.00    0.00    0.00    0.00    0.00    0.00   99.62
13:03:11       0    0.00    0.00    1.02    0.00    0.00    0.00    0.00    0.00    0.00   98.98
13:03:11       1    0.00    0.00    0.00    0.00    0.00    0.00    0.00    0.00    0.00  100.00
13:03:11       2    0.00    0.00    1.00    0.00    0.00    0.00    0.00    0.00    0.00   99.00
13:03:11       3    0.00    0.00    0.00    0.00    0.00    0.00    0.00    0.00    0.00  100.00
13:03:11       4    0.00    0.00    0.00    0.00    0.00    0.00    0.00    0.00    0.00  100.00
13:03:11       5    0.00    0.00    0.00    0.00    0.00    0.00    0.00    0.00    0.00  100.00
13:03:11       6    0.00    0.00    0.99    0.00    0.00    0.00    0.00    0.00    0.00   99.01
13:03:11       7    0.00    0.00    0.00    0.00    0.00    0.00    0.00    0.00    0.00  100.00

13:03:11     CPU    %usr   %nice    %sys %iowait    %irq   %soft  %steal  %guest  %gnice   %idle
13:03:12     all    0.13    0.00    0.38    0.00    0.00    0.13    0.00    0.00    0.00   99.37
13:03:12       0    1.01    0.00    1.01    0.00    0.00    1.01    0.00    0.00    0.00   96.97
13:03:12       1    0.00    0.00    0.00    0.00    0.00    0.00    0.00    0.00    0.00  100.00
13:03:12       2    0.00    0.00    1.01    0.00    0.00    0.00    0.00    0.00    0.00   98.99
13:03:12       3    0.00    0.00    0.00    0.00    0.00    0.00    0.00    0.00    0.00  100.00
13:03:12       4    0.00    0.00    0.00    0.00    0.00    0.00    0.00    0.00    0.00  100.00
13:03:12       5    0.00    0.00    0.00    0.00    0.00    0.00    0.00    0.00    0.00  100.00
13:03:12       6    0.00    0.00    0.00    0.00    0.00    0.00    0.00    0.00    0.00  100.00
13:03:12       7    0.00    0.00    0.99    0.00    0.00    0.00    0.00    0.00    0.00   99.01

13:03:12     CPU    %usr   %nice    %sys %iowait    %irq   %soft  %steal  %guest  %gnice   %idle
13:03:13     all    0.00    0.00    0.38    0.00    0.00    0.00    0.00    0.00    0.00   99.62
13:03:13       0    0.00    0.00    1.02    0.00    0.00    0.00    0.00    0.00    0.00   98.98
13:03:13       1    0.00    0.00    0.00    0.00    0.00    0.00    0.00    0.00    0.00  100.00
13:03:13       2    0.00    0.00    2.02    0.00    0.00    0.00    0.00    0.00    0.00   97.98
13:03:13       3    0.00    0.00    0.00    0.00    0.00    0.00    0.00    0.00    0.00  100.00
13:03:13       4    0.00    0.00    0.00    0.00    0.00    0.00    0.00    0.00    0.00  100.00
13:03:13       5    0.00    0.00    0.00    0.00    0.00    0.00    0.00    0.00    0.00  100.00
13:03:13       6    0.00    0.00    0.00    0.00    0.00    0.00    0.00    0.00    0.00  100.00
13:03:13       7    0.00    0.00    0.00    0.00    0.00    0.00    0.00    0.00    0.00  100.00

13:03:13     CPU    %usr   %nice    %sys %iowait    %irq   %soft  %steal  %guest  %gnice   %idle
13:03:14     all    0.13    0.00    0.38    0.00    0.00    0.00    0.00    0.00    0.00   99.50
13:03:14       0    1.01    0.00    1.01    0.00    0.00    0.00    0.00    0.00    0.00   97.98
13:03:14       1    0.00    0.00    0.00    0.00    0.00    0.00    0.00    0.00    0.00  100.00
13:03:14       2    0.00    0.00    2.00    0.00    0.00    0.00    0.00    0.00    0.00   98.00
13:03:14       3    0.00    0.00    0.00    0.00    0.00    0.00    0.00    0.00    0.00  100.00
13:03:14       4    0.00    0.00    0.00    0.00    0.00    0.00    0.00    0.00    0.00  100.00
13:03:14       5    0.00    0.00    0.00    0.00    0.00    0.00    0.00    0.00    0.00  100.00
13:03:14       6    0.00    0.00    0.00    0.00    0.00    0.00    0.00    0.00    0.00  100.00
13:03:14       7    0.00    0.00    0.00    0.00    0.00    0.00    0.00    0.00    0.00  100.00

13:03:14     CPU    %usr   %nice    %sys %iowait    %irq   %soft  %steal  %guest  %gnice   %idle
13:03:15     all    0.13    0.00    0.38    0.00    0.00    0.00    0.00    0.00    0.00   99.50
13:03:15       0    0.00    0.00    2.02    0.00    0.00    0.00    0.00    0.00    0.00   97.98
13:03:15       1    0.00    0.00    0.00    0.00    0.00    0.00    0.00    0.00    0.00  100.00
13:03:15       2    1.01    0.00    1.01    0.00    0.00    0.00    0.00    0.00    0.00   97.98
13:03:15       3    0.00    0.00    0.00    0.00    0.00    0.00    0.00    0.00    0.00  100.00
13:03:15       4    0.00    0.00    0.00    0.00    0.00    0.00    0.00    0.00    0.00  100.00
13:03:15       5    0.00    0.00    0.00    0.00    0.00    0.00    0.00    0.00    0.00  100.00
13:03:15       6    0.00    0.00    0.00    0.00    0.00    0.00    0.00    0.00    0.00  100.00
13:03:15       7    0.00    0.00    0.00    0.00    0.00    0.00    0.00    0.00    0.00  100.00

13:03:15     CPU    %usr   %nice    %sys %iowait    %irq   %soft  %steal  %guest  %gnice   %idle
13:03:16     all    0.00    0.00    0.38    0.00    0.00    0.00    0.00    0.00    0.00   99.62
13:03:16       0    0.00    0.00    2.02    0.00    0.00    0.00    0.00    0.00    0.00   97.98
13:03:16       1    0.00    0.00    0.00    0.00    0.00    0.00    0.00    0.00    0.00  100.00
13:03:16       2    0.00    0.00    1.01    0.00    0.00    0.00    0.00    0.00    0.00   98.99
13:03:16       3    0.00    0.00    0.00    0.00    0.00    0.00    0.00    0.00    0.00  100.00
13:03:16       4    0.00    0.00    0.00    0.00    0.00    0.00    0.00    0.00    0.00  100.00
13:03:16       5    0.00    0.00    0.00    0.00    0.00    0.00    0.00    0.00    0.00  100.00
13:03:16       6    0.00    0.00    0.00    0.00    0.00    0.00    0.00    0.00    0.00  100.00
13:03:16       7    0.00    0.00    0.00    0.00    0.00    0.00    0.00    0.00    0.00  100.00

13:03:16     CPU    %usr   %nice    %sys %iowait    %irq   %soft  %steal  %guest  %gnice   %idle
13:03:17     all    0.12    0.00    0.50    0.00    0.00    0.00    0.00    0.00    0.00   99.38
13:03:17       0    1.00    0.00    2.00    0.00    0.00    0.00    0.00    0.00    0.00   97.00
13:03:17       1    0.00    0.00    0.00    0.00    0.00    0.00    0.00    0.00    0.00  100.00
13:03:17       2    0.00    0.00    2.00    0.00    0.00    0.00    0.00    0.00    0.00   98.00
13:03:17       3    0.00    0.00    0.00    0.00    0.00    0.00    0.00    0.00    0.00  100.00
13:03:17       4    0.00    0.00    0.00    0.00    0.00    0.00    0.00    0.00    0.00  100.00
13:03:17       5    0.00    0.00    0.00    0.00    0.00    0.00    0.00    0.00    0.00  100.00
13:03:17       6    0.00    0.00    0.00    0.00    0.00    0.00    0.00    0.00    0.00  100.00
13:03:17       7    0.00    0.00    0.00    0.00    0.00    0.00    0.00    0.00    0.00  100.00

13:03:17     CPU    %usr   %nice    %sys %iowait    %irq   %soft  %steal  %guest  %gnice   %idle
13:03:18     all    0.00    0.00    0.25    0.00    0.00    0.13    0.00    0.00    0.00   99.62
13:03:18       0    0.00    0.00    1.02    0.00    0.00    0.00    0.00    0.00    0.00   98.98
13:03:18       1    0.00    0.00    0.00    0.00    0.00    0.00    0.00    0.00    0.00  100.00
13:03:18       2    0.00    0.00    1.00    0.00    0.00    1.00    0.00    0.00    0.00   98.00
13:03:18       3    0.00    0.00    0.00    0.00    0.00    0.00    0.00    0.00    0.00  100.00
13:03:18       4    0.00    0.00    0.00    0.00    0.00    0.00    0.00    0.00    0.00  100.00
13:03:18       5    0.00    0.00    0.00    0.00    0.00    0.00    0.00    0.00    0.00  100.00
13:03:18       6    0.00    0.00    0.00    0.00    0.00    0.00    0.00    0.00    0.00  100.00
13:03:18       7    0.00    0.00    0.00    0.00    0.00    0.00    0.00    0.00    0.00  100.00

13:03:18     CPU    %usr   %nice    %sys %iowait    %irq   %soft  %steal  %guest  %gnice   %idle
13:03:19     all    0.00    0.00    0.38    0.00    0.00    0.00    0.00    0.00    0.00   99.62
13:03:19       0    0.00    0.00    2.02    0.00    0.00    0.00    0.00    0.00    0.00   97.98
13:03:19       1    0.00    0.00    0.00    0.00    0.00    0.00    0.00    0.00    0.00  100.00
13:03:19       2    0.00    0.00    1.02    0.00    0.00    0.00    0.00    0.00    0.00   98.98
13:03:19       3    0.00    0.00    0.00    0.00    0.00    0.00    0.00    0.00    0.00  100.00
13:03:19       4    0.00    0.00    0.00    0.00    0.00    0.00    0.00    0.00    0.00  100.00
13:03:19       5    0.00    0.00    0.00    0.00    0.00    0.00    0.00    0.00    0.00  100.00
13:03:19       6    0.00    0.00    0.00    0.00    0.00    0.00    0.00    0.00    0.00  100.00
13:03:19       7    0.00    0.00    0.00    0.00    0.00    0.00    0.00    0.00    0.00  100.00

13:03:19     CPU    %usr   %nice    %sys %iowait    %irq   %soft  %steal  %guest  %gnice   %idle
13:03:20     all    0.00    0.00    0.50    0.00    0.00    0.00    0.00    0.00    0.00   99.50
13:03:20       0    0.00    0.00    2.04    0.00    0.00    0.00    0.00    0.00    0.00   97.96
13:03:20       1    0.00    0.00    0.00    0.00    0.00    0.00    0.00    0.00    0.00  100.00
13:03:20       2    0.00    0.00    2.00    0.00    0.00    0.00    0.00    0.00    0.00   98.00
13:03:20       3    0.00    0.00    0.00    0.00    0.00    0.00    0.00    0.00    0.00  100.00
13:03:20       4    0.00    0.00    0.00    0.00    0.00    0.00    0.00    0.00    0.00  100.00
13:03:20       5    0.00    0.00    0.00    0.00    0.00    0.00    0.00    0.00    0.00  100.00
13:03:20       6    0.00    0.00    0.00    0.00    0.00    0.00    0.00    0.00    0.00  100.00
13:03:20       7    0.00    0.00    0.00    0.00    0.00    0.00    0.00    0.00    0.00  100.00

13:03:20     CPU    %usr   %nice    %sys %iowait    %irq   %soft  %steal  %guest  %gnice   %idle
13:03:21     all    0.13    0.00    0.13    0.00    0.00    0.00    0.00    0.00    0.00   99.75
13:03:21       0    1.01    0.00    1.01    0.00    0.00    0.00    0.00    0.00    0.00   97.98
13:03:21       1    0.00    0.00    0.00    0.00    0.00    0.00    0.00    0.00    0.00  100.00
13:03:21       2    0.00    0.00    0.00    0.00    0.00    0.00    0.00    0.00    0.00  100.00
13:03:21       3    0.00    0.00    0.00    0.00    0.00    0.00    0.00    0.00    0.00  100.00
13:03:21       4    0.00    0.00    0.00    0.00    0.00    0.00    0.00    0.00    0.00  100.00
13:03:21       5    0.00    0.00    0.00    0.00    0.00    0.00    0.00    0.00    0.00  100.00
13:03:21       6    0.00    0.00    0.00    0.00    0.00    0.00    0.00    0.00    0.00  100.00
13:03:21       7    0.00    0.00    0.00    0.00    0.00    0.00    0.00    0.00    0.00  100.00

13:03:21     CPU    %usr   %nice    %sys %iowait    %irq   %soft  %steal  %guest  %gnice   %idle
13:03:22     all    0.12    0.00    0.62    0.00    0.00    0.12    0.00    0.00    0.00   99.12
13:03:22       0    0.00    0.00    2.00    0.00    0.00    1.00    0.00    0.00    0.00   97.00
13:03:22       1    0.00    0.00    0.00    0.00    0.00    0.00    0.00    0.00    0.00  100.00
13:03:22       2    1.00    0.00    2.00    0.00    0.00    0.00    0.00    0.00    0.00   97.00
13:03:22       3    0.00    0.00    0.00    0.00    0.00    0.00    0.00    0.00    0.00  100.00
13:03:22       4    0.00    0.00    0.00    0.00    0.00    0.00    0.00    0.00    0.00  100.00
13:03:22       5    0.00    0.00    0.00    0.00    0.00    0.00    0.00    0.00    0.00  100.00
13:03:22       6    0.00    0.00    0.99    0.00    0.00    0.00    0.00    0.00    0.00   99.01
13:03:22       7    0.00    0.00    0.00    0.00    0.00    0.00    0.00    0.00    0.00  100.00

13:03:22     CPU    %usr   %nice    %sys %iowait    %irq   %soft  %steal  %guest  %gnice   %idle
13:03:23     all    0.00    0.00    0.38    0.00    0.00    0.00    0.00    0.00    0.00   99.62
13:03:23       0    0.00    0.00    1.02    0.00    0.00    0.00    0.00    0.00    0.00   98.98
13:03:23       1    0.00    0.00    0.00    0.00    0.00    0.00    0.00    0.00    0.00  100.00
13:03:23       2    0.00    0.00    2.00    0.00    0.00    0.00    0.00    0.00    0.00   98.00
13:03:23       3    0.00    0.00    0.00    0.00    0.00    0.00    0.00    0.00    0.00  100.00
13:03:23       4    0.00    0.00    0.00    0.00    0.00    0.00    0.00    0.00    0.00  100.00
13:03:23       5    0.00    0.00    0.00    0.00    0.00    0.00    0.00    0.00    0.00  100.00
13:03:23       6    0.00    0.00    0.00    0.00    0.00    0.00    0.00    0.00    0.00  100.00
13:03:23       7    0.00    0.00    0.00    0.00    0.00    0.00    0.00    0.00    0.00  100.00

13:03:23     CPU    %usr   %nice    %sys %iowait    %irq   %soft  %steal  %guest  %gnice   %idle
13:03:24     all    0.13    0.00    0.38    0.00    0.00    0.00    0.00    0.00    0.00   99.50
13:03:24       0    1.01    0.00    1.01    0.00    0.00    0.00    0.00    0.00    0.00   97.98
13:03:24       1    0.00    0.00    0.00    0.00    0.00    0.00    0.00    0.00    0.00  100.00
13:03:24       2    0.00    0.00    2.02    0.00    0.00    0.00    0.00    0.00    0.00   97.98
13:03:24       3    0.00    0.00    0.00    0.00    0.00    0.00    0.00    0.00    0.00  100.00
13:03:24       4    0.00    0.00    0.00    0.00    0.00    0.00    0.00    0.00    0.00  100.00
13:03:24       5    0.00    0.00    0.00    0.00    0.00    0.00    0.00    0.00    0.00  100.00
13:03:24       6    0.00    0.00    0.00    0.00    0.00    0.00    0.00    0.00    0.00  100.00
13:03:24       7    0.00    0.00    0.00    0.00    0.00    0.00    0.00    0.00    0.00  100.00

13:03:24     CPU    %usr   %nice    %sys %iowait    %irq   %soft  %steal  %guest  %gnice   %idle
13:03:25     all    0.00    0.00    0.25    0.00    0.00    0.00    0.00    0.00    0.00   99.75
13:03:25       0    0.00    0.00    2.04    0.00    0.00    0.00    0.00    0.00    0.00   97.96
13:03:25       1    0.00    0.00    0.00    0.00    0.00    0.00    0.00    0.00    0.00  100.00
13:03:25       2    0.00    0.00    0.00    0.00    0.00    0.00    0.00    0.00    0.00  100.00
13:03:25       3    0.00    0.00    0.00    0.00    0.00    0.00    0.00    0.00    0.00  100.00
13:03:25       4    0.00    0.00    0.00    0.00    0.00    0.00    0.00    0.00    0.00  100.00
13:03:25       5    0.00    0.00    0.00    0.00    0.00    0.00    0.00    0.00    0.00  100.00
13:03:25       6    0.00    0.00    0.00    0.00    0.00    0.00    0.00    0.00    0.00  100.00
13:03:25       7    0.00    0.00    0.00    0.00    0.00    0.00    0.00    0.00    0.00  100.00

13:03:25     CPU    %usr   %nice    %sys %iowait    %irq   %soft  %steal  %guest  %gnice   %idle
13:03:26     all    0.00    0.00    0.50    0.00    0.00    0.00    0.00    0.00    0.00   99.50
13:03:26       0    0.00    0.00    3.00    0.00    0.00    0.00    0.00    0.00    0.00   97.00
13:03:26       1    0.00    0.00    0.00    0.00    0.00    0.00    0.00    0.00    0.00  100.00
13:03:26       2    0.00    0.00    1.01    0.00    0.00    0.00    0.00    0.00    0.00   98.99
13:03:26       3    0.00    0.00    0.00    0.00    0.00    0.00    0.00    0.00    0.00  100.00
13:03:26       4    0.00    0.00    0.00    0.00    0.00    0.00    0.00    0.00    0.00  100.00
13:03:26       5    0.00    0.00    0.00    0.00    0.00    0.00    0.00    0.00    0.00  100.00
13:03:26       6    0.00    0.00    0.00    0.00    0.00    0.00    0.00    0.00    0.00  100.00
13:03:26       7    0.00    0.00    0.00    0.00    0.00    0.00    0.00    0.00    0.00  100.00

13:03:26     CPU    %usr   %nice    %sys %iowait    %irq   %soft  %steal  %guest  %gnice   %idle
13:03:27     all    0.13    0.00    0.50    0.00    0.00    0.00    0.00    0.00    0.00   99.37
13:03:27       0    1.01    0.00    2.02    0.00    0.00    0.00    0.00    0.00    0.00   96.97
13:03:27       1    0.00    0.00    0.00    0.00    0.00    0.00    0.00    0.00    0.00  100.00
13:03:27       2    0.00    0.00    2.00    0.00    0.00    0.00    0.00    0.00    0.00   98.00
13:03:27       3    0.00    0.00    0.00    0.00    0.00    0.00    0.00    0.00    0.00  100.00
13:03:27       4    0.00    0.00    0.00    0.00    0.00    0.00    0.00    0.00    0.00  100.00
13:03:27       5    0.00    0.00    0.00    0.00    0.00    0.00    0.00    0.00    0.00  100.00
13:03:27       6    0.00    0.00    0.00    0.00    0.00    0.00    0.00    0.00    0.00  100.00
13:03:27       7    0.00    0.00    0.00    0.00    0.00    0.00    0.00    0.00    0.00  100.00

13:03:27     CPU    %usr   %nice    %sys %iowait    %irq   %soft  %steal  %guest  %gnice   %idle
13:03:28     all    0.13    0.00    0.25    0.00    0.00    0.00    0.00    0.00    0.00   99.62
13:03:28       0    0.00    0.00    1.02    0.00    0.00    0.00    0.00    0.00    0.00   98.98
13:03:28       1    0.00    0.00    0.00    0.00    0.00    0.00    0.00    0.00    0.00  100.00
13:03:28       2    1.01    0.00    1.01    0.00    0.00    0.00    0.00    0.00    0.00   97.98
13:03:28       3    0.00    0.00    0.00    0.00    0.00    0.00    0.00    0.00    0.00  100.00
13:03:28       4    0.00    0.00    0.00    0.00    0.00    0.00    0.00    0.00    0.00  100.00
13:03:28       5    0.00    0.00    0.00    0.00    0.00    0.00    0.00    0.00    0.00  100.00
13:03:28       6    0.00    0.00    0.00    0.00    0.00    0.00    0.00    0.00    0.00  100.00
13:03:28       7    0.00    0.00    0.00    0.00    0.00    0.00    0.00    0.00    0.00  100.00

13:03:28     CPU    %usr   %nice    %sys %iowait    %irq   %soft  %steal  %guest  %gnice   %idle
13:03:29     all    0.00    0.00    0.38    0.00    0.00    0.00    0.00    0.00    0.00   99.62
13:03:29       0    0.00    0.00    2.02    0.00    0.00    0.00    0.00    0.00    0.00   97.98
13:03:29       1    0.00    0.00    0.00    0.00    0.00    0.00    0.00    0.00    0.00  100.00
13:03:29       2    0.00    0.00    1.01    0.00    0.00    0.00    0.00    0.00    0.00   98.99
13:03:29       3    0.00    0.00    0.00    0.00    0.00    0.00    0.00    0.00    0.00  100.00
13:03:29       4    0.00    0.00    0.00    0.00    0.00    0.00    0.00    0.00    0.00  100.00
13:03:29       5    0.00    0.00    0.00    0.00    0.00    0.00    0.00    0.00    0.00  100.00
13:03:29       6    0.00    0.00    0.00    0.00    0.00    0.00    0.00    0.00    0.00  100.00
13:03:29       7    0.00    0.00    0.00    0.00    0.00    0.00    0.00    0.00    0.00  100.00

13:03:29     CPU    %usr   %nice    %sys %iowait    %irq   %soft  %steal  %guest  %gnice   %idle
13:03:30     all    0.00    0.00    0.38    0.00    0.00    0.00    0.00    0.00    0.00   99.62
13:03:30       0    0.00    0.00    1.01    0.00    0.00    0.00    0.00    0.00    0.00   98.99
13:03:30       1    0.00    0.00    1.02    0.00    0.00    0.00    0.00    0.00    0.00   98.98
13:03:30       2    0.00    0.00    0.99    0.00    0.00    0.00    0.00    0.00    0.00   99.01
13:03:30       3    0.00    0.00    0.00    0.00    0.00    0.00    0.00    0.00    0.00  100.00
13:03:30       4    0.00    0.00    0.00    0.00    0.00    0.00    0.00    0.00    0.00  100.00
13:03:30       5    0.00    0.00    0.00    0.00    0.00    0.00    0.00    0.00    0.00  100.00
13:03:30       6    0.00    0.00    0.00    0.00    0.00    0.00    0.00    0.00    0.00  100.00
13:03:30       7    0.00    0.00    0.00    0.00    0.00    0.00    0.00    0.00    0.00  100.00

13:03:30     CPU    %usr   %nice    %sys %iowait    %irq   %soft  %steal  %guest  %gnice   %idle
13:03:31     all    0.13    0.00    0.38    0.00    0.00    0.00    0.00    0.00    0.00   99.50
13:03:31       0    0.00    0.00    1.01    0.00    0.00    0.00    0.00    0.00    0.00   98.99
13:03:31       1    1.00    0.00    2.00    0.00    0.00    0.00    0.00    0.00    0.00   97.00
13:03:31       2    0.00    0.00    0.00    0.00    0.00    0.00    0.00    0.00    0.00  100.00
13:03:31       3    0.00    0.00    0.00    0.00    0.00    0.00    0.00    0.00    0.00  100.00
13:03:31       4    0.00    0.00    0.00    0.00    0.00    0.00    0.00    0.00    0.00  100.00
13:03:31       5    0.00    0.00    0.00    0.00    0.00    0.00    0.00    0.00    0.00  100.00
13:03:31       6    0.00    0.00    0.00    0.00    0.00    0.00    0.00    0.00    0.00  100.00
13:03:31       7    0.00    0.00    0.00    0.00    0.00    0.00    0.00    0.00    0.00  100.00

13:03:31     CPU    %usr   %nice    %sys %iowait    %irq   %soft  %steal  %guest  %gnice   %idle
13:03:32     all    0.13    0.00    0.38    0.00    0.00    0.13    0.00    0.00    0.00   99.37
13:03:32       0    0.99    0.00    1.98    0.00    0.00    0.99    0.00    0.00    0.00   96.04
13:03:32       1    0.00    0.00    1.01    0.00    0.00    0.00    0.00    0.00    0.00   98.99
13:03:32       2    0.00    0.00    0.00    0.00    0.00    0.00    0.00    0.00    0.00  100.00
13:03:32       3    0.00    0.00    0.00    0.00    0.00    0.00    0.00    0.00    0.00  100.00
13:03:32       4    0.00    0.00    0.00    0.00    0.00    0.00    0.00    0.00    0.00  100.00
13:03:32       5    0.00    0.00    0.00    0.00    0.00    0.00    0.00    0.00    0.00  100.00
13:03:32       6    0.00    0.00    0.00    0.00    0.00    0.00    0.00    0.00    0.00  100.00
13:03:32       7    0.00    0.00    0.00    0.00    0.00    0.00    0.00    0.00    0.00  100.00

13:03:32     CPU    %usr   %nice    %sys %iowait    %irq   %soft  %steal  %guest  %gnice   %idle
13:03:33     all    0.00    0.00    0.25    0.00    0.00    0.00    0.00    0.00    0.00   99.75
13:03:33       0    0.00    0.00    1.02    0.00    0.00    0.00    0.00    0.00    0.00   98.98
13:03:33       1    0.00    0.00    1.02    0.00    0.00    0.00    0.00    0.00    0.00   98.98
13:03:33       2    0.00    0.00    0.00    0.00    0.00    0.00    0.00    0.00    0.00  100.00
13:03:33       3    0.00    0.00    0.00    0.00    0.00    0.00    0.00    0.00    0.00  100.00
13:03:33       4    0.00    0.00    0.00    0.00    0.00    0.00    0.00    0.00    0.00  100.00
13:03:33       5    0.00    0.00    0.00    0.00    0.00    0.00    0.00    0.00    0.00  100.00
13:03:33       6    0.00    0.00    0.00    0.00    0.00    0.00    0.00    0.00    0.00  100.00
13:03:33       7    0.00    0.00    0.00    0.00    0.00    0.00    0.00    0.00    0.00  100.00

13:03:33     CPU    %usr   %nice    %sys %iowait    %irq   %soft  %steal  %guest  %gnice   %idle
13:03:34     all    0.00    0.00    0.38    0.00    0.00    0.00    0.00    0.00    0.00   99.62
13:03:34       0    0.00    0.00    1.02    0.00    0.00    0.00    0.00    0.00    0.00   98.98
13:03:34       1    0.00    0.00    1.01    0.00    0.00    0.00    0.00    0.00    0.00   98.99
13:03:34       2    0.00    0.00    0.00    0.00    0.00    0.00    0.00    0.00    0.00  100.00
13:03:34       3    0.00    0.00    0.00    0.00    0.00    0.00    0.00    0.00    0.00  100.00
13:03:34       4    0.00    0.00    0.00    0.00    0.00    0.00    0.00    0.00    0.00  100.00
13:03:34       5    0.00    0.00    0.00    0.00    0.00    0.00    0.00    0.00    0.00  100.00
13:03:34       6    0.00    0.00    1.00    0.00    0.00    0.00    0.00    0.00    0.00   99.00
13:03:34       7    0.00    0.00    0.00    0.00    0.00    0.00    0.00    0.00    0.00  100.00

13:03:34     CPU    %usr   %nice    %sys %iowait    %irq   %soft  %steal  %guest  %gnice   %idle
13:03:35     all    0.00    0.00    0.38    0.00    0.00    0.13    0.00    0.00    0.00   99.50
13:03:35       0    0.00    0.00    1.00    0.00    0.00    0.00    0.00    0.00    0.00   99.00
13:03:35       1    0.00    0.00    2.02    0.00    0.00    1.01    0.00    0.00    0.00   96.97
13:03:35       2    0.00    0.00    0.00    0.00    0.00    0.00    0.00    0.00    0.00  100.00
13:03:35       3    0.00    0.00    0.00    0.00    0.00    0.00    0.00    0.00    0.00  100.00
13:03:35       4    0.00    0.00    0.00    0.00    0.00    0.00    0.00    0.00    0.00  100.00
13:03:35       5    0.00    0.00    0.00    0.00    0.00    0.00    0.00    0.00    0.00  100.00
13:03:35       6    0.00    0.00    0.00    0.00    0.00    0.00    0.00    0.00    0.00  100.00
13:03:35       7    0.00    0.00    0.00    0.00    0.00    0.00    0.00    0.00    0.00  100.00

13:03:35     CPU    %usr   %nice    %sys %iowait    %irq   %soft  %steal  %guest  %gnice   %idle
13:03:36     all    0.00    0.00    0.38    0.00    0.00    0.00    0.00    0.00    0.00   99.62
13:03:36       0    0.00    0.00    2.04    0.00    0.00    0.00    0.00    0.00    0.00   97.96
13:03:36       1    0.00    0.00    1.01    0.00    0.00    0.00    0.00    0.00    0.00   98.99
13:03:36       2    0.00    0.00    0.00    0.00    0.00    0.00    0.00    0.00    0.00  100.00
13:03:36       3    0.00    0.00    0.00    0.00    0.00    0.00    0.00    0.00    0.00  100.00
13:03:36       4    0.00    0.00    0.00    0.00    0.00    0.00    0.00    0.00    0.00  100.00
13:03:36       5    0.00    0.00    0.00    0.00    0.00    0.00    0.00    0.00    0.00  100.00
13:03:36       6    0.00    0.00    0.00    0.00    0.00    0.00    0.00    0.00    0.00  100.00
13:03:36       7    0.00    0.00    0.00    0.00    0.00    0.00    0.00    0.00    0.00  100.00

13:03:36     CPU    %usr   %nice    %sys %iowait    %irq   %soft  %steal  %guest  %gnice   %idle
13:03:37     all    0.13    0.00    0.38    0.00    0.00    0.00    0.00    0.00    0.00   99.50
13:03:37       0    0.99    0.00    0.99    0.00    0.00    0.00    0.00    0.00    0.00   98.02
13:03:37       1    0.00    0.00    1.01    0.00    0.00    0.00    0.00    0.00    0.00   98.99
13:03:37       2    0.00    0.00    1.01    0.00    0.00    0.00    0.00    0.00    0.00   98.99
13:03:37       3    0.00    0.00    0.00    0.00    0.00    0.00    0.00    0.00    0.00  100.00
13:03:37       4    0.00    0.00    0.00    0.00    0.00    0.00    0.00    0.00    0.00  100.00
13:03:37       5    0.00    0.00    0.00    0.00    0.00    0.00    0.00    0.00    0.00  100.00
13:03:37       6    0.00    0.00    0.00    0.00    0.00    0.00    0.00    0.00    0.00  100.00
13:03:37       7    0.00    0.00    0.00    0.00    0.00    0.00    0.00    0.00    0.00  100.00

13:03:37     CPU    %usr   %nice    %sys %iowait    %irq   %soft  %steal  %guest  %gnice   %idle
13:03:38     all    0.00    0.00    0.13    0.00    0.00    0.00    0.00    0.00    0.00   99.87
13:03:38       0    0.00    0.00    0.00    0.00    0.00    0.00    0.00    0.00    0.00  100.00
13:03:38       1    0.00    0.00    0.00    0.00    0.00    0.00    0.00    0.00    0.00  100.00
13:03:38       2    0.00    0.00    1.01    0.00    0.00    0.00    0.00    0.00    0.00   98.99
13:03:38       3    0.00    0.00    0.00    0.00    0.00    0.00    0.00    0.00    0.00  100.00
13:03:38       4    0.00    0.00    0.00    0.00    0.00    0.00    0.00    0.00    0.00  100.00
13:03:38       5    0.00    0.00    0.00    0.00    0.00    0.00    0.00    0.00    0.00  100.00
13:03:38       6    0.00    0.00    0.00    0.00    0.00    0.00    0.00    0.00    0.00  100.00
13:03:38       7    0.00    0.00    0.00    0.00    0.00    0.00    0.00    0.00    0.00  100.00

13:03:38     CPU    %usr   %nice    %sys %iowait    %irq   %soft  %steal  %guest  %gnice   %idle
13:03:39     all    0.00    0.00    0.00    0.00    0.00    0.00    0.00    0.00    0.00  100.00
13:03:39       0    0.00    0.00    0.00    0.00    0.00    0.00    0.00    0.00    0.00  100.00
13:03:39       1    0.00    0.00    0.00    0.00    0.00    0.00    0.00    0.00    0.00  100.00
13:03:39       2    0.00    0.00    0.00    0.00    0.00    0.00    0.00    0.00    0.00  100.00
13:03:39       3    0.00    0.00    0.00    0.00    0.00    0.00    0.00    0.00    0.00  100.00
13:03:39       4    0.00    0.00    0.00    0.00    0.00    0.00    0.00    0.00    0.00  100.00
13:03:39       5    0.00    0.00    0.00    0.00    0.00    0.00    0.00    0.00    0.00  100.00
13:03:39       6    0.00    0.00    0.00    0.00    0.00    0.00    0.00    0.00    0.00  100.00
13:03:39       7    0.00    0.00    0.00    0.00    0.00    0.00    0.00    0.00    0.00  100.00

13:03:39     CPU    %usr   %nice    %sys %iowait    %irq   %soft  %steal  %guest  %gnice   %idle
13:03:40     all    0.00    0.00    0.00    0.00    0.00    0.00    0.00    0.00    0.00  100.00
13:03:40       0    0.00    0.00    0.00    0.00    0.00    0.00    0.00    0.00    0.00  100.00
13:03:40       1    0.00    0.00    0.00    0.00    0.00    0.00    0.00    0.00    0.00  100.00
13:03:40       2    0.00    0.00    0.00    0.00    0.00    0.00    0.00    0.00    0.00  100.00
13:03:40       3    0.00    0.00    0.00    0.00    0.00    0.00    0.00    0.00    0.00  100.00
13:03:40       4    0.00    0.00    0.00    0.00    0.00    0.00    0.00    0.00    0.00  100.00
13:03:40       5    0.00    0.00    0.00    0.00    0.00    0.00    0.00    0.00    0.00  100.00
13:03:40       6    0.00    0.00    0.00    0.00    0.00    0.00    0.00    0.00    0.00  100.00
13:03:40       7    0.00    0.00    0.00    0.00    0.00    0.00    0.00    0.00    0.00  100.00

13:03:40     CPU    %usr   %nice    %sys %iowait    %irq   %soft  %steal  %guest  %gnice   %idle
13:03:41     all    0.00    0.00    0.00    0.00    0.00    0.00    0.00    0.00    0.00  100.00
13:03:41       0    0.00    0.00    0.00    0.00    0.00    0.00    0.00    0.00    0.00  100.00
13:03:41       1    0.00    0.00    0.00    0.00    0.00    0.00    0.00    0.00    0.00  100.00
13:03:41       2    0.00    0.00    0.00    0.00    0.00    0.00    0.00    0.00    0.00  100.00
13:03:41       3    0.00    0.00    0.00    0.00    0.00    0.00    0.00    0.00    0.00  100.00
13:03:41       4    0.00    0.00    0.00    0.00    0.00    0.00    0.00    0.00    0.00  100.00
13:03:41       5    0.00    0.00    0.00    0.00    0.00    0.00    0.00    0.00    0.00  100.00
13:03:41       6    0.00    0.00    0.00    0.00    0.00    0.00    0.00    0.00    0.00  100.00
13:03:41       7    0.00    0.00    0.00    0.00    0.00    0.00    0.00    0.00    0.00  100.00

13:03:41     CPU    %usr   %nice    %sys %iowait    %irq   %soft  %steal  %guest  %gnice   %idle
13:03:42     all    0.00    0.00    0.00    0.00    0.00    0.00    0.00    0.00    0.00  100.00
13:03:42       0    0.00    0.00    0.00    0.00    0.00    0.00    0.00    0.00    0.00  100.00
13:03:42       1    0.00    0.00    0.00    0.00    0.00    0.00    0.00    0.00    0.00  100.00
13:03:42       2    0.00    0.00    0.00    0.00    0.00    0.00    0.00    0.00    0.00  100.00
13:03:42       3    0.00    0.00    0.00    0.00    0.00    0.00    0.00    0.00    0.00  100.00
13:03:42       4    0.00    0.00    0.00    0.00    0.00    0.00    0.00    0.00    0.00  100.00
13:03:42       5    0.00    0.00    0.00    0.00    0.00    0.00    0.00    0.00    0.00  100.00
13:03:42       6    0.00    0.00    0.00    0.00    0.00    0.00    0.00    0.00    0.00  100.00
13:03:42       7    0.00    0.00    0.00    0.00    0.00    0.00    0.00    0.00    0.00  100.00
