Linux 6.14.0-1018-aws (ip-10-0-1-227) 	01/03/26 	_aarch64_	(8 CPU)

13:05:07     CPU    %usr   %nice    %sys %iowait    %irq   %soft  %steal  %guest  %gnice   %idle
13:05:08     all    0.00    0.00    0.00    0.00    0.00    0.00    0.00    0.00    0.00  100.00
13:05:08       0    0.00    0.00    0.00    0.00    0.00    0.00    0.00    0.00    0.00  100.00
13:05:08       1    0.00    0.00    0.00    0.00    0.00    0.00    0.00    0.00    0.00  100.00
13:05:08       2    0.00    0.00    0.00    0.00    0.00    0.00    0.00    0.00    0.00  100.00
13:05:08       3    0.00    0.00    0.00    0.00    0.00    0.00    0.00    0.00    0.00  100.00
13:05:08       4    0.00    0.00    0.00    0.00    0.00    0.00    0.00    0.00    0.00  100.00
13:05:08       5    0.00    0.00    0.00    0.00    0.00    0.00    0.00    0.00    0.00  100.00
13:05:08       6    0.00    0.00    0.00    0.00    0.00    0.00    0.00    0.00    0.00  100.00
13:05:08       7    0.00    0.00    0.00    0.00    0.00    0.00    0.00    0.00    0.00  100.00

13:05:08     CPU    %usr   %nice    %sys %iowait    %irq   %soft  %steal  %guest  %gnice   %idle
13:05:09     all    0.00    0.00    1.12    0.00    0.00    0.00    0.00    0.00    0.00   98.88
13:05:09       0    0.00    0.00    0.00    0.00    0.00    0.00    0.00    0.00    0.00  100.00
13:05:09       1    0.00    0.00    0.00    0.00    0.00    0.00    0.00    0.00    0.00  100.00
13:05:09       2    0.00    0.00    0.00    0.00    0.00    0.00    0.00    0.00    0.00  100.00
13:05:09       3    0.00    0.00    0.00    0.00    0.00    0.00    0.00    0.00    0.00  100.00
13:05:09       4    0.00    0.00    2.97    0.00    0.00    0.00    0.00    0.00    0.00   97.03
13:05:09       5    0.00    0.00    6.00    0.00    0.00    0.00    0.00    0.00    0.00   94.00
13:05:09       6    0.00    0.00    0.00    0.00    0.00    0.00    0.00    0.00    0.00  100.00
13:05:09       7    0.00    0.00    0.00    0.00    0.00    0.00    0.00    0.00    0.00  100.00

13:05:09     CPU    %usr   %nice    %sys %iowait    %irq   %soft  %steal  %guest  %gnice   %idle
13:05:10     all    3.79    0.00    5.05   10.98    0.00    0.13    0.00    0.00    0.00   80.05
13:05:10       0   25.25    0.00   25.25    8.08    0.00    0.00    0.00    0.00    0.00   41.41
13:05:10       1    0.00    0.00    0.00    0.00    0.00    0.00    0.00    0.00    0.00  100.00
13:05:10       2    0.00    0.00    0.00    0.00    0.00    0.00    0.00    0.00    0.00  100.00
13:05:10       3    0.00    0.00    2.00   12.00    0.00    1.00    0.00    0.00    0.00   85.00
13:05:10       4    0.00    0.00    3.09   31.96    0.00    0.00    0.00    0.00    0.00   64.95
13:05:10       5    0.00    0.00    2.00   11.00    0.00    0.00    0.00    0.00    0.00   87.00
13:05:10       6    0.00    0.00    0.00    0.00    0.00    0.00    0.00    0.00    0.00  100.00
13:05:10       7    5.15    0.00    8.25   25.77    0.00    0.00    0.00    0.00    0.00   60.82

13:05:10     CPU    %usr   %nice    %sys %iowait    %irq   %soft  %steal  %guest  %gnice   %idle
13:05:11     all    0.88    0.00    3.16   21.09    0.00    0.00    0.00    0.00    0.00   74.87
13:05:11       0    6.19    0.00   12.37   57.73    0.00    0.00    0.00    0.00    0.00   23.71
13:05:11       1    0.00    0.00    2.02   35.35    0.00    0.00    0.00    0.00    0.00   62.63
13:05:11       2    0.00    0.00    2.02   29.29    0.00    0.00    0.00    0.00    0.00   68.69
13:05:11       3    0.00    0.00    0.00    0.00    0.00    0.00    0.00    0.00    0.00  100.00
13:05:11       4    0.00    0.00    3.00   14.00    0.00    0.00    0.00    0.00    0.00   83.00
13:05:11       5    1.02    0.00    5.10   33.67    0.00    0.00    0.00    0.00    0.00   60.20
13:05:11       6    0.00    0.00    0.00    0.00    0.00    0.00    0.00    0.00    0.00  100.00
13:05:11       7    0.00    0.00    1.00    0.00    0.00    0.00    0.00    0.00    0.00   99.00

13:05:11     CPU    %usr   %nice    %sys %iowait    %irq   %soft  %steal  %guest  %gnice   %idle
13:05:12     all    0.63    0.00    2.01   22.33    0.00    0.13    0.00    0.00    0.00   74.91
13:05:12       0    0.00    0.00    0.00    0.00    0.00    0.00    0.00    0.00    0.00  100.00
13:05:12       1    0.00    0.00    3.03   47.47    0.00    1.01    0.00    0.00    0.00   48.48
13:05:12       2    0.00    0.00    4.00   46.00    0.00    0.00    0.00    0.00    0.00   50.00
13:05:12       3    0.00    0.00    0.00    0.00    0.00    0.00    0.00    0.00    0.00  100.00
13:05:12       4    0.00    0.00    0.00    0.00    0.00    0.00    0.00    0.00    0.00  100.00
13:05:12       5    5.05    0.00    9.09   85.86    0.00    0.00    0.00    0.00    0.00    0.00
13:05:12       6    0.00    0.00    0.00    0.00    0.00    0.00    0.00    0.00    0.00  100.00
13:05:12       7    0.00    0.00    0.00    0.00    0.00    0.00    0.00    0.00    0.00  100.00

13:05:12     CPU    %usr   %nice    %sys %iowait    %irq   %soft  %steal  %guest  %gnice   %idle
13:05:13     all    0.50    0.00    1.76   22.84    0.00    0.00    0.00    0.00    0.00   74.91
13:05:13       0    0.00    0.00    1.00    0.00    0.00    0.00    0.00    0.00    0.00   99.00
13:05:13       1    0.00    0.00    3.03   41.41    0.00    0.00    0.00    0.00    0.00   55.56
13:05:13       2    0.00    0.00    4.04   51.52    0.00    0.00    0.00    0.00    0.00   44.44
13:05:13       3    0.99    0.00    0.99    4.95    0.00    0.00    0.00    0.00    0.00   93.07
13:05:13       4    0.00    0.00    0.00    1.00    0.00    0.00    0.00    0.00    0.00   99.00
13:05:13       5    3.06    0.00    5.10   85.71    0.00    0.00    0.00    0.00    0.00    6.12
13:05:13       6    0.00    0.00    0.00    0.00    0.00    0.00    0.00    0.00    0.00  100.00
13:05:13       7    0.00    0.00    0.00    0.00    0.00    0.00    0.00    0.00    0.00  100.00

13:05:13     CPU    %usr   %nice    %sys %iowait    %irq   %soft  %steal  %guest  %gnice   %idle
13:05:14     all    0.51    0.00    2.15   22.22    0.00    0.00    0.00    0.00    0.00   75.13
13:05:14       0    0.00    0.00    0.00    0.00    0.00    0.00    0.00    0.00    0.00  100.00
13:05:14       1    0.00    0.00    4.04   48.48    0.00    0.00    0.00    0.00    0.00   47.47
13:05:14       2    0.00    0.00    3.06   45.92    0.00    0.00    0.00    0.00    0.00   51.02
13:05:14       3    0.00    0.00    0.00    0.00    0.00    0.00    0.00    0.00    0.00  100.00
13:05:14       4    4.12    0.00   10.31   85.57    0.00    0.00    0.00    0.00    0.00    0.00
13:05:14       5    0.00    0.00    0.00    0.00    0.00    0.00    0.00    0.00    0.00  100.00
13:05:14       6    0.00    0.00    0.00    0.00    0.00    0.00    0.00    0.00    0.00  100.00
13:05:14       7    0.00    0.00    0.00    0.00    0.00    0.00    0.00    0.00    0.00  100.00

13:05:14     CPU    %usr   %nice    %sys %iowait    %irq   %soft  %steal  %guest  %gnice   %idle
13:05:15     all    0.63    0.00    2.28   21.67    0.00    0.00    0.00    0.00    0.00   75.41
13:05:15       0    0.00    0.00    1.00    0.00    0.00    0.00    0.00    0.00    0.00   99.00
13:05:15       1    0.00    0.00    3.06   42.86    0.00    0.00    0.00    0.00    0.00   54.08
13:05:15       2    0.00    0.00    4.04   46.46    0.00    0.00    0.00    0.00    0.00   49.49
13:05:15       3    0.00    0.00    0.00    0.00    0.00    0.00    0.00    0.00    0.00  100.00
13:05:15       4    5.32    0.00   10.64   84.04    0.00    0.00    0.00    0.00    0.00    0.00
13:05:15       5    0.00    0.00    0.00    4.04    0.00    0.00    0.00    0.00    0.00   95.96
13:05:15       6    0.00    0.00    0.00    0.00    0.00    0.00    0.00    0.00    0.00  100.00
13:05:15       7    0.00    0.00    0.00    0.00    0.00    0.00    0.00    0.00    0.00  100.00

13:05:15     CPU    %usr   %nice    %sys %iowait    %irq   %soft  %steal  %guest  %gnice   %idle
13:05:16     all    0.25    0.00    1.65   22.46    0.00    0.00    0.00    0.00    0.00   75.63
13:05:16       0    0.00    0.00    0.00    0.00    0.00    0.00    0.00    0.00    0.00  100.00
13:05:16       1    0.00    0.00    0.00    0.00    0.00    0.00    0.00    0.00    0.00  100.00
13:05:16       2    0.00    0.00    0.00    0.00    0.00    0.00    0.00    0.00    0.00  100.00
13:05:16       3    2.17    0.00    6.52   90.22    0.00    0.00    0.00    0.00    0.00    1.09
13:05:16       4    0.00    0.00    0.00    1.01    0.00    0.00    0.00    0.00    0.00   98.99
13:05:16       5    0.00    0.00    3.03   48.48    0.00    0.00    0.00    0.00    0.00   48.48
13:05:16       6    0.00    0.00    4.04   45.45    0.00    0.00    0.00    0.00    0.00   50.51
13:05:16       7    0.00    0.00    0.00    0.00    0.00    0.00    0.00    0.00    0.00  100.00

13:05:16     CPU    %usr   %nice    %sys %iowait    %irq   %soft  %steal  %guest  %gnice   %idle
13:05:17     all    0.13    0.00    1.39   23.11    0.00    0.00    0.00    0.00    0.00   75.38
13:05:17       0    0.00    0.00    0.00    0.00    0.00    0.00    0.00    0.00    0.00  100.00
13:05:17       1    0.00    0.00    0.00    0.00    0.00    0.00    0.00    0.00    0.00  100.00
13:05:17       2    0.00    0.00    0.00    0.00    0.00    0.00    0.00    0.00    0.00  100.00
13:05:17       3    1.04    0.00    4.17   73.96    0.00    0.00    0.00    0.00    0.00   20.83
13:05:17       4    0.00    0.00    1.00   10.00    0.00    0.00    0.00    0.00    0.00   89.00
13:05:17       5    0.00    0.00    3.06   59.18    0.00    0.00    0.00    0.00    0.00   37.76
13:05:17       6    0.00    0.00    2.02   35.35    0.00    0.00    0.00    0.00    0.00   62.63
13:05:17       7    0.00    0.00    1.01    9.09    0.00    0.00    0.00    0.00    0.00   89.90

13:05:17     CPU    %usr   %nice    %sys %iowait    %irq   %soft  %steal  %guest  %gnice   %idle
13:05:18     all    0.00    0.00    1.13   24.03    0.00    0.00    0.00    0.00    0.00   74.84
13:05:18       0    0.00    0.00    0.00    0.00    0.00    0.00    0.00    0.00    0.00  100.00
13:05:18       1    0.00    0.00    0.00    0.00    0.00    0.00    0.00    0.00    0.00  100.00
13:05:18       2    0.00    0.00    0.00    0.00    0.00    0.00    0.00    0.00    0.00  100.00
13:05:18       3    0.00    0.00    3.03   72.73    0.00    0.00    0.00    0.00    0.00   24.24
13:05:18       4    0.00    0.00    1.01   19.19    0.00    0.00    0.00    0.00    0.00   79.80
13:05:18       5    0.00    0.00    2.00   39.00    0.00    0.00    0.00    0.00    0.00   59.00
13:05:18       6    0.00    0.00    2.02   49.49    0.00    0.00    0.00    0.00    0.00   48.48
13:05:18       7    0.00    0.00    1.00   12.00    0.00    0.00    0.00    0.00    0.00   87.00

13:05:18     CPU    %usr   %nice    %sys %iowait    %irq   %soft  %steal  %guest  %gnice   %idle
13:05:19     all    0.00    0.00    3.90   14.99    0.00    0.00    0.00    0.00    0.00   81.11
13:05:19       0    0.00    0.00    0.00   33.33    0.00    0.00    0.00    0.00    0.00   66.67
13:05:19       1    0.00    0.00    0.00    0.00    0.00    0.00    0.00    0.00    0.00  100.00
13:05:19       2    0.00    0.00    0.00    0.00    0.00    0.00    0.00    0.00    0.00  100.00
13:05:19       3    0.00    0.00    0.00    0.00    0.00    0.00    0.00    0.00    0.00  100.00
13:05:19       4    0.00    0.00    1.01   20.20    0.00    0.00    0.00    0.00    0.00   78.79
13:05:19       5    0.00    0.00   28.28   26.26    0.00    0.00    0.00    0.00    0.00   45.45
13:05:19       6    0.00    0.00    0.00    5.00    0.00    0.00    0.00    0.00    0.00   95.00
13:05:19       7    0.00    0.00    2.04   35.71    0.00    0.00    0.00    0.00    0.00   62.24

13:05:19     CPU    %usr   %nice    %sys %iowait    %irq   %soft  %steal  %guest  %gnice   %idle
13:05:20     all    0.76    0.00    2.80    0.25    0.00    0.25    0.00    0.00    0.00   95.92
13:05:20       0    1.02    0.00    4.08    0.00    0.00    0.00    0.00    0.00    0.00   94.90
13:05:20       1    1.02    0.00    2.04    0.00    0.00    0.00    0.00    0.00    0.00   96.94
13:05:20       2    1.00    0.00    2.00    0.00    0.00    1.00    0.00    0.00    0.00   96.00
13:05:20       3    1.02    0.00    4.08    0.00    0.00    0.00    0.00    0.00    0.00   94.90
13:05:20       4    0.00    0.00    2.04    0.00    0.00    1.02    0.00    0.00    0.00   96.94
13:05:20       5    1.04    0.00    1.04    0.00    0.00    0.00    0.00    0.00    0.00   97.92
13:05:20       6    1.01    0.00    3.03    1.01    0.00    0.00    0.00    0.00    0.00   94.95
13:05:20       7    0.00    0.00    4.08    1.02    0.00    0.00    0.00    0.00    0.00   94.90

13:05:20     CPU    %usr   %nice    %sys %iowait    %irq   %soft  %steal  %guest  %gnice   %idle
13:05:21     all    0.13    0.00    1.02    0.38    0.00    0.00    0.00    0.00    0.00   98.48
13:05:21       0    0.00    0.00    1.02    1.02    0.00    0.00    0.00    0.00    0.00   97.96
13:05:21       1    0.00    0.00    2.00    1.00    0.00    0.00    0.00    0.00    0.00   97.00
13:05:21       2    0.00    0.00    1.01    0.00    0.00    0.00    0.00    0.00    0.00   98.99
13:05:21       3    0.00    0.00    2.04    1.02    0.00    0.00    0.00    0.00    0.00   96.94
13:05:21       4    1.00    0.00    1.00    0.00    0.00    0.00    0.00    0.00    0.00   98.00
13:05:21       5    0.00    0.00    1.03    0.00    0.00    0.00    0.00    0.00    0.00   98.97
13:05:21       6    0.00    0.00    0.00    0.00    0.00    0.00    0.00    0.00    0.00  100.00
13:05:21       7    0.00    0.00    0.00    0.00    0.00    0.00    0.00    0.00    0.00  100.00

13:05:21     CPU    %usr   %nice    %sys %iowait    %irq   %soft  %steal  %guest  %gnice   %idle
13:05:22     all    0.38    0.00    1.02    1.78    0.00    0.00    0.00    0.00    0.00   96.82
13:05:22       0    1.00    0.00    2.00    1.00    0.00    0.00    0.00    0.00    0.00   96.00
13:05:22       1    0.00    0.00    0.00    0.00    0.00    0.00    0.00    0.00    0.00  100.00
13:05:22       2    0.00    0.00    0.00    1.02    0.00    0.00    0.00    0.00    0.00   98.98
13:05:22       3    0.00    0.00    1.03    0.00    0.00    0.00    0.00    0.00    0.00   98.97
13:05:22       4    0.00    0.00    1.01    4.04    0.00    0.00    0.00    0.00    0.00   94.95
13:05:22       5    0.00    0.00    1.02    1.02    0.00    0.00    0.00    0.00    0.00   97.96
13:05:22       6    1.02    0.00    1.02    3.06    0.00    0.00    0.00    0.00    0.00   94.90
13:05:22       7    1.00    0.00    2.00    4.00    0.00    0.00    0.00    0.00    0.00   93.00

13:05:22     CPU    %usr   %nice    %sys %iowait    %irq   %soft  %steal  %guest  %gnice   %idle
13:05:23     all    0.38    0.00    1.39    0.63    0.00    0.00    0.00    0.00    0.00   97.60
13:05:23       0    0.00    0.00    2.02    1.01    0.00    0.00    0.00    0.00    0.00   96.97
13:05:23       1    0.00    0.00    1.01    2.02    0.00    0.00    0.00    0.00    0.00   96.97
13:05:23       2    1.01    0.00    1.01    1.01    0.00    0.00    0.00    0.00    0.00   96.97
13:05:23       3    1.01    0.00    2.02    1.01    0.00    0.00    0.00    0.00    0.00   95.96
13:05:23       4    0.00    0.00    1.02    0.00    0.00    0.00    0.00    0.00    0.00   98.98
13:05:23       5    0.00    0.00    1.01    0.00    0.00    0.00    0.00    0.00    0.00   98.99
13:05:23       6    0.00    0.00    1.00    0.00    0.00    0.00    0.00    0.00    0.00   99.00
13:05:23       7    1.01    0.00    2.02    0.00    0.00    0.00    0.00    0.00    0.00   96.97

13:05:23     CPU    %usr   %nice    %sys %iowait    %irq   %soft  %steal  %guest  %gnice   %idle
13:05:24     all    0.26    0.00    0.64    0.00    0.00    0.00    0.00    0.00    0.00   99.11
13:05:24       0    0.00    0.00    0.00    0.00    0.00    0.00    0.00    0.00    0.00  100.00
13:05:24       1    1.01    0.00    2.02    0.00    0.00    0.00    0.00    0.00    0.00   96.97
13:05:24       2    0.00    0.00    1.02    0.00    0.00    0.00    0.00    0.00    0.00   98.98
13:05:24       3    0.00    0.00    1.04    0.00    0.00    0.00    0.00    0.00    0.00   98.96
13:05:24       4    0.00    0.00    0.00    0.00    0.00    0.00    0.00    0.00    0.00  100.00
13:05:24       5    1.00    0.00    1.00    0.00    0.00    0.00    0.00    0.00    0.00   98.00
13:05:24       6    0.00    0.00    0.00    0.00    0.00    0.00    0.00    0.00    0.00  100.00
13:05:24       7    0.00    0.00    0.00    0.00    0.00    0.00    0.00    0.00    0.00  100.00

13:05:24     CPU    %usr   %nice    %sys %iowait    %irq   %soft  %steal  %guest  %gnice   %idle
13:05:25     all    0.38    0.00    1.14    0.38    0.00    0.00    0.00    0.00    0.00   98.09
13:05:25       0    0.00    0.00    2.06    0.00    0.00    0.00    0.00    0.00    0.00   97.94
13:05:25       1    0.00    0.00    0.00    1.03    0.00    0.00    0.00    0.00    0.00   98.97
13:05:25       2    1.01    0.00    0.00    1.01    0.00    0.00    0.00    0.00    0.00   97.98
13:05:25       3    1.01    0.00    2.02    1.01    0.00    0.00    0.00    0.00    0.00   95.96
13:05:25       4    0.99    0.00    1.98    0.00    0.00    0.00    0.00    0.00    0.00   97.03
13:05:25       5    0.00    0.00    1.02    0.00    0.00    0.00    0.00    0.00    0.00   98.98
13:05:25       6    0.00    0.00    1.02    0.00    0.00    0.00    0.00    0.00    0.00   98.98
13:05:25       7    0.00    0.00    1.02    0.00    0.00    0.00    0.00    0.00    0.00   98.98

13:05:25     CPU    %usr   %nice    %sys %iowait    %irq   %soft  %steal  %guest  %gnice   %idle
13:05:26     all    0.13    0.00    1.15    1.27    0.00    0.13    0.00    0.00    0.00   97.32
13:05:26       0    1.02    0.00    1.02    3.06    0.00    0.00    0.00    0.00    0.00   94.90
13:05:26       1    0.00    0.00    2.02    4.04    0.00    0.00    0.00    0.00    0.00   93.94
13:05:26       2    0.00    0.00    1.03    1.03    0.00    0.00    0.00    0.00    0.00   97.94
13:05:26       3    0.00    0.00    1.04    2.08    0.00    0.00    0.00    0.00    0.00   96.88
13:05:26       4    0.00    0.00    0.00    0.00    0.00    0.00    0.00    0.00    0.00  100.00
13:05:26       5    0.00    0.00    1.01    0.00    0.00    0.00    0.00    0.00    0.00   98.99
13:05:26       6    0.00    0.00    1.00    0.00    0.00    1.00    0.00    0.00    0.00   98.00
13:05:26       7    0.00    0.00    2.02    0.00    0.00    0.00    0.00    0.00    0.00   97.98

13:05:26     CPU    %usr   %nice    %sys %iowait    %irq   %soft  %steal  %guest  %gnice   %idle
13:05:27     all    0.13    0.00    1.14    1.52    0.00    0.00    0.00    0.00    0.00   97.21
13:05:27       0    0.00    0.00    1.01    2.02    0.00    0.00    0.00    0.00    0.00   96.97
13:05:27       1    0.00    0.00    0.00    0.00    0.00    0.00    0.00    0.00    0.00  100.00
13:05:27       2    0.00    0.00    1.00    2.00    0.00    0.00    0.00    0.00    0.00   97.00
13:05:27       3    1.02    0.00    2.04    1.02    0.00    0.00    0.00    0.00    0.00   95.92
13:05:27       4    0.00    0.00    2.00    2.00    0.00    0.00    0.00    0.00    0.00   96.00
13:05:27       5    0.00    0.00    1.01    1.01    0.00    0.00    0.00    0.00    0.00   97.98
13:05:27       6    0.00    0.00    1.02    2.04    0.00    0.00    0.00    0.00    0.00   96.94
13:05:27       7    0.00    0.00    1.03    2.06    0.00    0.00    0.00    0.00    0.00   96.91

13:05:27     CPU    %usr   %nice    %sys %iowait    %irq   %soft  %steal  %guest  %gnice   %idle
13:05:28     all    0.38    0.00    1.27    0.00    0.00    0.00    0.00    0.00    0.00   98.35
13:05:28       0    1.01    0.00    1.01    0.00    0.00    0.00    0.00    0.00    0.00   97.98
13:05:28       1    0.00    0.00    2.04    0.00    0.00    0.00    0.00    0.00    0.00   97.96
13:05:28       2    0.00    0.00    2.02    0.00    0.00    0.00    0.00    0.00    0.00   97.98
13:05:28       3    0.00    0.00    2.04    0.00    0.00    0.00    0.00    0.00    0.00   97.96
13:05:28       4    0.00    0.00    0.00    0.00    0.00    0.00    0.00    0.00    0.00  100.00
13:05:28       5    0.00    0.00    1.02    0.00    0.00    0.00    0.00    0.00    0.00   98.98
13:05:28       6    1.00    0.00    1.00    0.00    0.00    0.00    0.00    0.00    0.00   98.00
13:05:28       7    1.01    0.00    1.01    0.00    0.00    0.00    0.00    0.00    0.00   97.98

13:05:28     CPU    %usr   %nice    %sys %iowait    %irq   %soft  %steal  %guest  %gnice   %idle
13:05:29     all    0.00    0.00    1.15    0.00    0.00    0.00    0.00    0.00    0.00   98.85
13:05:29       0    0.00    0.00    2.04    0.00    0.00    0.00    0.00    0.00    0.00   97.96
13:05:29       1    0.00    0.00    1.01    0.00    0.00    0.00    0.00    0.00    0.00   98.99
13:05:29       2    0.00    0.00    1.01    0.00    0.00    0.00    0.00    0.00    0.00   98.99
13:05:29       3    0.00    0.00    0.00    0.00    0.00    0.00    0.00    0.00    0.00  100.00
13:05:29       4    0.00    0.00    2.02    0.00    0.00    0.00    0.00    0.00    0.00   97.98
13:05:29       5    0.00    0.00    1.01    0.00    0.00    0.00    0.00    0.00    0.00   98.99
13:05:29       6    0.00    0.00    1.03    0.00    0.00    0.00    0.00    0.00    0.00   98.97
13:05:29       7    0.00    0.00    1.03    0.00    0.00    0.00    0.00    0.00    0.00   98.97

13:05:29     CPU    %usr   %nice    %sys %iowait    %irq   %soft  %steal  %guest  %gnice   %idle
13:05:30     all    1.01    0.00    1.26    0.88    0.00    0.00    0.00    0.00    0.00   96.86
13:05:30       0    1.01    0.00    1.01    1.01    0.00    0.00    0.00    0.00    0.00   96.97
13:05:30       1    1.01    0.00    1.01    2.02    0.00    0.00    0.00    0.00    0.00   95.96
13:05:30       2    1.01    0.00    1.01    2.02    0.00    0.00    0.00    0.00    0.00   95.96
13:05:30       3    1.00    0.00    2.00    2.00    0.00    0.00    0.00    0.00    0.00   95.00
13:05:30       4    1.00    0.00    1.00    0.00    0.00    0.00    0.00    0.00    0.00   98.00
13:05:30       5    1.00    0.00    2.00    0.00    0.00    0.00    0.00    0.00    0.00   97.00
13:05:30       6    1.01    0.00    1.01    0.00    0.00    0.00    0.00    0.00    0.00   97.98
13:05:30       7    1.01    0.00    1.01    0.00    0.00    0.00    0.00    0.00    0.00   97.98

13:05:30     CPU    %usr   %nice    %sys %iowait    %irq   %soft  %steal  %guest  %gnice   %idle
13:05:31     all    0.00    0.00    1.15    0.00    0.00    0.00    0.00    0.00    0.00   98.85
13:05:31       0    0.00    0.00    0.00    0.00    0.00    0.00    0.00    0.00    0.00  100.00
13:05:31       1    0.00    0.00    2.04    0.00    0.00    0.00    0.00    0.00    0.00   97.96
13:05:31       2    0.00    0.00    1.02    0.00    0.00    0.00    0.00    0.00    0.00   98.98
13:05:31       3    0.00    0.00    1.03    0.00    0.00    0.00    0.00    0.00    0.00   98.97
13:05:31       4    0.00    0.00    1.03    0.00    0.00    0.00    0.00    0.00    0.00   98.97
13:05:31       5    0.00    0.00    1.02    0.00    0.00    0.00    0.00    0.00    0.00   98.98
13:05:31       6    0.00    0.00    1.01    0.00    0.00    0.00    0.00    0.00    0.00   98.99
13:05:31       7    0.00    0.00    2.04    0.00    0.00    0.00    0.00    0.00    0.00   97.96

13:05:31     CPU    %usr   %nice    %sys %iowait    %irq   %soft  %steal  %guest  %gnice   %idle
13:05:32     all    0.38    0.00    1.27    0.00    0.00    0.00    0.00    0.00    0.00   98.35
13:05:32       0    0.00    0.00    2.02    0.00    0.00    0.00    0.00    0.00    0.00   97.98
13:05:32       1    0.00    0.00    1.03    0.00    0.00    0.00    0.00    0.00    0.00   98.97
13:05:32       2    1.01    0.00    1.01    0.00    0.00    0.00    0.00    0.00    0.00   97.98
13:05:32       3    1.01    0.00    2.02    0.00    0.00    0.00    0.00    0.00    0.00   96.97
13:05:32       4    0.00    0.00    1.01    0.00    0.00    0.00    0.00    0.00    0.00   98.99
13:05:32       5    0.00    0.00    1.02    0.00    0.00    0.00    0.00    0.00    0.00   98.98
13:05:32       6    0.00    0.00    1.02    0.00    0.00    0.00    0.00    0.00    0.00   98.98
13:05:32       7    1.01    0.00    1.01    0.00    0.00    0.00    0.00    0.00    0.00   97.98

13:05:32     CPU    %usr   %nice    %sys %iowait    %irq   %soft  %steal  %guest  %gnice   %idle
13:05:33     all    0.25    0.00    1.39    1.14    0.00    0.00    0.00    0.00    0.00   97.22
13:05:33       0    1.01    0.00    1.01    0.00    0.00    0.00    0.00    0.00    0.00   97.98
13:05:33       1    0.00    0.00    0.00    1.01    0.00    0.00    0.00    0.00    0.00   98.99
13:05:33       2    0.00    0.00    2.04    0.00    0.00    0.00    0.00    0.00    0.00   97.96
13:05:33       3    0.00    0.00    1.02    1.02    0.00    0.00    0.00    0.00    0.00   97.96
13:05:33       4    0.00    0.00    2.04    1.02    0.00    0.00    0.00    0.00    0.00   96.94
13:05:33       5    1.00    0.00    1.00    2.00    0.00    0.00    0.00    0.00    0.00   96.00
13:05:33       6    0.00    0.00    2.00    2.00    0.00    0.00    0.00    0.00    0.00   96.00
13:05:33       7    0.00    0.00    2.04    2.04    0.00    0.00    0.00    0.00    0.00   95.92

13:05:33     CPU    %usr   %nice    %sys %iowait    %irq   %soft  %steal  %guest  %gnice   %idle
13:05:34     all    0.38    0.00    1.14    1.52    0.00    0.00    0.00    0.00    0.00   96.96
13:05:34       0    0.00    0.00    2.02    3.03    0.00    0.00    0.00    0.00    0.00   94.95
13:05:34       1    1.01    0.00    1.01    2.02    0.00    0.00    0.00    0.00    0.00   95.96
13:05:34       2    0.00    0.00    1.02    2.04    0.00    0.00    0.00    0.00    0.00   96.94
13:05:34       3    0.00    0.00    2.06    2.06    0.00    0.00    0.00    0.00    0.00   95.88
13:05:34       4    1.01    0.00    1.01    1.01    0.00    0.00    0.00    0.00    0.00   96.97
13:05:34       5    0.00    0.00    1.01    0.00    0.00    0.00    0.00    0.00    0.00   98.99
13:05:34       6    1.00    0.00    1.00    1.00    0.00    0.00    0.00    0.00    0.00   97.00
13:05:34       7    0.00    0.00    0.00    1.02    0.00    0.00    0.00    0.00    0.00   98.98

13:05:34     CPU    %usr   %nice    %sys %iowait    %irq   %soft  %steal  %guest  %gnice   %idle
13:05:35     all    0.38    0.00    1.14    0.64    0.00    0.00    0.00    0.00    0.00   97.84
13:05:35       0    0.00    0.00    1.03    0.00    0.00    0.00    0.00    0.00    0.00   98.97
13:05:35       1    0.00    0.00    1.01    0.00    0.00    0.00    0.00    0.00    0.00   98.99
13:05:35       2    1.01    0.00    0.00    1.01    0.00    0.00    0.00    0.00    0.00   97.98
13:05:35       3    1.00    0.00    2.00    0.00    0.00    0.00    0.00    0.00    0.00   97.00
13:05:35       4    0.00    0.00    1.02    2.04    0.00    0.00    0.00    0.00    0.00   96.94
13:05:35       5    0.00    0.00    1.02    1.02    0.00    0.00    0.00    0.00    0.00   97.96
13:05:35       6    0.00    0.00    1.03    0.00    0.00    0.00    0.00    0.00    0.00   98.97
13:05:35       7    1.01    0.00    2.02    1.01    0.00    0.00    0.00    0.00    0.00   95.96

13:05:35     CPU    %usr   %nice    %sys %iowait    %irq   %soft  %steal  %guest  %gnice   %idle
13:05:36     all    0.25    0.00    1.02    0.00    0.00    0.00    0.00    0.00    0.00   98.73
13:05:36       0    1.01    0.00    1.01    0.00    0.00    0.00    0.00    0.00    0.00   97.98
13:05:36       1    0.00    0.00    0.00    0.00    0.00    0.00    0.00    0.00    0.00  100.00
13:05:36       2    0.99    0.00    1.98    0.00    0.00    0.00    0.00    0.00    0.00   97.03
13:05:36       3    0.00    0.00    2.06    0.00    0.00    0.00    0.00    0.00    0.00   97.94
13:05:36       4    0.00    0.00    1.02    0.00    0.00    0.00    0.00    0.00    0.00   98.98
13:05:36       5    0.00    0.00    0.00    0.00    0.00    0.00    0.00    0.00    0.00  100.00
13:05:36       6    0.00    0.00    2.02    0.00    0.00    0.00    0.00    0.00    0.00   97.98
13:05:36       7    0.00    0.00    0.00    0.00    0.00    0.00    0.00    0.00    0.00  100.00

13:05:36     CPU    %usr   %nice    %sys %iowait    %irq   %soft  %steal  %guest  %gnice   %idle
13:05:37     all    0.38    0.00    1.27    2.03    0.00    0.00    0.00    0.00    0.00   96.33
13:05:37       0    0.00    0.00    1.03    0.00    0.00    0.00    0.00    0.00    0.00   98.97
13:05:37       1    0.00    0.00    1.01    0.00    0.00    0.00    0.00    0.00    0.00   98.99
13:05:37       2    0.00    0.00    1.02    0.00    0.00    0.00    0.00    0.00    0.00   98.98
13:05:37       3    1.00    0.00    1.00    0.00    0.00    0.00    0.00    0.00    0.00   98.00
13:05:37       4    1.01    0.00    1.01    2.02    0.00    0.00    0.00    0.00    0.00   95.96
13:05:37       5    0.00    0.00    2.00    5.00    0.00    0.00    0.00    0.00    0.00   93.00
13:05:37       6    0.00    0.00    1.03    3.09    0.00    0.00    0.00    0.00    0.00   95.88
13:05:37       7    1.00    0.00    2.00    6.00    0.00    0.00    0.00    0.00    0.00   91.00

13:05:37     CPU    %usr   %nice    %sys %iowait    %irq   %soft  %steal  %guest  %gnice   %idle
13:05:38     all    0.00    0.00    1.15    0.00    0.00    0.13    0.00    0.00    0.00   98.72
13:05:38       0    0.00    0.00    2.04    0.00    0.00    0.00    0.00    0.00    0.00   97.96
13:05:38       1    0.00    0.00    1.02    0.00    0.00    0.00    0.00    0.00    0.00   98.98
13:05:38       2    0.00    0.00    1.02    0.00    0.00    0.00    0.00    0.00    0.00   98.98
13:05:38       3    0.00    0.00    2.06    0.00    0.00    0.00    0.00    0.00    0.00   97.94
13:05:38       4    0.00    0.00    1.02    0.00    0.00    0.00    0.00    0.00    0.00   98.98
13:05:38       5    0.00    0.00    0.00    0.00    0.00    0.00    0.00    0.00    0.00  100.00
13:05:38       6    0.00    0.00    1.02    0.00    0.00    0.00    0.00    0.00    0.00   98.98
13:05:38       7    0.00    0.00    1.02    0.00    0.00    1.02    0.00    0.00    0.00   97.96

13:05:38     CPU    %usr   %nice    %sys %iowait    %irq   %soft  %steal  %guest  %gnice   %idle
13:05:39     all    0.63    0.00    1.50    0.75    0.00    0.00    0.00    0.00    0.00   97.12
13:05:39       0    0.99    0.00    0.99    1.98    0.00    0.00    0.00    0.00    0.00   96.04
13:05:39       1    0.00    0.00    2.00    0.00    0.00    0.00    0.00    0.00    0.00   98.00
13:05:39       2    1.00    0.00    1.00    1.00    0.00    0.00    0.00    0.00    0.00   97.00
13:05:39       3    1.01    0.00    2.02    1.01    0.00    0.00    0.00    0.00    0.00   95.96
13:05:39       4    0.00    0.00    1.02    0.00    0.00    0.00    0.00    0.00    0.00   98.98
13:05:39       5    1.00    0.00    2.00    1.00    0.00    0.00    0.00    0.00    0.00   96.00
13:05:39       6    1.00    0.00    1.00    0.00    0.00    0.00    0.00    0.00    0.00   98.00
13:05:39       7    0.00    0.00    2.00    1.00    0.00    0.00    0.00    0.00    0.00   97.00

13:05:39     CPU    %usr   %nice    %sys %iowait    %irq   %soft  %steal  %guest  %gnice   %idle
13:05:40     all    0.76    0.00    1.89    0.50    0.00    0.00    0.00    0.00    0.00   96.85
13:05:40       0    1.02    0.00    2.04    0.00    0.00    0.00    0.00    0.00    0.00   96.94
13:05:40       1    1.01    0.00    1.01    2.02    0.00    0.00    0.00    0.00    0.00   95.96
13:05:40       2    1.00    0.00    2.00    1.00    0.00    0.00    0.00    0.00    0.00   96.00
13:05:40       3    0.00    0.00    3.03    1.01    0.00    0.00    0.00    0.00    0.00   95.96
13:05:40       4    1.00    0.00    1.00    0.00    0.00    0.00    0.00    0.00    0.00   98.00
13:05:40       5    0.99    0.00    1.98    0.00    0.00    0.00    0.00    0.00    0.00   97.03
13:05:40       6    0.00    0.00    2.02    0.00    0.00    0.00    0.00    0.00    0.00   97.98
13:05:40       7    1.02    0.00    2.04    0.00    0.00    0.00    0.00    0.00    0.00   96.94

13:05:40     CPU    %usr   %nice    %sys %iowait    %irq   %soft  %steal  %guest  %gnice   %idle
13:05:41     all    0.38    0.00    2.01    0.00    0.00    0.13    0.00    0.00    0.00   97.49
13:05:41       0    0.00    0.00    1.01    0.00    0.00    0.00    0.00    0.00    0.00   98.99
13:05:41       1    1.00    0.00    2.00    0.00    0.00    0.00    0.00    0.00    0.00   97.00
13:05:41       2    0.00    0.00    3.00    0.00    0.00    0.00    0.00    0.00    0.00   97.00
13:05:41       3    0.99    0.00    2.97    0.00    0.00    0.99    0.00    0.00    0.00   95.05
13:05:41       4    0.00    0.00    3.03    0.00    0.00    0.00    0.00    0.00    0.00   96.97
13:05:41       5    0.00    0.00    1.02    0.00    0.00    0.00    0.00    0.00    0.00   98.98
13:05:41       6    1.00    0.00    1.00    0.00    0.00    0.00    0.00    0.00    0.00   98.00
13:05:41       7    0.00    0.00    2.00    0.00    0.00    0.00    0.00    0.00    0.00   98.00

13:05:41     CPU    %usr   %nice    %sys %iowait    %irq   %soft  %steal  %guest  %gnice   %idle
13:05:42     all    0.50    0.00    2.01    0.00    0.00    0.13    0.00    0.00    0.00   97.36
13:05:42       0    0.00    0.00    2.02    0.00    0.00    0.00    0.00    0.00    0.00   97.98
13:05:42       1    0.00    0.00    1.02    0.00    0.00    0.00    0.00    0.00    0.00   98.98
13:05:42       2    0.00    0.00    1.02    0.00    0.00    0.00    0.00    0.00    0.00   98.98
13:05:42       3    0.99    0.00    3.96    0.00    0.00    0.00    0.00    0.00    0.00   95.05
13:05:42       4    1.00    0.00    2.00    0.00    0.00    0.00    0.00    0.00    0.00   97.00
13:05:42       5    0.99    0.00    1.98    0.00    0.00    0.99    0.00    0.00    0.00   96.04
13:05:42       6    0.00    0.00    2.02    0.00    0.00    0.00    0.00    0.00    0.00   97.98
13:05:42       7    1.01    0.00    2.02    0.00    0.00    0.00    0.00    0.00    0.00   96.97

13:05:42     CPU    %usr   %nice    %sys %iowait    %irq   %soft  %steal  %guest  %gnice   %idle
13:05:43     all    0.63    0.00    1.76    0.13    0.00    0.00    0.00    0.00    0.00   97.48
13:05:43       0    1.00    0.00    2.00    1.00    0.00    0.00    0.00    0.00    0.00   96.00
13:05:43       1    0.00    0.00    2.02    0.00    0.00    0.00    0.00    0.00    0.00   97.98
13:05:43       2    1.00    0.00    2.00    0.00    0.00    0.00    0.00    0.00    0.00   97.00
13:05:43       3    1.02    0.00    2.04    0.00    0.00    0.00    0.00    0.00    0.00   96.94
13:05:43       4    1.01    0.00    1.01    0.00    0.00    0.00    0.00    0.00    0.00   97.98
13:05:43       5    0.00    0.00    2.00    0.00    0.00    0.00    0.00    0.00    0.00   98.00
13:05:43       6    1.00    0.00    1.00    0.00    0.00    0.00    0.00    0.00    0.00   98.00
13:05:43       7    0.00    0.00    2.02    0.00    0.00    0.00    0.00    0.00    0.00   97.98

13:05:43     CPU    %usr   %nice    %sys %iowait    %irq   %soft  %steal  %guest  %gnice   %idle
13:05:44     all    0.13    0.00    1.64    1.39    0.00    0.13    0.00    0.00    0.00   96.71
13:05:44       0    0.00    0.00    2.02    2.02    0.00    1.01    0.00    0.00    0.00   94.95
13:05:44       1    1.01    0.00    2.02    1.01    0.00    0.00    0.00    0.00    0.00   95.96
13:05:44       2    0.00    0.00    1.02    2.04    0.00    0.00    0.00    0.00    0.00   96.94
13:05:44       3    0.00    0.00    2.02    3.03    0.00    0.00    0.00    0.00    0.00   94.95
13:05:44       4    0.00    0.00    2.00    1.00    0.00    0.00    0.00    0.00    0.00   97.00
13:05:44       5    0.00    0.00    1.02    1.02    0.00    0.00    0.00    0.00    0.00   97.96
13:05:44       6    0.00    0.00    2.00    1.00    0.00    0.00    0.00    0.00    0.00   97.00
13:05:44       7    0.00    0.00    1.02    0.00    0.00    0.00    0.00    0.00    0.00   98.98

13:05:44     CPU    %usr   %nice    %sys %iowait    %irq   %soft  %steal  %guest  %gnice   %idle
13:05:45     all    0.63    0.00    1.39    0.38    0.00    0.00    0.00    0.00    0.00   97.59
13:05:45       0    0.00    0.00    1.02    0.00    0.00    0.00    0.00    0.00    0.00   98.98
13:05:45       1    1.01    0.00    2.02    1.01    0.00    0.00    0.00    0.00    0.00   95.96
13:05:45       2    0.00    0.00    1.01    1.01    0.00    0.00    0.00    0.00    0.00   97.98
13:05:45       3    1.01    0.00    2.02    0.00    0.00    0.00    0.00    0.00    0.00   96.97
13:05:45       4    0.00    0.00    0.00    0.00    0.00    0.00    0.00    0.00    0.00  100.00
13:05:45       5    1.01    0.00    2.02    0.00    0.00    0.00    0.00    0.00    0.00   96.97
13:05:45       6    1.01    0.00    1.01    0.00    0.00    0.00    0.00    0.00    0.00   97.98
13:05:45       7    1.00    0.00    2.00    1.00    0.00    0.00    0.00    0.00    0.00   96.00

13:05:45     CPU    %usr   %nice    %sys %iowait    %irq   %soft  %steal  %guest  %gnice   %idle
13:05:46     all    0.51    0.00    0.64    0.51    0.00    0.00    0.00    0.00    0.00   98.34
13:05:46       0    1.01    0.00    1.01    0.00    0.00    0.00    0.00    0.00    0.00   97.98
13:05:46       1    0.00    0.00    0.00    0.00    0.00    0.00    0.00    0.00    0.00  100.00
13:05:46       2    1.00    0.00    1.00    0.00    0.00    0.00    0.00    0.00    0.00   98.00
13:05:46       3    1.01    0.00    1.01    0.00    0.00    0.00    0.00    0.00    0.00   97.98
13:05:46       4    1.01    0.00    1.01    1.01    0.00    0.00    0.00    0.00    0.00   96.97
13:05:46       5    0.00    0.00    0.00    0.00    0.00    0.00    0.00    0.00    0.00  100.00
13:05:46       6    0.00    0.00    0.00    1.03    0.00    0.00    0.00    0.00    0.00   98.97
13:05:46       7    0.00    0.00    1.03    2.06    0.00    0.00    0.00    0.00    0.00   96.91

13:05:46     CPU    %usr   %nice    %sys %iowait    %irq   %soft  %steal  %guest  %gnice   %idle
13:05:47     all    0.25    0.00    1.39    0.00    0.00    0.00    0.00    0.00    0.00   98.36
13:05:47       0    0.00    0.00    1.02    0.00    0.00    0.00    0.00    0.00    0.00   98.98
13:05:47       1    0.00    0.00    1.02    0.00    0.00    0.00    0.00    0.00    0.00   98.98
13:05:47       2    0.00    0.00    1.01    0.00    0.00    0.00    0.00    0.00    0.00   98.99
13:05:47       3    0.00    0.00    1.01    0.00    0.00    0.00    0.00    0.00    0.00   98.99
13:05:47       4    0.00    0.00    2.04    0.00    0.00    0.00    0.00    0.00    0.00   97.96
13:05:47       5    1.00    0.00    1.00    0.00    0.00    0.00    0.00    0.00    0.00   98.00
13:05:47       6    0.99    0.00    1.98    0.00    0.00    0.00    0.00    0.00    0.00   97.03
13:05:47       7    0.00    0.00    2.04    0.00    0.00    0.00    0.00    0.00    0.00   97.96

13:05:47     CPU    %usr   %nice    %sys %iowait    %irq   %soft  %steal  %guest  %gnice   %idle
13:05:48     all    0.00    0.00    0.89    0.00    0.00    0.00    0.00    0.00    0.00   99.11
13:05:48       0    0.00    0.00    1.01    0.00    0.00    0.00    0.00    0.00    0.00   98.99
13:05:48       1    0.00    0.00    1.02    0.00    0.00    0.00    0.00    0.00    0.00   98.98
13:05:48       2    0.00    0.00    1.02    0.00    0.00    0.00    0.00    0.00    0.00   98.98
13:05:48       3    0.00    0.00    0.00    0.00    0.00    0.00    0.00    0.00    0.00  100.00
13:05:48       4    0.00    0.00    1.01    0.00    0.00    0.00    0.00    0.00    0.00   98.99
13:05:48       5    0.00    0.00    1.03    0.00    0.00    0.00    0.00    0.00    0.00   98.97
13:05:48       6    0.00    0.00    1.02    0.00    0.00    0.00    0.00    0.00    0.00   98.98
13:05:48       7    0.00    0.00    1.03    0.00    0.00    0.00    0.00    0.00    0.00   98.97

13:05:48     CPU    %usr   %nice    %sys %iowait    %irq   %soft  %steal  %guest  %gnice   %idle
13:05:49     all    0.26    0.00    1.15    0.00    0.00    0.00    0.00    0.00    0.00   98.60
13:05:49       0    1.01    0.00    1.01    0.00    0.00    0.00    0.00    0.00    0.00   97.98
13:05:49       1    0.00    0.00    1.02    0.00    0.00    0.00    0.00    0.00    0.00   98.98
13:05:49       2    0.00    0.00    0.00    0.00    0.00    0.00    0.00    0.00    0.00  100.00
13:05:49       3    0.00    0.00    2.04    0.00    0.00    0.00    0.00    0.00    0.00   97.96
13:05:49       4    0.00    0.00    1.02    0.00    0.00    0.00    0.00    0.00    0.00   98.98
13:05:49       5    0.00    0.00    1.02    0.00    0.00    0.00    0.00    0.00    0.00   98.98
13:05:49       6    0.00    0.00    1.03    0.00    0.00    0.00    0.00    0.00    0.00   98.97
13:05:49       7    1.01    0.00    2.02    0.00    0.00    0.00    0.00    0.00    0.00   96.97

13:05:49     CPU    %usr   %nice    %sys %iowait    %irq   %soft  %steal  %guest  %gnice   %idle
13:05:50     all    0.26    0.00    0.77    0.00    0.00    0.00    0.00    0.00    0.00   98.98
13:05:50       0    0.00    0.00    1.02    0.00    0.00    0.00    0.00    0.00    0.00   98.98
13:05:50       1    1.02    0.00    0.00    0.00    0.00    0.00    0.00    0.00    0.00   98.98
13:05:50       2    0.00    0.00    1.01    0.00    0.00    0.00    0.00    0.00    0.00   98.99
13:05:50       3    1.01    0.00    1.01    0.00    0.00    0.00    0.00    0.00    0.00   97.98
13:05:50       4    0.00    0.00    0.00    0.00    0.00    0.00    0.00    0.00    0.00  100.00
13:05:50       5    0.00    0.00    1.02    0.00    0.00    0.00    0.00    0.00    0.00   98.98
13:05:50       6    0.00    0.00    1.02    0.00    0.00    0.00    0.00    0.00    0.00   98.98
13:05:50       7    0.00    0.00    1.03    0.00    0.00    0.00    0.00    0.00    0.00   98.97

13:05:50     CPU    %usr   %nice    %sys %iowait    %irq   %soft  %steal  %guest  %gnice   %idle
13:05:51     all    0.38    0.00    1.27    0.00    0.00    0.00    0.00    0.00    0.00   98.35
13:05:51       0    0.00    0.00    1.03    0.00    0.00    0.00    0.00    0.00    0.00   98.97
13:05:51       1    0.00    0.00    2.02    0.00    0.00    0.00    0.00    0.00    0.00   97.98
13:05:51       2    1.00    0.00    1.00    0.00    0.00    0.00    0.00    0.00    0.00   98.00
13:05:51       3    0.00    0.00    1.02    0.00    0.00    0.00    0.00    0.00    0.00   98.98
13:05:51       4    0.00    0.00    1.01    0.00    0.00    0.00    0.00    0.00    0.00   98.99
13:05:51       5    1.01    0.00    2.02    0.00    0.00    0.00    0.00    0.00    0.00   96.97
13:05:51       6    1.01    0.00    1.01    0.00    0.00    0.00    0.00    0.00    0.00   97.98
13:05:51       7    0.00    0.00    1.03    0.00    0.00    0.00    0.00    0.00    0.00   98.97

13:05:51     CPU    %usr   %nice    %sys %iowait    %irq   %soft  %steal  %guest  %gnice   %idle
13:05:52     all    0.25    0.00    1.39    0.63    0.00    0.00    0.00    0.00    0.00   97.72
13:05:52       0    1.00    0.00    2.00    0.00    0.00    0.00    0.00    0.00    0.00   97.00
13:05:52       1    0.00    0.00    1.01    0.00    0.00    0.00    0.00    0.00    0.00   98.99
13:05:52       2    0.00    0.00    1.02    0.00    0.00    0.00    0.00    0.00    0.00   98.98
13:05:52       3    0.00    0.00    0.00    0.00    0.00    0.00    0.00    0.00    0.00  100.00
13:05:52       4    1.02    0.00    1.02    1.02    0.00    0.00    0.00    0.00    0.00   96.94
13:05:52       5    0.00    0.00    2.02    2.02    0.00    0.00    0.00    0.00    0.00   95.96
13:05:52       6    0.00    0.00    3.03    1.01    0.00    0.00    0.00    0.00    0.00   95.96
13:05:52       7    0.00    0.00    1.02    1.02    0.00    0.00    0.00    0.00    0.00   97.96

13:05:52     CPU    %usr   %nice    %sys %iowait    %irq   %soft  %steal  %guest  %gnice   %idle
13:05:53     all    0.38    0.00    1.39    0.51    0.00    0.00    0.00    0.00    0.00   97.72
13:05:53       0    0.00    0.00    1.03    1.03    0.00    0.00    0.00    0.00    0.00   97.94
13:05:53       1    1.02    0.00    1.02    1.02    0.00    0.00    0.00    0.00    0.00   96.94
13:05:53       2    0.00    0.00    2.00    1.00    0.00    0.00    0.00    0.00    0.00   97.00
13:05:53       3    1.01    0.00    2.02    1.01    0.00    0.00    0.00    0.00    0.00   95.96
13:05:53       4    0.00    0.00    1.02    0.00    0.00    0.00    0.00    0.00    0.00   98.98
13:05:53       5    0.00    0.00    1.01    0.00    0.00    0.00    0.00    0.00    0.00   98.99
13:05:53       6    0.00    0.00    1.02    0.00    0.00    0.00    0.00    0.00    0.00   98.98
13:05:53       7    1.00    0.00    2.00    0.00    0.00    0.00    0.00    0.00    0.00   97.00

13:05:53     CPU    %usr   %nice    %sys %iowait    %irq   %soft  %steal  %guest  %gnice   %idle
13:05:54     all    0.25    0.00    1.27    2.16    0.00    0.00    0.00    0.00    0.00   96.32
13:05:54       0    0.00    0.00    1.01    1.01    0.00    0.00    0.00    0.00    0.00   97.98
13:05:54       1    0.00    0.00    1.02    1.02    0.00    0.00    0.00    0.00    0.00   97.96
13:05:54       2    1.00    0.00    1.00    2.00    0.00    0.00    0.00    0.00    0.00   96.00
13:05:54       3    0.00    0.00    2.04    1.02    0.00    0.00    0.00    0.00    0.00   96.94
13:05:54       4    1.00    0.00    1.00    3.00    0.00    0.00    0.00    0.00    0.00   95.00
13:05:54       5    0.00    0.00    2.02    3.03    0.00    0.00    0.00    0.00    0.00   94.95
13:05:54       6    0.00    0.00    1.03    3.09    0.00    0.00    0.00    0.00    0.00   95.88
13:05:54       7    0.00    0.00    1.03    3.09    0.00    0.00    0.00    0.00    0.00   95.88

13:05:54     CPU    %usr   %nice    %sys %iowait    %irq   %soft  %steal  %guest  %gnice   %idle
13:05:55     all    0.51    0.00    1.26    0.25    0.00    0.00    0.00    0.00    0.00   97.98
13:05:55       0    0.00    0.00    1.02    0.00    0.00    0.00    0.00    0.00    0.00   98.98
13:05:55       1    0.00    0.00    1.01    0.00    0.00    0.00    0.00    0.00    0.00   98.99
13:05:55       2    0.00    0.00    2.00    0.00    0.00    0.00    0.00    0.00    0.00   98.00
13:05:55       3    1.02    0.00    1.02    0.00    0.00    0.00    0.00    0.00    0.00   97.96
13:05:55       4    0.00    0.00    0.00    0.00    0.00    0.00    0.00    0.00    0.00  100.00
13:05:55       5    1.00    0.00    2.00    1.00    0.00    0.00    0.00    0.00    0.00   96.00
13:05:55       6    1.00    0.00    1.00    0.00    0.00    0.00    0.00    0.00    0.00   98.00
13:05:55       7    1.01    0.00    2.02    1.01    0.00    0.00    0.00    0.00    0.00   95.96

13:05:55     CPU    %usr   %nice    %sys %iowait    %irq   %soft  %steal  %guest  %gnice   %idle
13:05:56     all    0.25    0.00    1.27    1.52    0.00    0.00    0.00    0.00    0.00   96.95
13:05:56       0    1.01    0.00    2.02    0.00    0.00    0.00    0.00    0.00    0.00   96.97
13:05:56       1    1.01    0.00    1.01    1.01    0.00    0.00    0.00    0.00    0.00   96.97
13:05:56       2    0.00    0.00    1.02    0.00    0.00    0.00    0.00    0.00    0.00   98.98
13:05:56       3    0.00    0.00    1.02    0.00    0.00    0.00    0.00    0.00    0.00   98.98
13:05:56       4    0.00    0.00    1.01    3.03    0.00    0.00    0.00    0.00    0.00   95.96
13:05:56       5    0.00    0.00    0.00    3.09    0.00    0.00    0.00    0.00    0.00   96.91
13:05:56       6    0.00    0.00    2.02    2.02    0.00    0.00    0.00    0.00    0.00   95.96
13:05:56       7    0.00    0.00    2.04    3.06    0.00    0.00    0.00    0.00    0.00   94.90

13:05:56     CPU    %usr   %nice    %sys %iowait    %irq   %soft  %steal  %guest  %gnice   %idle
13:05:57     all    0.25    0.00    1.27    0.76    0.00    0.00    0.00    0.00    0.00   97.71
13:05:57       0    0.00    0.00    1.01    3.03    0.00    0.00    0.00    0.00    0.00   95.96
13:05:57       1    0.00    0.00    1.02    0.00    0.00    0.00    0.00    0.00    0.00   98.98
13:05:57       2    0.00    0.00    1.02    2.04    0.00    0.00    0.00    0.00    0.00   96.94
13:05:57       3    0.00    0.00    2.02    1.01    0.00    0.00    0.00    0.00    0.00   96.97
13:05:57       4    0.00    0.00    1.02    0.00    0.00    0.00    0.00    0.00    0.00   98.98
13:05:57       5    0.00    0.00    1.01    0.00    0.00    0.00    0.00    0.00    0.00   98.99
13:05:57       6    1.02    0.00    1.02    0.00    0.00    0.00    0.00    0.00    0.00   97.96
13:05:57       7    1.02    0.00    2.04    0.00    0.00    0.00    0.00    0.00    0.00   96.94

13:05:57     CPU    %usr   %nice    %sys %iowait    %irq   %soft  %steal  %guest  %gnice   %idle
13:05:58     all    0.25    0.00    1.14    1.01    0.00    0.00    0.00    0.00    0.00   97.59
13:05:58       0    0.00    0.00    1.03    1.03    0.00    0.00    0.00    0.00    0.00   97.94
13:05:58       1    0.00    0.00    1.02    1.02    0.00    0.00    0.00    0.00    0.00   97.96
13:05:58       2    0.00    0.00    1.01    2.02    0.00    0.00    0.00    0.00    0.00   96.97
13:05:58       3    1.02    0.00    1.02    2.04    0.00    0.00    0.00    0.00    0.00   95.92
13:05:58       4    1.00    0.00    1.00    0.00    0.00    0.00    0.00    0.00    0.00   98.00
13:05:58       5    0.00    0.00    1.01    1.01    0.00    0.00    0.00    0.00    0.00   97.98
13:05:58       6    0.00    0.00    1.01    0.00    0.00    0.00    0.00    0.00    0.00   98.99
13:05:58       7    0.00    0.00    2.02    1.01    0.00    0.00    0.00    0.00    0.00   96.97

13:05:58     CPU    %usr   %nice    %sys %iowait    %irq   %soft  %steal  %guest  %gnice   %idle
13:05:59     all    0.38    0.00    1.39    0.25    0.00    0.00    0.00    0.00    0.00   97.97
13:05:59       0    1.01    0.00    2.02    1.01    0.00    0.00    0.00    0.00    0.00   95.96
13:05:59       1    1.01    0.00    1.01    0.00    0.00    0.00    0.00    0.00    0.00   97.98
13:05:59       2    1.01    0.00    2.02    0.00    0.00    0.00    0.00    0.00    0.00   96.97
13:05:59       3    0.00    0.00    1.03    1.03    0.00    0.00    0.00    0.00    0.00   97.94
13:05:59       4    0.00    0.00    2.02    0.00    0.00    0.00    0.00    0.00    0.00   97.98
13:05:59       5    0.00    0.00    1.00    0.00    0.00    0.00    0.00    0.00    0.00   99.00
13:05:59       6    0.00    0.00    1.02    0.00    0.00    0.00    0.00    0.00    0.00   98.98
13:05:59       7    0.00    0.00    1.02    0.00    0.00    0.00    0.00    0.00    0.00   98.98

13:05:59     CPU    %usr   %nice    %sys %iowait    %irq   %soft  %steal  %guest  %gnice   %idle
13:06:00     all    0.38    0.00    1.14    2.66    0.00    0.13    0.00    0.00    0.00   95.69
13:06:00       0    0.00    0.00    1.00    2.00    0.00    1.00    0.00    0.00    0.00   96.00
13:06:00       1    0.00    0.00    0.00    2.04    0.00    0.00    0.00    0.00    0.00   97.96
13:06:00       2    0.00    0.00    2.00    1.00    0.00    0.00    0.00    0.00    0.00   97.00
13:06:00       3    1.01    0.00    1.01    1.01    0.00    0.00    0.00    0.00    0.00   96.97
13:06:00       4    0.00    0.00    0.00    5.21    0.00    0.00    0.00    0.00    0.00   94.79
13:06:00       5    1.03    0.00    1.03    4.12    0.00    0.00    0.00    0.00    0.00   93.81
13:06:00       6    1.00    0.00    1.00    3.00    0.00    0.00    0.00    0.00    0.00   95.00
13:06:00       7    0.00    0.00    3.06    3.06    0.00    0.00    0.00    0.00    0.00   93.88

13:06:00     CPU    %usr   %nice    %sys %iowait    %irq   %soft  %steal  %guest  %gnice   %idle
13:06:01     all    0.26    0.00    1.02    0.00    0.00    0.00    0.00    0.00    0.00   98.72
13:06:01       0    0.00    0.00    1.02    0.00    0.00    0.00    0.00    0.00    0.00   98.98
13:06:01       1    0.00    0.00    1.02    0.00    0.00    0.00    0.00    0.00    0.00   98.98
13:06:01       2    0.00    0.00    1.02    0.00    0.00    0.00    0.00    0.00    0.00   98.98
13:06:01       3    1.03    0.00    1.03    0.00    0.00    0.00    0.00    0.00    0.00   97.94
13:06:01       4    0.00    0.00    1.01    0.00    0.00    0.00    0.00    0.00    0.00   98.99
13:06:01       5    0.00    0.00    1.02    0.00    0.00    0.00    0.00    0.00    0.00   98.98
13:06:01       6    0.00    0.00    0.00    0.00    0.00    0.00    0.00    0.00    0.00  100.00
13:06:01       7    1.02    0.00    2.04    0.00    0.00    0.00    0.00    0.00    0.00   96.94

13:06:01     CPU    %usr   %nice    %sys %iowait    %irq   %soft  %steal  %guest  %gnice   %idle
13:06:02     all    0.13    0.00    1.27    1.14    0.00    0.00    0.00    0.00    0.00   97.47
13:06:02       0    0.00    0.00    1.02    2.04    0.00    0.00    0.00    0.00    0.00   96.94
13:06:02       1    0.00    0.00    2.02    1.01    0.00    0.00    0.00    0.00    0.00   96.97
13:06:02       2    0.00    0.00    1.03    1.03    0.00    0.00    0.00    0.00    0.00   97.94
13:06:02       3    0.00    0.00    2.04    2.04    0.00    0.00    0.00    0.00    0.00   95.92
13:06:02       4    1.00    0.00    1.00    1.00    0.00    0.00    0.00    0.00    0.00   97.00
13:06:02       5    0.00    0.00    1.00    1.00    0.00    0.00    0.00    0.00    0.00   98.00
13:06:02       6    0.00    0.00    1.01    0.00    0.00    0.00    0.00    0.00    0.00   98.99
13:06:02       7    0.00    0.00    1.01    1.01    0.00    0.00    0.00    0.00    0.00   97.98

13:06:02     CPU    %usr   %nice    %sys %iowait    %irq   %soft  %steal  %guest  %gnice   %idle
13:06:03     all    0.76    0.00    1.27    0.00    0.00    0.13    0.00    0.00    0.00   97.85
13:06:03       0    1.02    0.00    1.02    0.00    0.00    0.00    0.00    0.00    0.00   97.96
13:06:03       1    0.00    0.00    1.02    0.00    0.00    0.00    0.00    0.00    0.00   98.98
13:06:03       2    1.00    0.00    1.00    0.00    0.00    1.00    0.00    0.00    0.00   97.00
13:06:03       3    1.01    0.00    1.01    0.00    0.00    0.00    0.00    0.00    0.00   97.98
13:06:03       4    0.00    0.00    2.02    0.00    0.00    0.00    0.00    0.00    0.00   97.98
13:06:03       5    1.01    0.00    1.01    0.00    0.00    0.00    0.00    0.00    0.00   97.98
13:06:03       6    1.01    0.00    1.01    0.00    0.00    0.00    0.00    0.00    0.00   97.98
13:06:03       7    1.02    0.00    2.04    0.00    0.00    0.00    0.00    0.00    0.00   96.94

13:06:03     CPU    %usr   %nice    %sys %iowait    %irq   %soft  %steal  %guest  %gnice   %idle
13:06:04     all    0.13    0.00    1.02    0.51    0.00    0.00    0.00    0.00    0.00   98.34
13:06:04       0    0.00    0.00    2.02    0.00    0.00    0.00    0.00    0.00    0.00   97.98
13:06:04       1    1.01    0.00    0.00    0.00    0.00    0.00    0.00    0.00    0.00   98.99
13:06:04       2    0.00    0.00    1.02    0.00    0.00    0.00    0.00    0.00    0.00   98.98
13:06:04       3    0.00    0.00    1.03    1.03    0.00    0.00    0.00    0.00    0.00   97.94
13:06:04       4    0.00    0.00    1.03    1.03    0.00    0.00    0.00    0.00    0.00   97.94
13:06:04       5    0.00    0.00    1.02    0.00    0.00    0.00    0.00    0.00    0.00   98.98
13:06:04       6    0.00    0.00    1.01    1.01    0.00    0.00    0.00    0.00    0.00   97.98
13:06:04       7    0.00    0.00    1.02    1.02    0.00    0.00    0.00    0.00    0.00   97.96

13:06:04     CPU    %usr   %nice    %sys %iowait    %irq   %soft  %steal  %guest  %gnice   %idle
13:06:05     all    0.25    0.00    1.65    1.39    0.00    0.00    0.00    0.00    0.00   96.70
13:06:05       0    0.00    0.00    1.03    1.03    0.00    0.00    0.00    0.00    0.00   97.94
13:06:05       1    0.00    0.00    2.02    3.03    0.00    0.00    0.00    0.00    0.00   94.95
13:06:05       2    0.00    0.00    2.02    4.04    0.00    0.00    0.00    0.00    0.00   93.94
13:06:05       3    1.00    0.00    2.00    3.00    0.00    0.00    0.00    0.00    0.00   94.00
13:06:05       4    0.00    0.00    1.02    0.00    0.00    0.00    0.00    0.00    0.00   98.98
13:06:05       5    0.00    0.00    1.02    0.00    0.00    0.00    0.00    0.00    0.00   98.98
13:06:05       6    0.00    0.00    2.02    0.00    0.00    0.00    0.00    0.00    0.00   97.98
13:06:05       7    1.01    0.00    2.02    0.00    0.00    0.00    0.00    0.00    0.00   96.97

13:06:05     CPU    %usr   %nice    %sys %iowait    %irq   %soft  %steal  %guest  %gnice   %idle
13:06:06     all    0.25    0.00    1.64    1.89    0.00    0.00    0.00    0.00    0.00   96.21
13:06:06       0    0.00    0.00    2.00    2.00    0.00    0.00    0.00    0.00    0.00   96.00
13:06:06       1    0.00    0.00    2.02    1.01    0.00    0.00    0.00    0.00    0.00   96.97
13:06:06       2    0.00    0.00    2.02    1.01    0.00    0.00    0.00    0.00    0.00   96.97
13:06:06       3    0.00    0.00    1.02    2.04    0.00    0.00    0.00    0.00    0.00   96.94
13:06:06       4    1.01    0.00    2.02    3.03    0.00    0.00    0.00    0.00    0.00   93.94
13:06:06       5    1.00    0.00    1.00    2.00    0.00    0.00    0.00    0.00    0.00   96.00
13:06:06       6    0.00    0.00    1.01    2.02    0.00    0.00    0.00    0.00    0.00   96.97
13:06:06       7    0.00    0.00    2.04    2.04    0.00    0.00    0.00    0.00    0.00   95.92

13:06:06     CPU    %usr   %nice    %sys %iowait    %irq   %soft  %steal  %guest  %gnice   %idle
13:06:07     all    0.25    0.00    1.39    0.25    0.00    0.00    0.00    0.00    0.00   98.10
13:06:07       0    1.01    0.00    1.01    0.00    0.00    0.00    0.00    0.00    0.00   97.98
13:06:07       1    0.00    0.00    1.01    0.00    0.00    0.00    0.00    0.00    0.00   98.99
13:06:07       2    1.00    0.00    1.00    0.00    0.00    0.00    0.00    0.00    0.00   98.00
13:06:07       3    0.00    0.00    2.02    0.00    0.00    0.00    0.00    0.00    0.00   97.98
13:06:07       4    0.00    0.00    1.02    0.00    0.00    0.00    0.00    0.00    0.00   98.98
13:06:07       5    0.00    0.00    2.02    1.01    0.00    0.00    0.00    0.00    0.00   96.97
13:06:07       6    0.00    0.00    2.04    0.00    0.00    0.00    0.00    0.00    0.00   97.96
13:06:07       7    0.00    0.00    1.02    1.02    0.00    0.00    0.00    0.00    0.00   97.96

13:06:07     CPU    %usr   %nice    %sys %iowait    %irq   %soft  %steal  %guest  %gnice   %idle
13:06:08     all    0.76    0.00    1.27    0.51    0.00    0.00    0.00    0.00    0.00   97.47
13:06:08       0    0.00    0.00    1.02    0.00    0.00    0.00    0.00    0.00    0.00   98.98
13:06:08       1    1.01    0.00    2.02    0.00    0.00    0.00    0.00    0.00    0.00   96.97
13:06:08       2    0.00    0.00    1.02    0.00    0.00    0.00    0.00    0.00    0.00   98.98
13:06:08       3    1.01    0.00    2.02    1.01    0.00    0.00    0.00    0.00    0.00   95.96
13:06:08       4    1.01    0.00    1.01    1.01    0.00    0.00    0.00    0.00    0.00   96.97
13:06:08       5    1.01    0.00    1.01    0.00    0.00    0.00    0.00    0.00    0.00   97.98
13:06:08       6    1.00    0.00    1.00    1.00    0.00    0.00    0.00    0.00    0.00   97.00
13:06:08       7    1.02    0.00    1.02    1.02    0.00    0.00    0.00    0.00    0.00   96.94

13:06:08     CPU    %usr   %nice    %sys %iowait    %irq   %soft  %steal  %guest  %gnice   %idle
13:06:09     all    0.25    0.00    1.51    0.76    0.00    0.00    0.00    0.00    0.00   97.48
13:06:09       0    0.00    0.00    1.01    1.01    0.00    0.00    0.00    0.00    0.00   97.98
13:06:09       1    0.00    0.00    1.01    1.01    0.00    0.00    0.00    0.00    0.00   97.98
13:06:09       2    0.00    0.00    2.02    1.01    0.00    0.00    0.00    0.00    0.00   96.97
13:06:09       3    1.00    0.00    2.00    0.00    0.00    0.00    0.00    0.00    0.00   97.00
13:06:09       4    0.00    0.00    2.00    2.00    0.00    0.00    0.00    0.00    0.00   96.00
13:06:09       5    0.00    0.00    1.02    0.00    0.00    0.00    0.00    0.00    0.00   98.98
13:06:09       6    0.00    0.00    1.01    0.00    0.00    0.00    0.00    0.00    0.00   98.99
13:06:09       7    1.01    0.00    2.02    1.01    0.00    0.00    0.00    0.00    0.00   95.96

13:06:09     CPU    %usr   %nice    %sys %iowait    %irq   %soft  %steal  %guest  %gnice   %idle
13:06:10     all    0.50    0.00    1.77    0.88    0.00    0.13    0.00    0.00    0.00   96.72
13:06:10       0    1.01    0.00    1.01    1.01    0.00    0.00    0.00    0.00    0.00   96.97
13:06:10       1    0.00    0.00    2.02    0.00    0.00    0.00    0.00    0.00    0.00   97.98
13:06:10       2    1.00    0.00    2.00    2.00    0.00    0.00    0.00    0.00    0.00   95.00
13:06:10       3    1.01    0.00    2.02    2.02    0.00    0.00    0.00    0.00    0.00   94.95
13:06:10       4    0.00    0.00    1.02    0.00    0.00    1.02    0.00    0.00    0.00   97.96
13:06:10       5    0.00    0.00    2.00    2.00    0.00    0.00    0.00    0.00    0.00   96.00
13:06:10       6    1.00    0.00    2.00    0.00    0.00    0.00    0.00    0.00    0.00   97.00
13:06:10       7    0.00    0.00    2.04    0.00    0.00    0.00    0.00    0.00    0.00   97.96

13:06:10     CPU    %usr   %nice    %sys %iowait    %irq   %soft  %steal  %guest  %gnice   %idle
13:06:11     all    0.75    0.00    2.00    1.62    0.00    0.12    0.00    0.00    0.00   95.50
13:06:11       0    1.01    0.00    2.02    4.04    0.00    0.00    0.00    0.00    0.00   92.93
13:06:11       1    0.98    0.00    1.96    1.96    0.00    0.98    0.00    0.00    0.00   94.12
13:06:11       2    0.00    0.00    2.02    2.02    0.00    0.00    0.00    0.00    0.00   95.96
13:06:11       3    1.00    0.00    3.00    3.00    0.00    0.00    0.00    0.00    0.00   93.00
13:06:11       4    0.99    0.00    0.99    0.99    0.00    0.00    0.00    0.00    0.00   97.03
13:06:11       5    1.00    0.00    2.00    0.00    0.00    0.00    0.00    0.00    0.00   97.00
13:06:11       6    0.00    0.00    2.02    0.00    0.00    0.00    0.00    0.00    0.00   97.98
13:06:11       7    1.00    0.00    2.00    1.00    0.00    0.00    0.00    0.00    0.00   96.00

13:06:11     CPU    %usr   %nice    %sys %iowait    %irq   %soft  %steal  %guest  %gnice   %idle
13:06:12     all    0.51    0.00    1.52    0.51    0.00    0.00    0.00    0.00    0.00   97.47
13:06:12       0    0.00    0.00    2.02    1.01    0.00    0.00    0.00    0.00    0.00   96.97
13:06:12       1    0.00    0.00    1.03    0.00    0.00    0.00    0.00    0.00    0.00   98.97
13:06:12       2    1.00    0.00    2.00    1.00    0.00    0.00    0.00    0.00    0.00   96.00
13:06:12       3    0.00    0.00    1.03    1.03    0.00    0.00    0.00    0.00    0.00   97.94
13:06:12       4    1.01    0.00    2.02    0.00    0.00    0.00    0.00    0.00    0.00   96.97
13:06:12       5    0.00    0.00    1.01    0.00    0.00    0.00    0.00    0.00    0.00   98.99
13:06:12       6    1.00    0.00    1.00    1.00    0.00    0.00    0.00    0.00    0.00   97.00
13:06:12       7    1.01    0.00    2.02    0.00    0.00    0.00    0.00    0.00    0.00   96.97

13:06:12     CPU    %usr   %nice    %sys %iowait    %irq   %soft  %steal  %guest  %gnice   %idle
13:06:13     all    0.76    0.00    1.64    1.01    0.00    0.13    0.00    0.00    0.00   96.47
13:06:13       0    1.00    0.00    2.00    0.00    0.00    1.00    0.00    0.00    0.00   96.00
13:06:13       1    1.01    0.00    1.01    0.00    0.00    0.00    0.00    0.00    0.00   97.98
13:06:13       2    1.00    0.00    1.00    0.00    0.00    0.00    0.00    0.00    0.00   98.00
13:06:13       3    1.00    0.00    2.00    1.00    0.00    0.00    0.00    0.00    0.00   96.00
13:06:13       4    0.00    0.00    2.02    2.02    0.00    0.00    0.00    0.00    0.00   95.96
13:06:13       5    1.01    0.00    2.02    1.01    0.00    0.00    0.00    0.00    0.00   95.96
13:06:13       6    1.01    0.00    2.02    2.02    0.00    0.00    0.00    0.00    0.00   94.95
13:06:13       7    0.00    0.00    1.02    2.04    0.00    0.00    0.00    0.00    0.00   96.94

13:06:13     CPU    %usr   %nice    %sys %iowait    %irq   %soft  %steal  %guest  %gnice   %idle
13:06:14     all    0.13    0.00    1.52    0.76    0.00    0.00    0.00    0.00    0.00   97.60
13:06:14       0    0.00    0.00    1.02    0.00    0.00    0.00    0.00    0.00    0.00   98.98
13:06:14       1    0.00    0.00    2.02    1.01    0.00    0.00    0.00    0.00    0.00   96.97
13:06:14       2    0.00    0.00    2.02    1.01    0.00    0.00    0.00    0.00    0.00   96.97
13:06:14       3    0.00    0.00    1.02    0.00    0.00    0.00    0.00    0.00    0.00   98.98
13:06:14       4    1.00    0.00    1.00    1.00    0.00    0.00    0.00    0.00    0.00   97.00
13:06:14       5    0.00    0.00    2.00    1.00    0.00    0.00    0.00    0.00    0.00   97.00
13:06:14       6    0.00    0.00    1.01    1.01    0.00    0.00    0.00    0.00    0.00   97.98
13:06:14       7    0.00    0.00    2.02    1.01    0.00    0.00    0.00    0.00    0.00   96.97

13:06:14     CPU    %usr   %nice    %sys %iowait    %irq   %soft  %steal  %guest  %gnice   %idle
13:06:15     all    0.38    0.00    1.15    0.51    0.00    0.00    0.00    0.00    0.00   97.96
13:06:15       0    1.00    0.00    2.00    0.00    0.00    0.00    0.00    0.00    0.00   97.00
13:06:15       1    0.00    0.00    1.01    0.00    0.00    0.00    0.00    0.00    0.00   98.99
13:06:15       2    0.00    0.00    2.02    0.00    0.00    0.00    0.00    0.00    0.00   97.98
13:06:15       3    1.02    0.00    1.02    0.00    0.00    0.00    0.00    0.00    0.00   97.96
13:06:15       4    0.00    0.00    1.03    1.03    0.00    0.00    0.00    0.00    0.00   97.94
13:06:15       5    0.00    0.00    0.00    1.03    0.00    0.00    0.00    0.00    0.00   98.97
13:06:15       6    1.01    0.00    1.01    1.01    0.00    0.00    0.00    0.00    0.00   96.97
13:06:15       7    0.00    0.00    1.03    1.03    0.00    0.00    0.00    0.00    0.00   97.94

13:06:15     CPU    %usr   %nice    %sys %iowait    %irq   %soft  %steal  %guest  %gnice   %idle
13:06:16     all    0.38    0.00    1.27    1.39    0.00    0.00    0.00    0.00    0.00   96.96
13:06:16       0    0.00    0.00    1.01    2.02    0.00    0.00    0.00    0.00    0.00   96.97
13:06:16       1    0.00    0.00    1.01    2.02    0.00    0.00    0.00    0.00    0.00   96.97
13:06:16       2    1.02    0.00    1.02    1.02    0.00    0.00    0.00    0.00    0.00   96.94
13:06:16       3    0.00    0.00    2.02    1.01    0.00    0.00    0.00    0.00    0.00   96.97
13:06:16       4    0.00    0.00    1.03    1.03    0.00    0.00    0.00    0.00    0.00   97.94
13:06:16       5    1.00    0.00    1.00    1.00    0.00    0.00    0.00    0.00    0.00   97.00
13:06:16       6    0.00    0.00    1.02    1.02    0.00    0.00    0.00    0.00    0.00   97.96
13:06:16       7    1.01    0.00    2.02    2.02    0.00    0.00    0.00    0.00    0.00   94.95

13:06:16     CPU    %usr   %nice    %sys %iowait    %irq   %soft  %steal  %guest  %gnice   %idle
13:06:17     all    0.25    0.00    1.40    0.89    0.00    0.00    0.00    0.00    0.00   97.46
13:06:17       0    0.00    0.00    1.02    1.02    0.00    0.00    0.00    0.00    0.00   97.96
13:06:17       1    1.03    0.00    1.03    1.03    0.00    0.00    0.00    0.00    0.00   96.91
13:06:17       2    0.00    0.00    2.02    1.01    0.00    0.00    0.00    0.00    0.00   96.97
13:06:17       3    1.01    0.00    2.02    2.02    0.00    0.00    0.00    0.00    0.00   94.95
13:06:17       4    0.00    0.00    2.00    1.00    0.00    0.00    0.00    0.00    0.00   97.00
13:06:17       5    0.00    0.00    0.00    0.00    0.00    0.00    0.00    0.00    0.00  100.00
13:06:17       6    0.00    0.00    1.01    1.01    0.00    0.00    0.00    0.00    0.00   97.98
13:06:17       7    0.00    0.00    2.04    0.00    0.00    0.00    0.00    0.00    0.00   97.96

Average:     CPU    %usr   %nice    %sys %iowait    %irq   %soft  %steal  %guest  %gnice   %idle
Average:     all    0.40    0.00    1.48    3.52    0.00    0.03    0.00    0.00    0.00   94.58
Average:       0    0.75    0.00    1.71    2.00    0.00    0.04    0.00    0.00    0.00   95.50
Average:       1    0.25    0.00    1.20    3.59    0.00    0.03    0.00    0.00    0.00   94.94
Average:       2    0.29    0.00    1.33    3.69    0.00    0.03    0.00    0.00    0.00   94.66
Average:       3    0.48    0.00    1.61    4.14    0.00    0.03    0.00    0.00    0.00   93.75
Average:       4    0.39    0.00    1.45    4.33    0.00    0.03    0.00    0.00    0.00   93.80
Average:       5    0.39    0.00    1.89    6.13    0.00    0.01    0.00    0.00    0.00   91.57
Average:       6    0.29    0.00    1.13    2.42    0.00    0.01    0.00    0.00    0.00   96.15
Average:       7    0.39    0.00    1.49    1.86    0.00    0.01    0.00    0.00    0.00   96.24
