Linux 6.14.0-1018-aws (ip-10-0-1-227) 	01/03/26 	_aarch64_	(8 CPU)

15:30:38     CPU    %usr   %nice    %sys %iowait    %irq   %soft  %steal  %guest  %gnice   %idle
15:30:39     all    0.75    0.00    0.50    0.50    0.00    0.00    0.00    0.00    0.00   98.25
15:30:39       0    0.00    0.00    1.00    0.00    0.00    0.00    0.00    0.00    0.00   99.00
15:30:39       1    0.00    0.00    0.00    0.00    0.00    0.00    0.00    0.00    0.00  100.00
15:30:39       2    1.98    0.00    0.99    0.00    0.00    0.00    0.00    0.00    0.00   97.03
15:30:39       3    0.00    0.00    0.00    0.00    0.00    0.00    0.00    0.00    0.00  100.00
15:30:39       4    0.00    0.00    0.99    0.00    0.00    0.00    0.00    0.00    0.00   99.01
15:30:39       5    3.96    0.00    0.99    3.96    0.00    0.00    0.00    0.00    0.00   91.09
15:30:39       6    0.00    0.00    0.00    0.00    0.00    0.00    0.00    0.00    0.00  100.00
15:30:39       7    0.00    0.00    0.00    0.00    0.00    0.00    0.00    0.00    0.00  100.00

15:30:39     CPU    %usr   %nice    %sys %iowait    %irq   %soft  %steal  %guest  %gnice   %idle
15:30:40     all    0.25    0.00    0.37    0.12    0.00    0.00    0.00    0.00    0.00   99.25
15:30:40       0    1.98    0.00    0.99    0.00    0.00    0.00    0.00    0.00    0.00   97.03
15:30:40       1    0.00    0.00    1.00    0.00    0.00    0.00    0.00    0.00    0.00   99.00
15:30:40       2    0.00    0.00    0.00    1.00    0.00    0.00    0.00    0.00    0.00   99.00
15:30:40       3    0.00    0.00    0.00    0.00    0.00    0.00    0.00    0.00    0.00  100.00
15:30:40       4    0.00    0.00    0.00    0.00    0.00    0.00    0.00    0.00    0.00  100.00
15:30:40       5    0.00    0.00    0.00    0.00    0.00    0.00    0.00    0.00    0.00  100.00
15:30:40       6    0.00    0.00    0.00    0.00    0.00    0.00    0.00    0.00    0.00  100.00
15:30:40       7    0.00    0.00    0.99    0.00    0.00    0.00    0.00    0.00    0.00   99.01

15:30:40     CPU    %usr   %nice    %sys %iowait    %irq   %soft  %steal  %guest  %gnice   %idle
15:30:41     all   46.83    0.00   38.07    3.05    0.00    0.76    0.00    0.00    0.00   11.29
15:30:41       0   47.47    0.00   36.36    3.03    0.00    1.01    0.00    0.00    0.00   12.12
15:30:41       1   42.86    0.00   42.86    3.06    0.00    0.00    0.00    0.00    0.00   11.22
15:30:41       2   47.47    0.00   37.37    4.04    0.00    1.01    0.00    0.00    0.00   10.10
15:30:41       3   47.96    0.00   36.73    2.04    0.00    1.02    0.00    0.00    0.00   12.24
15:30:41       4   47.47    0.00   38.38    3.03    0.00    1.01    0.00    0.00    0.00   10.10
15:30:41       5   48.98    0.00   37.76    2.04    0.00    1.02    0.00    0.00    0.00   10.20
15:30:41       6   47.00    0.00   37.00    4.00    0.00    0.00    0.00    0.00    0.00   12.00
15:30:41       7   45.36    0.00   38.14    3.09    0.00    1.03    0.00    0.00    0.00   12.37

15:30:41     CPU    %usr   %nice    %sys %iowait    %irq   %soft  %steal  %guest  %gnice   %idle
15:30:42     all   50.51    0.00   38.07    3.55    0.00    0.63    0.00    0.00    0.00    7.23
15:30:42       0   51.52    0.00   35.35    3.03    0.00    2.02    0.00    0.00    0.00    8.08
15:30:42       1   49.00    0.00   38.00    4.00    0.00    1.00    0.00    0.00    0.00    8.00
15:30:42       2   51.04    0.00   38.54    3.12    0.00    1.04    0.00    0.00    0.00    6.25
15:30:42       3   49.49    0.00   39.39    4.04    0.00    0.00    0.00    0.00    0.00    7.07
15:30:42       4   50.51    0.00   39.39    3.03    0.00    0.00    0.00    0.00    0.00    7.07
15:30:42       5   51.02    0.00   37.76    4.08    0.00    0.00    0.00    0.00    0.00    7.14
15:30:42       6   50.51    0.00   38.38    3.03    0.00    1.01    0.00    0.00    0.00    7.07
15:30:42       7   51.02    0.00   37.76    4.08    0.00    0.00    0.00    0.00    0.00    7.14

15:30:42     CPU    %usr   %nice    %sys %iowait    %irq   %soft  %steal  %guest  %gnice   %idle
15:30:43     all   51.27    0.00   37.47    3.42    0.00    0.63    0.00    0.00    0.00    7.22
15:30:43       0   51.52    0.00   37.37    4.04    0.00    0.00    0.00    0.00    0.00    7.07
15:30:43       1   51.02    0.00   38.78    3.06    0.00    0.00    0.00    0.00    0.00    7.14
15:30:43       2   50.51    0.00   38.38    4.04    0.00    0.00    0.00    0.00    0.00    7.07
15:30:43       3   48.51    0.00   37.62    3.96    0.00    1.98    0.00    0.00    0.00    7.92
15:30:43       4   51.52    0.00   37.37    3.03    0.00    1.01    0.00    0.00    0.00    7.07
15:30:43       5   52.58    0.00   37.11    3.09    0.00    0.00    0.00    0.00    0.00    7.22
15:30:43       6   53.06    0.00   35.71    3.06    0.00    1.02    0.00    0.00    0.00    7.14
15:30:43       7   51.52    0.00   37.37    3.03    0.00    1.01    0.00    0.00    0.00    7.07

15:30:43     CPU    %usr   %nice    %sys %iowait    %irq   %soft  %steal  %guest  %gnice   %idle
15:30:44     all   50.95    0.00   37.29    3.67    0.00    0.76    0.00    0.00    0.00    7.33
15:30:44       0   50.00    0.00   37.76    4.08    0.00    1.02    0.00    0.00    0.00    7.14
15:30:44       1   48.48    0.00   39.39    4.04    0.00    1.01    0.00    0.00    0.00    7.07
15:30:44       2   51.00    0.00   37.00    3.00    0.00    1.00    0.00    0.00    0.00    8.00
15:30:44       3   52.04    0.00   37.76    4.08    0.00    0.00    0.00    0.00    0.00    6.12
15:30:44       4   51.00    0.00   37.00    3.00    0.00    1.00    0.00    0.00    0.00    8.00
15:30:44       5   51.00    0.00   36.00    4.00    0.00    1.00    0.00    0.00    0.00    8.00
15:30:44       6   53.06    0.00   35.71    4.08    0.00    0.00    0.00    0.00    0.00    7.14
15:30:44       7   51.02    0.00   37.76    3.06    0.00    1.02    0.00    0.00    0.00    7.14

15:30:44     CPU    %usr   %nice    %sys %iowait    %irq   %soft  %steal  %guest  %gnice   %idle
15:30:45     all   51.07    0.00   37.20    3.78    0.00    0.88    0.00    0.00    0.00    7.06
15:30:45       0   54.08    0.00   34.69    3.06    0.00    1.02    0.00    0.00    0.00    7.14
15:30:45       1   49.49    0.00   39.39    4.04    0.00    1.01    0.00    0.00    0.00    6.06
15:30:45       2   51.52    0.00   37.37    3.03    0.00    1.01    0.00    0.00    0.00    7.07
15:30:45       3   51.02    0.00   37.76    3.06    0.00    1.02    0.00    0.00    0.00    7.14
15:30:45       4   49.00    0.00   38.00    5.00    0.00    1.00    0.00    0.00    0.00    7.00
15:30:45       5   51.00    0.00   37.00    4.00    0.00    1.00    0.00    0.00    0.00    7.00
15:30:45       6   51.00    0.00   37.00    4.00    0.00    1.00    0.00    0.00    0.00    7.00
15:30:45       7   51.52    0.00   36.36    4.04    0.00    0.00    0.00    0.00    0.00    8.08

15:30:45     CPU    %usr   %nice    %sys %iowait    %irq   %soft  %steal  %guest  %gnice   %idle
15:30:46     all   51.52    0.00   38.23    3.54    0.00    1.01    0.00    0.00    0.00    5.70
15:30:46       0   49.00    0.00   39.00    5.00    0.00    2.00    0.00    0.00    0.00    5.00
15:30:46       1   54.08    0.00   35.71    4.08    0.00    1.02    0.00    0.00    0.00    5.10
15:30:46       2   50.52    0.00   41.24    3.09    0.00    0.00    0.00    0.00    0.00    5.15
15:30:46       3   50.98    0.00   37.25    3.92    0.00    0.98    0.00    0.00    0.00    6.86
15:30:46       4   46.94    0.00   42.86    3.06    0.00    1.02    0.00    0.00    0.00    6.12
15:30:46       5   53.06    0.00   37.76    3.06    0.00    1.02    0.00    0.00    0.00    5.10
15:30:46       6   56.12    0.00   33.67    3.06    0.00    1.02    0.00    0.00    0.00    6.12
15:30:46       7   51.52    0.00   38.38    3.03    0.00    1.01    0.00    0.00    0.00    6.06

15:30:46     CPU    %usr   %nice    %sys %iowait    %irq   %soft  %steal  %guest  %gnice   %idle
15:30:47     all   51.65    0.00   37.97    3.54    0.00    0.89    0.00    0.00    0.00    5.95
15:30:47       0   50.51    0.00   39.39    3.03    0.00    1.01    0.00    0.00    0.00    6.06
15:30:47       1   52.53    0.00   37.37    3.03    0.00    1.01    0.00    0.00    0.00    6.06
15:30:47       2   51.00    0.00   38.00    4.00    0.00    1.00    0.00    0.00    0.00    6.00
15:30:47       3   53.06    0.00   37.76    3.06    0.00    1.02    0.00    0.00    0.00    5.10
15:30:47       4   50.52    0.00   39.18    4.12    0.00    0.00    0.00    0.00    0.00    6.19
15:30:47       5   52.53    0.00   37.37    3.03    0.00    1.01    0.00    0.00    0.00    6.06
15:30:47       6   52.53    0.00   36.36    4.04    0.00    1.01    0.00    0.00    0.00    6.06
15:30:47       7   50.51    0.00   38.38    4.04    0.00    1.01    0.00    0.00    0.00    6.06

15:30:47     CPU    %usr   %nice    %sys %iowait    %irq   %soft  %steal  %guest  %gnice   %idle
15:30:48     all   51.71    0.00   38.02    3.55    0.00    0.63    0.00    0.00    0.00    6.08
15:30:48       0   51.02    0.00   38.78    3.06    0.00    1.02    0.00    0.00    0.00    6.12
15:30:48       1   51.52    0.00   37.37    4.04    0.00    1.01    0.00    0.00    0.00    6.06
15:30:48       2   52.00    0.00   39.00    3.00    0.00    0.00    0.00    0.00    0.00    6.00
15:30:48       3   52.04    0.00   38.78    3.06    0.00    0.00    0.00    0.00    0.00    6.12
15:30:48       4   50.51    0.00   38.38    4.04    0.00    1.01    0.00    0.00    0.00    6.06
15:30:48       5   52.04    0.00   37.76    4.08    0.00    0.00    0.00    0.00    0.00    6.12
15:30:48       6   52.53    0.00   36.36    4.04    0.00    1.01    0.00    0.00    0.00    6.06
15:30:48       7   52.04    0.00   37.76    3.06    0.00    1.02    0.00    0.00    0.00    6.12

15:30:48     CPU    %usr   %nice    %sys %iowait    %irq   %soft  %steal  %guest  %gnice   %idle
15:30:49     all   51.02    0.00   39.19    5.22    0.00    1.02    0.00    0.00    0.00    3.56
15:30:49       0   45.83    0.00   39.58    8.33    0.00    1.04    0.00    0.00    0.00    5.21
15:30:49       1   49.48    0.00   34.02    8.25    0.00    1.03    0.00    0.00    0.00    7.22
15:30:49       2   48.45    0.00   36.08    8.25    0.00    1.03    0.00    0.00    0.00    6.19
15:30:49       3   47.52    0.00   37.62    8.91    0.00    1.98    0.00    0.00    0.00    3.96
15:30:49       4   55.00    0.00   40.00    2.00    0.00    1.00    0.00    0.00    0.00    2.00
15:30:49       5   55.10    0.00   40.82    2.04    0.00    1.02    0.00    0.00    0.00    1.02
15:30:49       6   54.08    0.00   42.86    1.02    0.00    0.00    0.00    0.00    0.00    2.04
15:30:49       7   52.53    0.00   42.42    3.03    0.00    1.01    0.00    0.00    0.00    1.01

15:30:49     CPU    %usr   %nice    %sys %iowait    %irq   %soft  %steal  %guest  %gnice   %idle
15:30:50     all   47.63    0.00   37.48   11.17    0.00    0.77    0.00    0.00    0.00    2.95
15:30:50       0   44.33    0.00   39.18   11.34    0.00    1.03    0.00    0.00    0.00    4.12
15:30:50       1   47.42    0.00   35.05   12.37    0.00    1.03    0.00    0.00    0.00    4.12
15:30:50       2   45.92    0.00   35.71   13.27    0.00    1.02    0.00    0.00    0.00    4.08
15:30:50       3   47.37    0.00   37.89   11.58    0.00    0.00    0.00    0.00    0.00    3.16
15:30:50       4   51.04    0.00   37.50   10.42    0.00    0.00    0.00    0.00    0.00    1.04
15:30:50       5   49.00    0.00   37.00   10.00    0.00    1.00    0.00    0.00    0.00    3.00
15:30:50       6   48.00    0.00   37.00   11.00    0.00    2.00    0.00    0.00    0.00    2.00
15:30:50       7   47.92    0.00   40.62    9.38    0.00    0.00    0.00    0.00    0.00    2.08

15:30:50     CPU    %usr   %nice    %sys %iowait    %irq   %soft  %steal  %guest  %gnice   %idle
15:30:51     all   35.78    0.00   32.50   28.18    0.00    0.79    0.00    0.00    0.00    2.75
15:30:51       0   35.11    0.00   30.85   30.85    0.00    1.06    0.00    0.00    0.00    2.13
15:30:51       1   31.25    0.00   35.42   29.17    0.00    1.04    0.00    0.00    0.00    3.12
15:30:51       2   30.53    0.00   34.74   30.53    0.00    1.05    0.00    0.00    0.00    3.16
15:30:51       3   35.42    0.00   28.12   31.25    0.00    1.04    0.00    0.00    0.00    4.17
15:30:51       4   38.78    0.00   33.67   24.49    0.00    1.02    0.00    0.00    0.00    2.04
15:30:51       5   38.71    0.00   31.18   26.88    0.00    0.00    0.00    0.00    0.00    3.23
15:30:51       6   38.95    0.00   32.63   26.32    0.00    0.00    0.00    0.00    0.00    2.11
15:30:51       7   37.50    0.00   33.33   26.04    0.00    1.04    0.00    0.00    0.00    2.08

15:30:51     CPU    %usr   %nice    %sys %iowait    %irq   %soft  %steal  %guest  %gnice   %idle
15:30:52     all   36.97    0.00   30.59   29.52    0.00    0.66    0.00    0.00    0.00    2.26
15:30:52       0   37.50    0.00   31.25   29.17    0.00    0.00    0.00    0.00    0.00    2.08
15:30:52       1   36.56    0.00   31.18   29.03    0.00    0.00    0.00    0.00    0.00    3.23
15:30:52       2   37.89    0.00   30.53   28.42    0.00    0.00    0.00    0.00    0.00    3.16
15:30:52       3   38.71    0.00   30.11   29.03    0.00    1.08    0.00    0.00    0.00    1.08
15:30:52       4   36.84    0.00   30.53   29.47    0.00    1.05    0.00    0.00    0.00    2.11
15:30:52       5   35.79    0.00   30.53   30.53    0.00    1.05    0.00    0.00    0.00    2.11
15:30:52       6   34.78    0.00   31.52   30.43    0.00    1.09    0.00    0.00    0.00    2.17
15:30:52       7   37.63    0.00   29.03   30.11    0.00    1.08    0.00    0.00    0.00    2.15

15:30:52     CPU    %usr   %nice    %sys %iowait    %irq   %soft  %steal  %guest  %gnice   %idle
15:30:53     all   37.53    0.00   29.13   29.79    0.00    1.05    0.00    0.00    0.00    2.49
15:30:53       0   39.58    0.00   31.25   27.08    0.00    1.04    0.00    0.00    0.00    1.04
15:30:53       1   37.50    0.00   32.29   27.08    0.00    1.04    0.00    0.00    0.00    2.08
15:30:53       2   37.50    0.00   31.25   28.12    0.00    1.04    0.00    0.00    0.00    2.08
15:30:53       3   38.95    0.00   28.42   29.47    0.00    1.05    0.00    0.00    0.00    2.11
15:30:53       4   38.14    0.00   26.80   31.96    0.00    1.03    0.00    0.00    0.00    2.06
15:30:53       5   35.11    0.00   27.66   31.91    0.00    1.06    0.00    0.00    0.00    4.26
15:30:53       6   38.71    0.00   24.73   32.26    0.00    1.08    0.00    0.00    0.00    3.23
15:30:53       7   34.74    0.00   30.53   30.53    0.00    1.05    0.00    0.00    0.00    3.16

15:30:53     CPU    %usr   %nice    %sys %iowait    %irq   %soft  %steal  %guest  %gnice   %idle
15:30:54     all   37.04    0.00   31.28   26.57    0.00    0.92    0.00    0.00    0.00    4.19
15:30:54       0   39.58    0.00   28.12   26.04    0.00    0.00    0.00    0.00    0.00    6.25
15:30:54       1   35.87    0.00   30.43   29.35    0.00    0.00    0.00    0.00    0.00    4.35
15:30:54       2   32.65    0.00   33.67   28.57    0.00    1.02    0.00    0.00    0.00    4.08
15:30:54       3   33.33    0.00   34.38   26.04    0.00    1.04    0.00    0.00    0.00    5.21
15:30:54       4   40.43    0.00   29.79   25.53    0.00    1.06    0.00    0.00    0.00    3.19
15:30:54       5   37.89    0.00   31.58   26.32    0.00    1.05    0.00    0.00    0.00    3.16
15:30:54       6   38.54    0.00   30.21   25.00    0.00    2.08    0.00    0.00    0.00    4.17
15:30:54       7   38.14    0.00   31.96   25.77    0.00    1.03    0.00    0.00    0.00    3.09

15:30:54     CPU    %usr   %nice    %sys %iowait    %irq   %soft  %steal  %guest  %gnice   %idle
15:30:55     all   33.11    0.00   27.44   30.61    0.00    0.26    0.00    0.00    0.00    8.58
15:30:55       0   33.67    0.00   28.57   29.59    0.00    0.00    0.00    0.00    0.00    8.16
15:30:55       1   32.98    0.00   27.66   31.91    0.00    1.06    0.00    0.00    0.00    6.38
15:30:55       2   32.99    0.00   27.84   27.84    0.00    0.00    0.00    0.00    0.00   11.34
15:30:55       3   32.29    0.00   28.12   30.21    0.00    0.00    0.00    0.00    0.00    9.38
15:30:55       4   34.04    0.00   27.66   31.91    0.00    0.00    0.00    0.00    0.00    6.38
15:30:55       5   33.33    0.00   25.81   31.18    0.00    0.00    0.00    0.00    0.00    9.68
15:30:55       6   33.33    0.00   24.73   33.33    0.00    1.08    0.00    0.00    0.00    7.53
15:30:55       7   32.26    0.00   29.03   29.03    0.00    0.00    0.00    0.00    0.00    9.68

15:30:55     CPU    %usr   %nice    %sys %iowait    %irq   %soft  %steal  %guest  %gnice   %idle
15:30:56     all   31.11    0.00   26.54   32.94    0.00    0.78    0.00    0.00    0.00    8.63
15:30:56       0   32.63    0.00   26.32   35.79    0.00    1.05    0.00    0.00    0.00    4.21
15:30:56       1   28.87    0.00   29.90   31.96    0.00    1.03    0.00    0.00    0.00    8.25
15:30:56       2   30.93    0.00   27.84   32.99    0.00    1.03    0.00    0.00    0.00    7.22
15:30:56       3   32.29    0.00   26.04   31.25    0.00    1.04    0.00    0.00    0.00    9.38
15:30:56       4   30.93    0.00   25.77   31.96    0.00    1.03    0.00    0.00    0.00   10.31
15:30:56       5   30.53    0.00   25.26   31.58    0.00    1.05    0.00    0.00    0.00   11.58
15:30:56       6   32.26    0.00   23.66   33.33    0.00    0.00    0.00    0.00    0.00   10.75
15:30:56       7   30.53    0.00   27.37   34.74    0.00    0.00    0.00    0.00    0.00    7.37

15:30:56     CPU    %usr   %nice    %sys %iowait    %irq   %soft  %steal  %guest  %gnice   %idle
15:30:57     all   27.79    0.00   24.29   33.25    0.00    0.78    0.00    0.00    0.00   13.90
15:30:57       0   26.04    0.00   27.08   37.50    0.00    0.00    0.00    0.00    0.00    9.38
15:30:57       1   32.65    0.00   22.45   31.63    0.00    0.00    0.00    0.00    0.00   13.27
15:30:57       2   26.32    0.00   25.26   31.58    0.00    1.05    0.00    0.00    0.00   15.79
15:30:57       3   28.42    0.00   24.21   31.58    0.00    0.00    0.00    0.00    0.00   15.79
15:30:57       4   27.08    0.00   23.96   32.29    0.00    1.04    0.00    0.00    0.00   15.62
15:30:57       5   27.08    0.00   22.92   37.50    0.00    1.04    0.00    0.00    0.00   11.46
15:30:57       6   28.12    0.00   21.88   32.29    0.00    2.08    0.00    0.00    0.00   15.62
15:30:57       7   26.53    0.00   26.53   31.63    0.00    1.02    0.00    0.00    0.00   14.29

15:30:57     CPU    %usr   %nice    %sys %iowait    %irq   %soft  %steal  %guest  %gnice   %idle
15:30:58     all   28.20    0.00   22.51   35.71    0.00    0.39    0.00    0.00    0.00   13.20
15:30:58       0   26.32    0.00   23.16   33.68    0.00    1.05    0.00    0.00    0.00   15.79
15:30:58       1   26.32    0.00   22.11   42.11    0.00    1.05    0.00    0.00    0.00    8.42
15:30:58       2   27.84    0.00   22.68   30.93    0.00    0.00    0.00    0.00    0.00   18.56
15:30:58       3   25.51    0.00   24.49   38.78    0.00    1.02    0.00    0.00    0.00   10.20
15:30:58       4   29.17    0.00   22.92   43.75    0.00    0.00    0.00    0.00    0.00    4.17
15:30:58       5   29.59    0.00   22.45   35.71    0.00    0.00    0.00    0.00    0.00   12.24
15:30:58       6   28.12    0.00   22.92   33.33    0.00    0.00    0.00    0.00    0.00   15.62
15:30:58       7   32.65    0.00   19.39   27.55    0.00    0.00    0.00    0.00    0.00   20.41

15:30:58     CPU    %usr   %nice    %sys %iowait    %irq   %soft  %steal  %guest  %gnice   %idle
15:30:59     all   29.74    0.00   25.84   33.51    0.00    0.65    0.00    0.00    0.00   10.26
15:30:59       0   29.17    0.00   26.04   31.25    0.00    0.00    0.00    0.00    0.00   13.54
15:30:59       1   29.47    0.00   25.26   36.84    0.00    1.05    0.00    0.00    0.00    7.37
15:30:59       2   29.90    0.00   24.74   30.93    0.00    1.03    0.00    0.00    0.00   13.40
15:30:59       3   30.61    0.00   24.49   30.61    0.00    0.00    0.00    0.00    0.00   14.29
15:30:59       4   29.90    0.00   24.74   38.14    0.00    1.03    0.00    0.00    0.00    6.19
15:30:59       5   28.12    0.00   28.12   32.29    0.00    1.04    0.00    0.00    0.00   10.42
15:30:59       6   30.53    0.00   26.32   30.53    0.00    1.05    0.00    0.00    0.00   11.58
15:30:59       7   30.21    0.00   27.08   37.50    0.00    0.00    0.00    0.00    0.00    5.21

15:30:59     CPU    %usr   %nice    %sys %iowait    %irq   %soft  %steal  %guest  %gnice   %idle
15:31:00     all   30.77    0.00   26.60   35.33    0.00    0.39    0.00    0.00    0.00    6.91
15:31:00       0   30.21    0.00   28.12   38.54    0.00    0.00    0.00    0.00    0.00    3.12
15:31:00       1   30.53    0.00   27.37   33.68    0.00    0.00    0.00    0.00    0.00    8.42
15:31:00       2   31.96    0.00   24.74   35.05    0.00    1.03    0.00    0.00    0.00    7.22
15:31:00       3   31.58    0.00   25.26   34.74    0.00    0.00    0.00    0.00    0.00    8.42
15:31:00       4   32.99    0.00   25.77   30.93    0.00    0.00    0.00    0.00    0.00   10.31
15:31:00       5   30.85    0.00   24.47   39.36    0.00    0.00    0.00    0.00    0.00    5.32
15:31:00       6   29.59    0.00   28.57   32.65    0.00    1.02    0.00    0.00    0.00    8.16
15:31:00       7   28.42    0.00   28.42   37.89    0.00    1.05    0.00    0.00    0.00    4.21

15:31:00     CPU    %usr   %nice    %sys %iowait    %irq   %soft  %steal  %guest  %gnice   %idle
15:31:01     all   28.85    0.00   23.85   36.10    0.00    0.40    0.00    0.00    0.00   10.80
15:31:01       0   29.17    0.00   25.00   38.54    0.00    0.00    0.00    0.00    0.00    7.29
15:31:01       1   26.80    0.00   24.74   37.11    0.00    1.03    0.00    0.00    0.00   10.31
15:31:01       2   27.37    0.00   24.21   33.68    0.00    1.05    0.00    0.00    0.00   13.68
15:31:01       3   29.79    0.00   22.34   32.98    0.00    0.00    0.00    0.00    0.00   14.89
15:31:01       4   31.58    0.00   23.16   35.79    0.00    0.00    0.00    0.00    0.00    9.47
15:31:01       5   30.11    0.00   21.51   38.71    0.00    1.08    0.00    0.00    0.00    8.60
15:31:01       6   27.08    0.00   26.04   33.33    0.00    0.00    0.00    0.00    0.00   13.54
15:31:01       7   29.03    0.00   23.66   38.71    0.00    0.00    0.00    0.00    0.00    8.60

15:31:01     CPU    %usr   %nice    %sys %iowait    %irq   %soft  %steal  %guest  %gnice   %idle
15:31:02     all   22.29    0.00   18.77   36.11    0.00    0.52    0.00    0.00    0.00   22.29
15:31:02       0   22.68    0.00   18.56   30.93    0.00    1.03    0.00    0.00    0.00   26.80
15:31:02       1   23.40    0.00   17.02   48.94    0.00    0.00    0.00    0.00    0.00   10.64
15:31:02       2   23.16    0.00   16.84   27.37    0.00    0.00    0.00    0.00    0.00   32.63
15:31:02       3   21.28    0.00   20.21   32.98    0.00    1.06    0.00    0.00    0.00   24.47
15:31:02       4   21.65    0.00   20.62   36.08    0.00    0.00    0.00    0.00    0.00   21.65
15:31:02       5   24.21    0.00   16.84   42.11    0.00    0.00    0.00    0.00    0.00   16.84
15:31:02       6   21.43    0.00   19.39   32.65    0.00    1.02    0.00    0.00    0.00   25.51
15:31:02       7   20.62    0.00   20.62   38.14    0.00    1.03    0.00    0.00    0.00   19.59

15:31:02     CPU    %usr   %nice    %sys %iowait    %irq   %soft  %steal  %guest  %gnice   %idle
15:31:03     all   34.03    0.00   28.44   29.74    0.00    0.65    0.00    0.00    0.00    7.14
15:31:03       0   35.05    0.00   27.84   30.93    0.00    1.03    0.00    0.00    0.00    5.15
15:31:03       1   34.69    0.00   27.55   31.63    0.00    1.02    0.00    0.00    0.00    5.10
15:31:03       2   33.67    0.00   27.55   29.59    0.00    1.02    0.00    0.00    0.00    8.16
15:31:03       3   31.25    0.00   29.17   31.25    0.00    1.04    0.00    0.00    0.00    7.29
15:31:03       4   34.38    0.00   30.21   25.00    0.00    1.04    0.00    0.00    0.00    9.38
15:31:03       5   35.48    0.00   27.96   27.96    0.00    0.00    0.00    0.00    0.00    8.60
15:31:03       6   33.33    0.00   28.12   32.29    0.00    0.00    0.00    0.00    0.00    6.25
15:31:03       7   34.38    0.00   29.17   29.17    0.00    0.00    0.00    0.00    0.00    7.29

15:31:03     CPU    %usr   %nice    %sys %iowait    %irq   %soft  %steal  %guest  %gnice   %idle
15:31:04     all   22.32    0.00   19.45   41.78    0.00    0.26    0.00    0.00    0.00   16.19
15:31:04       0   23.16    0.00   18.95   42.11    0.00    0.00    0.00    0.00    0.00   15.79
15:31:04       1   23.47    0.00   19.39   46.94    0.00    0.00    0.00    0.00    0.00   10.20
15:31:04       2   21.28    0.00   19.15   42.55    0.00    0.00    0.00    0.00    0.00   17.02
15:31:04       3   22.11    0.00   20.00   37.89    0.00    0.00    0.00    0.00    0.00   20.00
15:31:04       4   22.34    0.00   21.28   47.87    0.00    0.00    0.00    0.00    0.00    8.51
15:31:04       5   21.43    0.00   20.41   36.73    0.00    0.00    0.00    0.00    0.00   21.43
15:31:04       6   22.11    0.00   16.84   44.21    0.00    1.05    0.00    0.00    0.00   15.79
15:31:04       7   22.68    0.00   19.59   36.08    0.00    1.03    0.00    0.00    0.00   20.62

15:31:04     CPU    %usr   %nice    %sys %iowait    %irq   %soft  %steal  %guest  %gnice   %idle
15:31:05     all   28.48    0.00   23.23   30.97    0.00    0.52    0.00    0.00    0.00   16.80
15:31:05       0   30.93    0.00   20.62   32.99    0.00    1.03    0.00    0.00    0.00   14.43
15:31:05       1   27.66    0.00   24.47   26.60    0.00    0.00    0.00    0.00    0.00   21.28
15:31:05       2   26.88    0.00   22.58   26.88    0.00    1.08    0.00    0.00    0.00   22.58
15:31:05       3   27.66    0.00   24.47   31.91    0.00    0.00    0.00    0.00    0.00   15.96
15:31:05       4   28.87    0.00   22.68   32.99    0.00    1.03    0.00    0.00    0.00   14.43
15:31:05       5   29.17    0.00   22.92   27.08    0.00    1.04    0.00    0.00    0.00   19.79
15:31:05       6   26.32    0.00   25.26   38.95    0.00    0.00    0.00    0.00    0.00    9.47
15:31:05       7   30.21    0.00   22.92   30.21    0.00    0.00    0.00    0.00    0.00   16.67

15:31:05     CPU    %usr   %nice    %sys %iowait    %irq   %soft  %steal  %guest  %gnice   %idle
15:31:06     all   26.70    0.00   21.99   34.42    0.00    0.26    0.00    0.00    0.00   16.62
15:31:06       0   27.66    0.00   22.34   27.66    0.00    0.00    0.00    0.00    0.00   22.34
15:31:06       1   29.17    0.00   20.83   32.29    0.00    0.00    0.00    0.00    0.00   17.71
15:31:06       2   27.08    0.00   21.88   38.54    0.00    0.00    0.00    0.00    0.00   12.50
15:31:06       3   27.84    0.00   20.62   29.90    0.00    1.03    0.00    0.00    0.00   20.62
15:31:06       4   27.17    0.00   21.74   41.30    0.00    0.00    0.00    0.00    0.00    9.78
15:31:06       5   26.80    0.00   21.65   29.90    0.00    0.00    0.00    0.00    0.00   21.65
15:31:06       6   23.71    0.00   23.71   39.18    0.00    1.03    0.00    0.00    0.00   12.37
15:31:06       7   24.21    0.00   23.16   36.84    0.00    0.00    0.00    0.00    0.00   15.79

15:31:06     CPU    %usr   %nice    %sys %iowait    %irq   %soft  %steal  %guest  %gnice   %idle
15:31:07     all   23.17    0.00   19.50   38.22    0.00    0.65    0.00    0.00    0.00   18.46
15:31:07       0   22.92    0.00   19.79   33.33    0.00    1.04    0.00    0.00    0.00   22.92
15:31:07       1   23.16    0.00   17.89   31.58    0.00    1.05    0.00    0.00    0.00   26.32
15:31:07       2   23.96    0.00   19.79   32.29    0.00    1.04    0.00    0.00    0.00   22.92
15:31:07       3   25.53    0.00   17.02   48.94    0.00    0.00    0.00    0.00    0.00    8.51
15:31:07       4   21.88    0.00   19.79   48.96    0.00    1.04    0.00    0.00    0.00    8.33
15:31:07       5   22.68    0.00   21.65   44.33    0.00    0.00    0.00    0.00    0.00   11.34
15:31:07       6   24.21    0.00   18.95   30.53    0.00    0.00    0.00    0.00    0.00   26.32
15:31:07       7   21.05    0.00   21.05   35.79    0.00    1.05    0.00    0.00    0.00   21.05

15:31:07     CPU    %usr   %nice    %sys %iowait    %irq   %soft  %steal  %guest  %gnice   %idle
15:31:08     all   28.89    0.00   21.84   32.89    0.00    0.40    0.00    0.00    0.00   15.98
15:31:08       0   28.42    0.00   23.16   30.53    0.00    0.00    0.00    0.00    0.00   17.89
15:31:08       1   30.85    0.00   21.28   40.43    0.00    0.00    0.00    0.00    0.00    7.45
15:31:08       2   27.96    0.00   21.51   35.48    0.00    0.00    0.00    0.00    0.00   15.05
15:31:08       3   27.66    0.00   23.40   27.66    0.00    1.06    0.00    0.00    0.00   20.21
15:31:08       4   28.26    0.00   22.83   35.87    0.00    0.00    0.00    0.00    0.00   13.04
15:31:08       5   31.18    0.00   19.35   35.48    0.00    1.08    0.00    0.00    0.00   12.90
15:31:08       6   29.17    0.00   20.83   26.04    0.00    1.04    0.00    0.00    0.00   22.92
15:31:08       7   27.66    0.00   22.34   31.91    0.00    0.00    0.00    0.00    0.00   18.09

15:31:08     CPU    %usr   %nice    %sys %iowait    %irq   %soft  %steal  %guest  %gnice   %idle
15:31:09     all   27.02    0.00   21.72   37.75    0.00    0.53    0.00    0.00    0.00   12.98
15:31:09       0   26.60    0.00   22.34   34.04    0.00    0.00    0.00    0.00    0.00   17.02
15:31:09       1   26.32    0.00   23.16   40.00    0.00    1.05    0.00    0.00    0.00    9.47
15:31:09       2   29.17    0.00   19.79   39.58    0.00    1.04    0.00    0.00    0.00   10.42
15:31:09       3   28.12    0.00   21.88   40.62    0.00    1.04    0.00    0.00    0.00    8.33
15:31:09       4   25.53    0.00   23.40   39.36    0.00    0.00    0.00    0.00    0.00   11.70
15:31:09       5   27.96    0.00   20.43   34.41    0.00    0.00    0.00    0.00    0.00   17.20
15:31:09       6   25.81    0.00   20.43   38.71    0.00    0.00    0.00    0.00    0.00   15.05
15:31:09       7   26.60    0.00   22.34   35.11    0.00    1.06    0.00    0.00    0.00   14.89

15:31:09     CPU    %usr   %nice    %sys %iowait    %irq   %soft  %steal  %guest  %gnice   %idle
15:31:10     all   27.74    0.00   22.19   32.63    0.00    0.66    0.00    0.00    0.00   16.78
15:31:10       0   29.17    0.00   22.92   34.38    0.00    1.04    0.00    0.00    0.00   12.50
15:31:10       1   26.60    0.00   23.40   34.04    0.00    1.06    0.00    0.00    0.00   14.89
15:31:10       2   27.17    0.00   22.83   27.17    0.00    0.00    0.00    0.00    0.00   22.83
15:31:10       3   28.26    0.00   21.74   40.22    0.00    0.00    0.00    0.00    0.00    9.78
15:31:10       4   26.60    0.00   20.21   36.17    0.00    1.06    0.00    0.00    0.00   15.96
15:31:10       5   28.87    0.00   21.65   30.93    0.00    1.03    0.00    0.00    0.00   17.53
15:31:10       6   26.80    0.00   23.71   26.80    0.00    1.03    0.00    0.00    0.00   21.65
15:31:10       7   28.42    0.00   21.05   31.58    0.00    0.00    0.00    0.00    0.00   18.95

15:31:10     CPU    %usr   %nice    %sys %iowait    %irq   %soft  %steal  %guest  %gnice   %idle
15:31:11     all   20.93    0.00   17.88   38.68    0.00    0.00    0.00    0.00    0.00   22.52
15:31:11       0   20.83    0.00   18.75   33.33    0.00    0.00    0.00    0.00    0.00   27.08
15:31:11       1   20.21    0.00   20.21   31.91    0.00    0.00    0.00    0.00    0.00   27.66
15:31:11       2   22.11    0.00   16.84   34.74    0.00    0.00    0.00    0.00    0.00   26.32
15:31:11       3   20.83    0.00   17.71   37.50    0.00    0.00    0.00    0.00    0.00   23.96
15:31:11       4   19.35    0.00   18.28   37.63    0.00    0.00    0.00    0.00    0.00   24.73
15:31:11       5   20.65    0.00   18.48   43.48    0.00    0.00    0.00    0.00    0.00   17.39
15:31:11       6   21.28    0.00   15.96   32.98    0.00    0.00    0.00    0.00    0.00   29.79
15:31:11       7   22.11    0.00   16.84   57.89    0.00    0.00    0.00    0.00    0.00    3.16

15:31:11     CPU    %usr   %nice    %sys %iowait    %irq   %soft  %steal  %guest  %gnice   %idle
15:31:12     all   28.01    0.00   22.12   32.72    0.00    0.52    0.00    0.00    0.00   16.62
15:31:12       0   27.84    0.00   24.74   29.90    0.00    1.03    0.00    0.00    0.00   16.49
15:31:12       1   28.72    0.00   22.34   31.91    0.00    0.00    0.00    0.00    0.00   17.02
15:31:12       2   29.47    0.00   20.00   40.00    0.00    1.05    0.00    0.00    0.00    9.47
15:31:12       3   30.53    0.00   20.00   27.37    0.00    1.05    0.00    0.00    0.00   21.05
15:31:12       4   26.04    0.00   22.92   35.42    0.00    0.00    0.00    0.00    0.00   15.62
15:31:12       5   27.55    0.00   22.45   29.59    0.00    1.02    0.00    0.00    0.00   19.39
15:31:12       6   27.08    0.00   21.88   34.38    0.00    0.00    0.00    0.00    0.00   16.67
15:31:12       7   26.88    0.00   22.58   33.33    0.00    0.00    0.00    0.00    0.00   17.20

15:31:12     CPU    %usr   %nice    %sys %iowait    %irq   %soft  %steal  %guest  %gnice   %idle
15:31:13     all   28.52    0.00   25.13   35.55    0.00    0.65    0.00    0.00    0.00   10.16
15:31:13       0   28.72    0.00   25.53   34.04    0.00    0.00    0.00    0.00    0.00   11.70
15:31:13       1   27.08    0.00   26.04   38.54    0.00    1.04    0.00    0.00    0.00    7.29
15:31:13       2   27.84    0.00   25.77   34.02    0.00    1.03    0.00    0.00    0.00   11.34
15:31:13       3   28.42    0.00   25.26   33.68    0.00    0.00    0.00    0.00    0.00   12.63
15:31:13       4   29.90    0.00   23.71   34.02    0.00    1.03    0.00    0.00    0.00   11.34
15:31:13       5   30.93    0.00   23.71   35.05    0.00    0.00    0.00    0.00    0.00   10.31
15:31:13       6   26.32    0.00   26.32   35.79    0.00    1.05    0.00    0.00    0.00   10.53
15:31:13       7   28.87    0.00   24.74   39.18    0.00    1.03    0.00    0.00    0.00    6.19

15:31:13     CPU    %usr   %nice    %sys %iowait    %irq   %soft  %steal  %guest  %gnice   %idle
15:31:14     all   23.68    0.00   19.44   37.43    0.00    0.40    0.00    0.00    0.00   19.05
15:31:14       0   24.21    0.00   20.00   34.74    0.00    0.00    0.00    0.00    0.00   21.05
15:31:14       1   25.00    0.00   18.75   37.50    0.00    1.04    0.00    0.00    0.00   17.71
15:31:14       2   24.47    0.00   19.15   30.85    0.00    0.00    0.00    0.00    0.00   25.53
15:31:14       3   26.32    0.00   16.84   42.11    0.00    1.05    0.00    0.00    0.00   13.68
15:31:14       4   23.16    0.00   20.00   36.84    0.00    0.00    0.00    0.00    0.00   20.00
15:31:14       5   21.28    0.00   22.34   46.81    0.00    1.06    0.00    0.00    0.00    8.51
15:31:14       6   23.40    0.00   18.09   36.17    0.00    0.00    0.00    0.00    0.00   22.34
15:31:14       7   21.51    0.00   20.43   34.41    0.00    0.00    0.00    0.00    0.00   23.66

15:31:14     CPU    %usr   %nice    %sys %iowait    %irq   %soft  %steal  %guest  %gnice   %idle
15:31:15     all   28.09    0.00   23.58   35.05    0.00    0.77    0.00    0.00    0.00   12.50
15:31:15       0   27.08    0.00   25.00   42.71    0.00    1.04    0.00    0.00    0.00    4.17
15:31:15       1   27.55    0.00   25.51   31.63    0.00    0.00    0.00    0.00    0.00   15.31
15:31:15       2   28.87    0.00   22.68   30.93    0.00    1.03    0.00    0.00    0.00   16.49
15:31:15       3   27.37    0.00   24.21   42.11    0.00    1.05    0.00    0.00    0.00    5.26
15:31:15       4   27.27    0.00   24.24   35.35    0.00    1.01    0.00    0.00    0.00   12.12
15:31:15       5   29.59    0.00   22.45   36.73    0.00    0.00    0.00    0.00    0.00   11.22
15:31:15       6   26.80    0.00   23.71   30.93    0.00    1.03    0.00    0.00    0.00   17.53
15:31:15       7   30.21    0.00   20.83   30.21    0.00    1.04    0.00    0.00    0.00   17.71

15:31:15     CPU    %usr   %nice    %sys %iowait    %irq   %soft  %steal  %guest  %gnice   %idle
15:31:16     all   27.51    0.00   22.43   33.51    0.00    0.26    0.00    0.00    0.00   16.30
15:31:16       0   29.17    0.00   21.88   30.21    0.00    0.00    0.00    0.00    0.00   18.75
15:31:16       1   28.87    0.00   20.62   27.84    0.00    1.03    0.00    0.00    0.00   21.65
15:31:16       2   30.21    0.00   19.79   43.75    0.00    1.04    0.00    0.00    0.00    5.21
15:31:16       3   28.12    0.00   22.92   37.50    0.00    0.00    0.00    0.00    0.00   11.46
15:31:16       4   26.32    0.00   24.21   34.74    0.00    0.00    0.00    0.00    0.00   14.74
15:31:16       5   26.32    0.00   23.16   31.58    0.00    0.00    0.00    0.00    0.00   18.95
15:31:16       6   25.53    0.00   22.34   31.91    0.00    0.00    0.00    0.00    0.00   20.21
15:31:16       7   25.51    0.00   24.49   30.61    0.00    0.00    0.00    0.00    0.00   19.39

15:31:16     CPU    %usr   %nice    %sys %iowait    %irq   %soft  %steal  %guest  %gnice   %idle
15:31:17     all   27.33    0.00   23.32   34.97    0.00    0.78    0.00    0.00    0.00   13.60
15:31:17       0   28.12    0.00   22.92   35.42    0.00    0.00    0.00    0.00    0.00   13.54
15:31:17       1   27.08    0.00   25.00   36.46    0.00    0.00    0.00    0.00    0.00   11.46
15:31:17       2   28.87    0.00   22.68   36.08    0.00    1.03    0.00    0.00    0.00   11.34
15:31:17       3   29.29    0.00   22.22   32.32    0.00    1.01    0.00    0.00    0.00   15.15
15:31:17       4   27.84    0.00   23.71   37.11    0.00    0.00    0.00    0.00    0.00   11.34
15:31:17       5   25.53    0.00   23.40   36.17    0.00    1.06    0.00    0.00    0.00   13.83
15:31:17       6   24.47    0.00   23.40   30.85    0.00    1.06    0.00    0.00    0.00   20.21
15:31:17       7   27.27    0.00   23.23   35.35    0.00    2.02    0.00    0.00    0.00   12.12

15:31:17     CPU    %usr   %nice    %sys %iowait    %irq   %soft  %steal  %guest  %gnice   %idle
15:31:18     all   25.75    0.00   22.88   37.12    0.00    0.13    0.00    0.00    0.00   14.12
15:31:18       0   24.21    0.00   25.26   42.11    0.00    0.00    0.00    0.00    0.00    8.42
15:31:18       1   26.04    0.00   21.88   42.71    0.00    1.04    0.00    0.00    0.00    8.33
15:31:18       2   24.74    0.00   22.68   32.99    0.00    0.00    0.00    0.00    0.00   19.59
15:31:18       3   25.53    0.00   23.40   39.36    0.00    0.00    0.00    0.00    0.00   11.70
15:31:18       4   25.26    0.00   22.11   32.63    0.00    0.00    0.00    0.00    0.00   20.00
15:31:18       5   27.84    0.00   22.68   29.90    0.00    0.00    0.00    0.00    0.00   19.59
15:31:18       6   27.08    0.00   21.88   31.25    0.00    0.00    0.00    0.00    0.00   19.79
15:31:18       7   25.26    0.00   23.16   46.32    0.00    0.00    0.00    0.00    0.00    5.26

15:31:18     CPU    %usr   %nice    %sys %iowait    %irq   %soft  %steal  %guest  %gnice   %idle
15:31:19     all   24.87    0.00   21.58   39.47    0.00    0.53    0.00    0.00    0.00   13.55
15:31:19       0   25.53    0.00   21.28   41.49    0.00    1.06    0.00    0.00    0.00   10.64
15:31:19       1   27.37    0.00   20.00   43.16    0.00    0.00    0.00    0.00    0.00    9.47
15:31:19       2   25.53    0.00   21.28   39.36    0.00    0.00    0.00    0.00    0.00   13.83
15:31:19       3   22.68    0.00   24.74   35.05    0.00    1.03    0.00    0.00    0.00   16.49
15:31:19       4   26.60    0.00   20.21   44.68    0.00    0.00    0.00    0.00    0.00    8.51
15:31:19       5   23.40    0.00   21.28   36.17    0.00    1.06    0.00    0.00    0.00   18.09
15:31:19       6   25.00    0.00   20.83   37.50    0.00    0.00    0.00    0.00    0.00   16.67
15:31:19       7   22.92    0.00   22.92   38.54    0.00    1.04    0.00    0.00    0.00   14.58

15:31:19     CPU    %usr   %nice    %sys %iowait    %irq   %soft  %steal  %guest  %gnice   %idle
15:31:20     all   26.24    0.00   21.29   41.50    0.00    0.27    0.00    0.00    0.00   10.71
15:31:20       0   26.32    0.00   22.11   44.21    0.00    0.00    0.00    0.00    0.00    7.37
15:31:20       1   26.60    0.00   21.28   37.23    0.00    0.00    0.00    0.00    0.00   14.89
15:31:20       2   24.21    0.00   23.16   44.21    0.00    1.05    0.00    0.00    0.00    7.37
15:31:20       3   28.26    0.00   20.65   44.57    0.00    0.00    0.00    0.00    0.00    6.52
15:31:20       4   27.66    0.00   19.15   39.36    0.00    1.06    0.00    0.00    0.00   12.77
15:31:20       5   26.37    0.00   19.78   41.76    0.00    0.00    0.00    0.00    0.00   12.09
15:31:20       6   25.81    0.00   21.51   39.78    0.00    0.00    0.00    0.00    0.00   12.90
15:31:20       7   24.73    0.00   22.58   40.86    0.00    0.00    0.00    0.00    0.00   11.83

15:31:20     CPU    %usr   %nice    %sys %iowait    %irq   %soft  %steal  %guest  %gnice   %idle
15:31:21     all   23.80    0.00   18.72   39.17    0.00    0.40    0.00    0.00    0.00   17.91
15:31:21       0   22.58    0.00   20.43   35.48    0.00    0.00    0.00    0.00    0.00   21.51
15:31:21       1   21.51    0.00   19.35   45.16    0.00    1.08    0.00    0.00    0.00   12.90
15:31:21       2   26.60    0.00   17.02   32.98    0.00    0.00    0.00    0.00    0.00   23.40
15:31:21       3   25.53    0.00   18.09   43.62    0.00    1.06    0.00    0.00    0.00   11.70
15:31:21       4   22.83    0.00   18.48   41.30    0.00    0.00    0.00    0.00    0.00   17.39
15:31:21       5   23.66    0.00   18.28   38.71    0.00    0.00    0.00    0.00    0.00   19.35
15:31:21       6   23.66    0.00   17.20   32.26    0.00    1.08    0.00    0.00    0.00   25.81
15:31:21       7   23.96    0.00   20.83   43.75    0.00    0.00    0.00    0.00    0.00   11.46

15:31:21     CPU    %usr   %nice    %sys %iowait    %irq   %soft  %steal  %guest  %gnice   %idle
15:31:22     all   30.00    0.00   24.61   34.34    0.00    0.53    0.00    0.00    0.00   10.53
15:31:22       0   31.91    0.00   24.47   32.98    0.00    1.06    0.00    0.00    0.00    9.57
15:31:22       1   31.58    0.00   23.16   31.58    0.00    0.00    0.00    0.00    0.00   13.68
15:31:22       2   31.25    0.00   23.96   32.29    0.00    1.04    0.00    0.00    0.00   11.46
15:31:22       3   30.21    0.00   27.08   38.54    0.00    0.00    0.00    0.00    0.00    4.17
15:31:22       4   30.21    0.00   22.92   32.29    0.00    1.04    0.00    0.00    0.00   13.54
15:31:22       5   28.72    0.00   26.60   32.98    0.00    0.00    0.00    0.00    0.00   11.70
15:31:22       6   29.17    0.00   23.96   36.46    0.00    0.00    0.00    0.00    0.00   10.42
15:31:22       7   26.88    0.00   24.73   37.63    0.00    1.08    0.00    0.00    0.00    9.68

15:31:22     CPU    %usr   %nice    %sys %iowait    %irq   %soft  %steal  %guest  %gnice   %idle
15:31:23     all   26.05    0.00   20.68   34.55    0.00    0.26    0.00    0.00    0.00   18.46
15:31:23       0   25.26    0.00   22.11   37.89    0.00    0.00    0.00    0.00    0.00   14.74
15:31:23       1   25.77    0.00   21.65   37.11    0.00    1.03    0.00    0.00    0.00   14.43
15:31:23       2   29.17    0.00   19.79   43.75    0.00    0.00    0.00    0.00    0.00    7.29
15:31:23       3   27.08    0.00   20.83   25.00    0.00    0.00    0.00    0.00    0.00   27.08
15:31:23       4   25.26    0.00   20.00   28.42    0.00    0.00    0.00    0.00    0.00   26.32
15:31:23       5   23.96    0.00   21.88   43.75    0.00    1.04    0.00    0.00    0.00    9.38
15:31:23       6   26.60    0.00   19.15   27.66    0.00    0.00    0.00    0.00    0.00   26.60
15:31:23       7   25.26    0.00   20.00   32.63    0.00    0.00    0.00    0.00    0.00   22.11

15:31:23     CPU    %usr   %nice    %sys %iowait    %irq   %soft  %steal  %guest  %gnice   %idle
15:31:24     all   27.43    0.00   22.83   33.20    0.00    0.66    0.00    0.00    0.00   15.88
15:31:24       0   28.12    0.00   22.92   32.29    0.00    1.04    0.00    0.00    0.00   15.62
15:31:24       1   27.66    0.00   24.47   36.17    0.00    0.00    0.00    0.00    0.00   11.70
15:31:24       2   28.12    0.00   22.92   27.08    0.00    1.04    0.00    0.00    0.00   20.83
15:31:24       3   29.90    0.00   22.68   34.02    0.00    1.03    0.00    0.00    0.00   12.37
15:31:24       4   26.32    0.00   22.11   36.84    0.00    0.00    0.00    0.00    0.00   14.74
15:31:24       5   26.04    0.00   23.96   31.25    0.00    1.04    0.00    0.00    0.00   17.71
15:31:24       6   26.60    0.00   21.28   30.85    0.00    0.00    0.00    0.00    0.00   21.28
15:31:24       7   26.60    0.00   22.34   37.23    0.00    1.06    0.00    0.00    0.00   12.77

15:31:24     CPU    %usr   %nice    %sys %iowait    %irq   %soft  %steal  %guest  %gnice   %idle
15:31:25     all   24.21    0.00   19.34   36.97    0.00    0.26    0.00    0.00    0.00   19.21
15:31:25       0   26.04    0.00   18.75   31.25    0.00    0.00    0.00    0.00    0.00   23.96
15:31:25       1   25.53    0.00   17.02   38.30    0.00    0.00    0.00    0.00    0.00   19.15
15:31:25       2   23.16    0.00   21.05   33.68    0.00    0.00    0.00    0.00    0.00   22.11
15:31:25       3   26.04    0.00   19.79   36.46    0.00    0.00    0.00    0.00    0.00   17.71
15:31:25       4   22.11    0.00   21.05   38.95    0.00    1.05    0.00    0.00    0.00   16.84
15:31:25       5   24.47    0.00   19.15   28.72    0.00    0.00    0.00    0.00    0.00   27.66
15:31:25       6   22.92    0.00   19.79   44.79    0.00    1.04    0.00    0.00    0.00   11.46
15:31:25       7   23.40    0.00   18.09   43.62    0.00    0.00    0.00    0.00    0.00   14.89

15:31:25     CPU    %usr   %nice    %sys %iowait    %irq   %soft  %steal  %guest  %gnice   %idle
15:31:26     all   24.47    0.00   20.00   36.18    0.00    0.26    0.00    0.00    0.00   19.08
15:31:26       0   23.66    0.00   20.43   31.18    0.00    0.00    0.00    0.00    0.00   24.73
15:31:26       1   23.66    0.00   20.43   45.16    0.00    0.00    0.00    0.00    0.00   10.75
15:31:26       2   24.47    0.00   21.28   27.66    0.00    0.00    0.00    0.00    0.00   26.60
15:31:26       3   25.77    0.00   19.59   30.93    0.00    0.00    0.00    0.00    0.00   23.71
15:31:26       4   23.71    0.00   19.59   48.45    0.00    1.03    0.00    0.00    0.00    7.22
15:31:26       5   25.26    0.00   18.95   35.79    0.00    0.00    0.00    0.00    0.00   20.00
15:31:26       6   24.21    0.00   20.00   32.63    0.00    0.00    0.00    0.00    0.00   23.16
15:31:26       7   25.00    0.00   19.79   37.50    0.00    1.04    0.00    0.00    0.00   16.67

15:31:26     CPU    %usr   %nice    %sys %iowait    %irq   %soft  %steal  %guest  %gnice   %idle
15:31:27     all   26.66    0.00   22.89   36.67    0.00    0.78    0.00    0.00    0.00   13.00
15:31:27       0   28.12    0.00   22.92   34.38    0.00    1.04    0.00    0.00    0.00   13.54
15:31:27       1   26.04    0.00   22.92   42.71    0.00    1.04    0.00    0.00    0.00    7.29
15:31:27       2   26.04    0.00   22.92   36.46    0.00    1.04    0.00    0.00    0.00   13.54
15:31:27       3   29.17    0.00   22.92   37.50    0.00    1.04    0.00    0.00    0.00    9.38
15:31:27       4   26.60    0.00   21.28   37.23    0.00    0.00    0.00    0.00    0.00   14.89
15:31:27       5   25.77    0.00   23.71   36.08    0.00    1.03    0.00    0.00    0.00   13.40
15:31:27       6   26.26    0.00   22.22   33.33    0.00    1.01    0.00    0.00    0.00   17.17
15:31:27       7   25.26    0.00   24.21   35.79    0.00    0.00    0.00    0.00    0.00   14.74

15:31:27     CPU    %usr   %nice    %sys %iowait    %irq   %soft  %steal  %guest  %gnice   %idle
15:31:28     all   25.72    0.00   20.21   37.27    0.00    0.26    0.00    0.00    0.00   16.54
15:31:28       0   27.08    0.00   19.79   30.21    0.00    0.00    0.00    0.00    0.00   22.92
15:31:28       1   26.60    0.00   20.21   38.30    0.00    0.00    0.00    0.00    0.00   14.89
15:31:28       2   26.04    0.00   21.88   32.29    0.00    0.00    0.00    0.00    0.00   19.79
15:31:28       3   26.32    0.00   21.05   42.11    0.00    0.00    0.00    0.00    0.00   10.53
15:31:28       4   25.26    0.00   20.00   43.16    0.00    1.05    0.00    0.00    0.00   10.53
15:31:28       5   25.81    0.00   18.28   36.56    0.00    0.00    0.00    0.00    0.00   19.35
15:31:28       6   23.96    0.00   20.83   37.50    0.00    0.00    0.00    0.00    0.00   17.71
15:31:28       7   24.74    0.00   19.59   38.14    0.00    1.03    0.00    0.00    0.00   16.49

15:31:28     CPU    %usr   %nice    %sys %iowait    %irq   %soft  %steal  %guest  %gnice   %idle
15:31:29     all   28.74    0.00   22.97   33.33    0.00    0.52    0.00    0.00    0.00   14.44
15:31:29       0   27.08    0.00   25.00   30.21    0.00    1.04    0.00    0.00    0.00   16.67
15:31:29       1   28.57    0.00   23.47   41.84    0.00    1.02    0.00    0.00    0.00    5.10
15:31:29       2   27.84    0.00   24.74   31.96    0.00    0.00    0.00    0.00    0.00   15.46
15:31:29       3   29.79    0.00   21.28   31.91    0.00    1.06    0.00    0.00    0.00   15.96
15:31:29       4   27.96    0.00   23.66   30.11    0.00    0.00    0.00    0.00    0.00   18.28
15:31:29       5   30.85    0.00   20.21   29.79    0.00    1.06    0.00    0.00    0.00   18.09
15:31:29       6   28.42    0.00   23.16   32.63    0.00    0.00    0.00    0.00    0.00   15.79
15:31:29       7   29.47    0.00   22.11   37.89    0.00    0.00    0.00    0.00    0.00   10.53

15:31:29     CPU    %usr   %nice    %sys %iowait    %irq   %soft  %steal  %guest  %gnice   %idle
15:31:30     all   23.45    0.00   20.82   36.76    0.00    0.66    0.00    0.00    0.00   18.31
15:31:30       0   23.66    0.00   20.43   31.18    0.00    0.00    0.00    0.00    0.00   24.73
15:31:30       1   24.73    0.00   21.51   45.16    0.00    0.00    0.00    0.00    0.00    8.60
15:31:30       2   22.11    0.00   21.05   31.58    0.00    1.05    0.00    0.00    0.00   24.21
15:31:30       3   23.00    0.00   23.00   28.00    0.00    1.00    0.00    0.00    0.00   25.00
15:31:30       4   24.74    0.00   19.59   31.96    0.00    1.03    0.00    0.00    0.00   22.68
15:31:30       5   22.34    0.00   20.21   50.00    0.00    1.06    0.00    0.00    0.00    6.38
15:31:30       6   24.47    0.00   19.15   31.91    0.00    1.06    0.00    0.00    0.00   23.40
15:31:30       7   22.58    0.00   21.51   45.16    0.00    0.00    0.00    0.00    0.00   10.75

15:31:30     CPU    %usr   %nice    %sys %iowait    %irq   %soft  %steal  %guest  %gnice   %idle
15:31:31     all   25.59    0.00   20.37   35.12    0.00    0.26    0.00    0.00    0.00   18.67
15:31:31       0   30.53    0.00   21.05   28.42    0.00    1.05    0.00    0.00    0.00   18.95
15:31:31       1   24.74    0.00   21.65   37.11    0.00    0.00    0.00    0.00    0.00   16.49
15:31:31       2   26.04    0.00   20.83   37.50    0.00    0.00    0.00    0.00    0.00   15.62
15:31:31       3   27.37    0.00   20.00   37.89    0.00    0.00    0.00    0.00    0.00   14.74
15:31:31       4   24.47    0.00   19.15   28.72    0.00    0.00    0.00    0.00    0.00   27.66
15:31:31       5   25.00    0.00   19.79   29.17    0.00    0.00    0.00    0.00    0.00   26.04
15:31:31       6   24.21    0.00   18.95   50.53    0.00    0.00    0.00    0.00    0.00    6.32
15:31:31       7   22.45    0.00   21.43   31.63    0.00    1.02    0.00    0.00    0.00   23.47

15:31:31     CPU    %usr   %nice    %sys %iowait    %irq   %soft  %steal  %guest  %gnice   %idle
15:31:32     all   29.13    0.00   23.88   32.68    0.00    0.39    0.00    0.00    0.00   13.91
15:31:32       0   30.11    0.00   24.73   27.96    0.00    0.00    0.00    0.00    0.00   17.20
15:31:32       1   29.47    0.00   24.21   37.89    0.00    1.05    0.00    0.00    0.00    7.37
15:31:32       2   27.08    0.00   25.00   27.08    0.00    1.04    0.00    0.00    0.00   19.79
15:31:32       3   31.96    0.00   21.65   32.99    0.00    0.00    0.00    0.00    0.00   13.40
15:31:32       4   26.80    0.00   24.74   30.93    0.00    1.03    0.00    0.00    0.00   16.49
15:31:32       5   28.72    0.00   23.40   30.85    0.00    0.00    0.00    0.00    0.00   17.02
15:31:32       6   28.12    0.00   25.00   40.62    0.00    0.00    0.00    0.00    0.00    6.25
15:31:32       7   30.85    0.00   22.34   32.98    0.00    0.00    0.00    0.00    0.00   13.83

15:31:32     CPU    %usr   %nice    %sys %iowait    %irq   %soft  %steal  %guest  %gnice   %idle
15:31:33     all   24.35    0.00   20.18   36.85    0.00    0.52    0.00    0.00    0.00   18.10
15:31:33       0   23.47    0.00   23.47   38.78    0.00    1.02    0.00    0.00    0.00   13.27
15:31:33       1   26.04    0.00   18.75   33.33    0.00    0.00    0.00    0.00    0.00   21.88
15:31:33       2   23.91    0.00   19.57   40.22    0.00    0.00    0.00    0.00    0.00   16.30
15:31:33       3   24.74    0.00   20.62   31.96    0.00    1.03    0.00    0.00    0.00   21.65
15:31:33       4   23.96    0.00   20.83   39.58    0.00    0.00    0.00    0.00    0.00   15.62
15:31:33       5   23.71    0.00   19.59   36.08    0.00    1.03    0.00    0.00    0.00   19.59
15:31:33       6   23.47    0.00   20.41   41.84    0.00    1.02    0.00    0.00    0.00   13.27
15:31:33       7   25.53    0.00   18.09   32.98    0.00    0.00    0.00    0.00    0.00   23.40

15:31:33     CPU    %usr   %nice    %sys %iowait    %irq   %soft  %steal  %guest  %gnice   %idle
15:31:34     all   24.77    0.00   19.66   34.21    0.00    0.79    0.00    0.00    0.00   20.58
15:31:34       0   25.53    0.00   19.15   29.79    0.00    0.00    0.00    0.00    0.00   25.53
15:31:34       1   26.04    0.00   17.71   31.25    0.00    1.04    0.00    0.00    0.00   23.96
15:31:34       2   24.49    0.00   21.43   30.61    0.00    1.02    0.00    0.00    0.00   22.45
15:31:34       3   25.00    0.00   20.83   35.42    0.00    1.04    0.00    0.00    0.00   17.71
15:31:34       4   24.47    0.00   19.15   31.91    0.00    1.06    0.00    0.00    0.00   23.40
15:31:34       5   26.60    0.00   19.15   34.04    0.00    0.00    0.00    0.00    0.00   20.21
15:31:34       6   24.21    0.00   17.89   42.11    0.00    1.05    0.00    0.00    0.00   14.74
15:31:34       7   21.88    0.00   21.88   38.54    0.00    1.04    0.00    0.00    0.00   16.67

15:31:34     CPU    %usr   %nice    %sys %iowait    %irq   %soft  %steal  %guest  %gnice   %idle
15:31:35     all   26.20    0.00   21.41   34.71    0.00    0.13    0.00    0.00    0.00   17.55
15:31:35       0   25.81    0.00   22.58   31.18    0.00    1.08    0.00    0.00    0.00   19.35
15:31:35       1   27.17    0.00   20.65   27.17    0.00    0.00    0.00    0.00    0.00   25.00
15:31:35       2   25.81    0.00   22.58   45.16    0.00    0.00    0.00    0.00    0.00    6.45
15:31:35       3   24.47    0.00   22.34   27.66    0.00    0.00    0.00    0.00    0.00   25.53
15:31:35       4   26.04    0.00   20.83   29.17    0.00    0.00    0.00    0.00    0.00   23.96
15:31:35       5   26.32    0.00   21.05   42.11    0.00    0.00    0.00    0.00    0.00   10.53
15:31:35       6   26.32    0.00   21.05   27.37    0.00    0.00    0.00    0.00    0.00   25.26
15:31:35       7   27.66    0.00   20.21   47.87    0.00    0.00    0.00    0.00    0.00    4.26

15:31:35     CPU    %usr   %nice    %sys %iowait    %irq   %soft  %steal  %guest  %gnice   %idle
15:31:36     all   30.94    0.00   24.67   31.85    0.00    0.52    0.00    0.00    0.00   12.01
15:31:36       0   31.25    0.00   25.00   29.17    0.00    0.00    0.00    0.00    0.00   14.58
15:31:36       1   31.58    0.00   24.21   30.53    0.00    0.00    0.00    0.00    0.00   13.68
15:31:36       2   33.33    0.00   23.96   33.33    0.00    0.00    0.00    0.00    0.00    9.38
15:31:36       3   33.33    0.00   23.96   32.29    0.00    0.00    0.00    0.00    0.00   10.42
15:31:36       4   29.47    0.00   26.32   30.53    0.00    1.05    0.00    0.00    0.00   12.63
15:31:36       5   31.63    0.00   24.49   29.59    0.00    1.02    0.00    0.00    0.00   13.27
15:31:36       6   28.42    0.00   24.21   37.89    0.00    1.05    0.00    0.00    0.00    8.42
15:31:36       7   28.42    0.00   25.26   31.58    0.00    1.05    0.00    0.00    0.00   13.68

15:31:36     CPU    %usr   %nice    %sys %iowait    %irq   %soft  %steal  %guest  %gnice   %idle
15:31:37     all   25.13    0.00   19.63   36.91    0.00    0.65    0.00    0.00    0.00   17.67
15:31:37       0   26.04    0.00   18.75   41.67    0.00    1.04    0.00    0.00    0.00   12.50
15:31:37       1   27.08    0.00   18.75   40.62    0.00    1.04    0.00    0.00    0.00   12.50
15:31:37       2   22.92    0.00   20.83   41.67    0.00    1.04    0.00    0.00    0.00   13.54
15:31:37       3   23.16    0.00   21.05   33.68    0.00    1.05    0.00    0.00    0.00   21.05
15:31:37       4   26.04    0.00   19.79   39.58    0.00    0.00    0.00    0.00    0.00   14.58
15:31:37       5   24.21    0.00   20.00   31.58    0.00    1.05    0.00    0.00    0.00   23.16
15:31:37       6   24.21    0.00   21.05   31.58    0.00    0.00    0.00    0.00    0.00   23.16
15:31:37       7   27.37    0.00   16.84   34.74    0.00    0.00    0.00    0.00    0.00   21.05

15:31:37     CPU    %usr   %nice    %sys %iowait    %irq   %soft  %steal  %guest  %gnice   %idle
15:31:38     all   25.98    0.00   20.89   35.25    0.00    0.26    0.00    0.00    0.00   17.62
15:31:38       0   26.32    0.00   20.00   37.89    0.00    0.00    0.00    0.00    0.00   15.79
15:31:38       1   26.80    0.00   21.65   34.02    0.00    0.00    0.00    0.00    0.00   17.53
15:31:38       2   27.37    0.00   18.95   35.79    0.00    1.05    0.00    0.00    0.00   16.84
15:31:38       3   24.74    0.00   22.68   34.02    0.00    0.00    0.00    0.00    0.00   18.56
15:31:38       4   25.00    0.00   21.88   45.83    0.00    0.00    0.00    0.00    0.00    7.29
15:31:38       5   27.08    0.00   20.83   29.17    0.00    0.00    0.00    0.00    0.00   22.92
15:31:38       6   26.32    0.00   20.00   31.58    0.00    0.00    0.00    0.00    0.00   22.11
15:31:38       7   24.21    0.00   21.05   33.68    0.00    1.05    0.00    0.00    0.00   20.00

15:31:38     CPU    %usr   %nice    %sys %iowait    %irq   %soft  %steal  %guest  %gnice   %idle
15:31:39     all   28.00    0.00   23.23   34.84    0.00    0.77    0.00    0.00    0.00   13.16
15:31:39       0   29.47    0.00   22.11   29.47    0.00    1.05    0.00    0.00    0.00   17.89
15:31:39       1   28.12    0.00   21.88   28.12    0.00    1.04    0.00    0.00    0.00   20.83
15:31:39       2   27.84    0.00   23.71   42.27    0.00    0.00    0.00    0.00    0.00    6.19
15:31:39       3   28.57    0.00   24.49   28.57    0.00    1.02    0.00    0.00    0.00   17.35
15:31:39       4   28.57    0.00   23.47   40.82    0.00    1.02    0.00    0.00    0.00    6.12
15:31:39       5   27.84    0.00   22.68   39.18    0.00    1.03    0.00    0.00    0.00    9.28
15:31:39       6   25.51    0.00   24.49   28.57    0.00    1.02    0.00    0.00    0.00   20.41
15:31:39       7   28.12    0.00   22.92   41.67    0.00    0.00    0.00    0.00    0.00    7.29

15:31:39     CPU    %usr   %nice    %sys %iowait    %irq   %soft  %steal  %guest  %gnice   %idle
15:31:40     all   23.78    0.00   20.76   38.50    0.00    0.79    0.00    0.00    0.00   16.16
15:31:40       0   25.53    0.00   20.21   37.23    0.00    0.00    0.00    0.00    0.00   17.02
15:31:40       1   23.96    0.00   20.83   40.62    0.00    1.04    0.00    0.00    0.00   13.54
15:31:40       2   25.00    0.00   19.79   40.62    0.00    1.04    0.00    0.00    0.00   13.54
15:31:40       3   23.40    0.00   20.21   37.23    0.00    1.06    0.00    0.00    0.00   18.09
15:31:40       4   22.11    0.00   21.05   47.37    0.00    1.05    0.00    0.00    0.00    8.42
15:31:40       5   23.71    0.00   22.68   30.93    0.00    1.03    0.00    0.00    0.00   21.65
15:31:40       6   23.16    0.00   20.00   36.84    0.00    1.05    0.00    0.00    0.00   18.95
15:31:40       7   23.40    0.00   21.28   37.23    0.00    0.00    0.00    0.00    0.00   18.09

15:31:40     CPU    %usr   %nice    %sys %iowait    %irq   %soft  %steal  %guest  %gnice   %idle
15:31:41     all    1.51    0.00   25.85   18.16    0.00    0.76    0.00    0.00    0.00   53.72
15:31:41       0    1.01    0.00   27.27   70.71    0.00    0.00    0.00    0.00    0.00    1.01
15:31:41       1    2.04    0.00   27.55    4.08    0.00    0.00    0.00    0.00    0.00   66.33
15:31:41       2    1.02    0.00   25.51    8.16    0.00    1.02    0.00    0.00    0.00   64.29
15:31:41       3    3.03    0.00   27.27   57.58    0.00    1.01    0.00    0.00    0.00   11.11
15:31:41       4    1.00    0.00   25.00    1.00    0.00    1.00    0.00    0.00    0.00   72.00
15:31:41       5    1.00    0.00   25.00    2.00    0.00    1.00    0.00    0.00    0.00   71.00
15:31:41       6    1.01    0.00   24.24    1.01    0.00    1.01    0.00    0.00    0.00   72.73
15:31:41       7    2.00    0.00   25.00    1.00    0.00    1.00    0.00    0.00    0.00   71.00

15:31:41     CPU    %usr   %nice    %sys %iowait    %irq   %soft  %steal  %guest  %gnice   %idle
15:31:42     all    0.13    0.00    1.01   22.54    0.00    0.00    0.00    0.00    0.00   76.32
15:31:42       0    0.00    0.00    1.01   86.87    0.00    0.00    0.00    0.00    0.00   12.12
15:31:42       1    0.00    0.00    0.00    1.00    0.00    0.00    0.00    0.00    0.00   99.00
15:31:42       2    0.00    0.00    1.00    0.00    0.00    0.00    0.00    0.00    0.00   99.00
15:31:42       3    0.00    0.00    2.06   64.95    0.00    0.00    0.00    0.00    0.00   32.99
15:31:42       4    1.02    0.00    2.04   29.59    0.00    0.00    0.00    0.00    0.00   67.35
15:31:42       5    0.00    0.00    1.00    0.00    0.00    0.00    0.00    0.00    0.00   99.00
15:31:42       6    0.00    0.00    1.00    0.00    0.00    0.00    0.00    0.00    0.00   99.00
15:31:42       7    0.00    0.00    0.00    0.00    0.00    0.00    0.00    0.00    0.00  100.00
