Linux 6.14.0-1018-aws (ip-10-0-1-227) 	01/03/26 	_aarch64_	(8 CPU)

17:06:43     CPU    %usr   %nice    %sys %iowait    %irq   %soft  %steal  %guest  %gnice   %idle
17:06:44     all    0.63    0.00    0.25    0.00    0.00    0.00    0.00    0.00    0.00   99.12
17:06:44       0    0.00    0.00    0.00    0.00    0.00    0.00    0.00    0.00    0.00  100.00
17:06:44       1    0.00    0.00    0.00    0.00    0.00    0.00    0.00    0.00    0.00  100.00
17:06:44       2    4.00    0.00    1.00    0.00    0.00    0.00    0.00    0.00    0.00   95.00
17:06:44       3    0.00    0.00    0.00    0.00    0.00    0.00    0.00    0.00    0.00  100.00
17:06:44       4    0.99    0.00    0.99    0.00    0.00    0.00    0.00    0.00    0.00   98.02
17:06:44       5    0.00    0.00    0.00    0.00    0.00    0.00    0.00    0.00    0.00  100.00
17:06:44       6    0.00    0.00    0.00    0.00    0.00    0.00    0.00    0.00    0.00  100.00
17:06:44       7    0.00    0.00    0.00    0.00    0.00    0.00    0.00    0.00    0.00  100.00

17:06:44     CPU    %usr   %nice    %sys %iowait    %irq   %soft  %steal  %guest  %gnice   %idle
17:06:45     all    0.00    0.00    0.13    0.13    0.00    0.00    0.00    0.00    0.00   99.75
17:06:45       0    0.00    0.00    0.00    0.00    0.00    0.00    0.00    0.00    0.00  100.00
17:06:45       1    0.00    0.00    0.00    0.00    0.00    0.00    0.00    0.00    0.00  100.00
17:06:45       2    0.00    0.00    0.00    0.00    0.00    0.00    0.00    0.00    0.00  100.00
17:06:45       3    0.00    0.00    0.00    1.00    0.00    0.00    0.00    0.00    0.00   99.00
17:06:45       4    0.00    0.00    1.01    0.00    0.00    0.00    0.00    0.00    0.00   98.99
17:06:45       5    0.00    0.00    0.00    0.00    0.00    0.00    0.00    0.00    0.00  100.00
17:06:45       6    0.00    0.00    0.00    0.00    0.00    0.00    0.00    0.00    0.00  100.00
17:06:45       7    0.00    0.00    0.00    0.00    0.00    0.00    0.00    0.00    0.00  100.00

17:06:45     CPU    %usr   %nice    %sys %iowait    %irq   %soft  %steal  %guest  %gnice   %idle
17:06:46     all   14.97    0.00   67.01    3.17    0.00    0.00    0.00    0.00    0.00   14.85
17:06:46       0   15.31    0.00   66.33    3.06    0.00    0.00    0.00    0.00    0.00   15.31
17:06:46       1   15.15    0.00   67.68    3.03    0.00    0.00    0.00    0.00    0.00   14.14
17:06:46       2   15.00    0.00   66.00    3.00    0.00    0.00    0.00    0.00    0.00   16.00
17:06:46       3   14.29    0.00   68.37    2.04    0.00    0.00    0.00    0.00    0.00   15.31
17:06:46       4   13.27    0.00   67.35    3.06    0.00    0.00    0.00    0.00    0.00   16.33
17:06:46       5   15.46    0.00   68.04    2.06    0.00    0.00    0.00    0.00    0.00   14.43
17:06:46       6   15.15    0.00   66.67    3.03    0.00    0.00    0.00    0.00    0.00   15.15
17:06:46       7   16.16    0.00   65.66    6.06    0.00    0.00    0.00    0.00    0.00   12.12

17:06:46     CPU    %usr   %nice    %sys %iowait    %irq   %soft  %steal  %guest  %gnice   %idle
17:06:47     all   15.74    0.00   71.54    2.77    0.00    0.50    0.00    0.00    0.00    9.45
17:06:47       0   15.31    0.00   72.45    2.04    0.00    0.00    0.00    0.00    0.00   10.20
17:06:47       1   15.15    0.00   70.71    2.02    0.00    1.01    0.00    0.00    0.00   11.11
17:06:47       2   16.16    0.00   71.72    3.03    0.00    0.00    0.00    0.00    0.00    9.09
17:06:47       3   15.15    0.00   71.72    3.03    0.00    0.00    0.00    0.00    0.00   10.10
17:06:47       4   17.00    0.00   71.00    3.00    0.00    1.00    0.00    0.00    0.00    8.00
17:06:47       5   16.00    0.00   71.00    4.00    0.00    1.00    0.00    0.00    0.00    8.00
17:06:47       6   14.85    0.00   71.29    2.97    0.00    0.99    0.00    0.00    0.00    9.90
17:06:47       7   16.33    0.00   72.45    2.04    0.00    0.00    0.00    0.00    0.00    9.18

17:06:47     CPU    %usr   %nice    %sys %iowait    %irq   %soft  %steal  %guest  %gnice   %idle
17:06:48     all   15.85    0.00   71.32    3.02    0.00    0.13    0.00    0.00    0.00    9.69
17:06:48       0   16.00    0.00   72.00    4.00    0.00    0.00    0.00    0.00    0.00    8.00
17:06:48       1   16.16    0.00   71.72    3.03    0.00    0.00    0.00    0.00    0.00    9.09
17:06:48       2   15.00    0.00   70.00    3.00    0.00    1.00    0.00    0.00    0.00   11.00
17:06:48       3   16.49    0.00   71.13    3.09    0.00    0.00    0.00    0.00    0.00    9.28
17:06:48       4   16.33    0.00   70.41    3.06    0.00    0.00    0.00    0.00    0.00   10.20
17:06:48       5   17.17    0.00   70.71    2.02    0.00    0.00    0.00    0.00    0.00   10.10
17:06:48       6   13.86    0.00   73.27    2.97    0.00    0.00    0.00    0.00    0.00    9.90
17:06:48       7   15.84    0.00   71.29    2.97    0.00    0.00    0.00    0.00    0.00    9.90

17:06:48     CPU    %usr   %nice    %sys %iowait    %irq   %soft  %steal  %guest  %gnice   %idle
17:06:49     all   15.90    0.00   72.39    3.05    0.00    0.00    0.00    0.00    0.00    8.65
17:06:49       0   15.00    0.00   73.00    3.00    0.00    0.00    0.00    0.00    0.00    9.00
17:06:49       1   17.17    0.00   71.72    3.03    0.00    0.00    0.00    0.00    0.00    8.08
17:06:49       2   17.35    0.00   71.43    3.06    0.00    0.00    0.00    0.00    0.00    8.16
17:06:49       3   16.33    0.00   71.43    3.06    0.00    0.00    0.00    0.00    0.00    9.18
17:06:49       4   16.33    0.00   72.45    3.06    0.00    0.00    0.00    0.00    0.00    8.16
17:06:49       5   14.29    0.00   73.47    3.06    0.00    0.00    0.00    0.00    0.00    9.18
17:06:49       6   15.62    0.00   72.92    3.12    0.00    0.00    0.00    0.00    0.00    8.33
17:06:49       7   15.15    0.00   72.73    3.03    0.00    0.00    0.00    0.00    0.00    9.09

17:06:49     CPU    %usr   %nice    %sys %iowait    %irq   %soft  %steal  %guest  %gnice   %idle
17:06:50     all   16.48    0.00   70.94    2.89    0.00    0.38    0.00    0.00    0.00    9.31
17:06:50       0   17.00    0.00   71.00    3.00    0.00    0.00    0.00    0.00    0.00    9.00
17:06:50       1   15.84    0.00   71.29    2.97    0.00    0.00    0.00    0.00    0.00    9.90
17:06:50       2   16.16    0.00   70.71    3.03    0.00    1.01    0.00    0.00    0.00    9.09
17:06:50       3   14.85    0.00   73.27    2.97    0.00    0.99    0.00    0.00    0.00    7.92
17:06:50       4   17.53    0.00   70.10    3.09    0.00    0.00    0.00    0.00    0.00    9.28
17:06:50       5   17.17    0.00   70.71    3.03    0.00    0.00    0.00    0.00    0.00    9.09
17:06:50       6   17.17    0.00   69.70    2.02    0.00    0.00    0.00    0.00    0.00   11.11
17:06:50       7   16.16    0.00   70.71    3.03    0.00    1.01    0.00    0.00    0.00    9.09

17:06:50     CPU    %usr   %nice    %sys %iowait    %irq   %soft  %steal  %guest  %gnice   %idle
17:06:51     all   16.08    0.00   71.65    2.78    0.00    0.13    0.00    0.00    0.00    9.37
17:06:51       0   16.16    0.00   72.73    2.02    0.00    1.01    0.00    0.00    0.00    8.08
17:06:51       1   15.31    0.00   72.45    3.06    0.00    0.00    0.00    0.00    0.00    9.18
17:06:51       2   16.33    0.00   72.45    2.04    0.00    0.00    0.00    0.00    0.00    9.18
17:06:51       3   16.33    0.00   72.45    3.06    0.00    0.00    0.00    0.00    0.00    8.16
17:06:51       4   17.00    0.00   70.00    3.00    0.00    0.00    0.00    0.00    0.00   10.00
17:06:51       5   16.16    0.00   71.72    3.03    0.00    0.00    0.00    0.00    0.00    9.09
17:06:51       6   14.14    0.00   71.72    3.03    0.00    0.00    0.00    0.00    0.00   11.11
17:06:51       7   17.17    0.00   69.70    3.03    0.00    0.00    0.00    0.00    0.00   10.10

17:06:51     CPU    %usr   %nice    %sys %iowait    %irq   %soft  %steal  %guest  %gnice   %idle
17:06:52     all   16.22    0.00   71.86    2.92    0.00    0.13    0.00    0.00    0.00    8.87
17:06:52       0   17.17    0.00   70.71    3.03    0.00    0.00    0.00    0.00    0.00    9.09
17:06:52       1   17.00    0.00   70.00    3.00    0.00    0.00    0.00    0.00    0.00   10.00
17:06:52       2   15.46    0.00   72.16    3.09    0.00    0.00    0.00    0.00    0.00    9.28
17:06:52       3   16.16    0.00   73.74    2.02    0.00    0.00    0.00    0.00    0.00    8.08
17:06:52       4   15.15    0.00   73.74    4.04    0.00    0.00    0.00    0.00    0.00    7.07
17:06:52       5   17.17    0.00   70.71    3.03    0.00    0.00    0.00    0.00    0.00    9.09
17:06:52       6   16.00    0.00   72.00    3.00    0.00    1.00    0.00    0.00    0.00    8.00
17:06:52       7   15.62    0.00   71.88    2.08    0.00    0.00    0.00    0.00    0.00   10.42

17:06:52     CPU    %usr   %nice    %sys %iowait    %irq   %soft  %steal  %guest  %gnice   %idle
17:06:53     all   15.38    0.00   71.63    3.15    0.00    0.25    0.00    0.00    0.00    9.58
17:06:53       0   16.83    0.00   71.29    2.97    0.00    0.00    0.00    0.00    0.00    8.91
17:06:53       1   13.40    0.00   75.26    2.06    0.00    0.00    0.00    0.00    0.00    9.28
17:06:53       2   14.00    0.00   73.00    3.00    0.00    0.00    0.00    0.00    0.00   10.00
17:06:53       3   15.15    0.00   70.71    4.04    0.00    1.01    0.00    0.00    0.00    9.09
17:06:53       4   18.00    0.00   68.00    3.00    0.00    1.00    0.00    0.00    0.00   10.00
17:06:53       5   15.15    0.00   71.72    3.03    0.00    0.00    0.00    0.00    0.00   10.10
17:06:53       6   16.49    0.00   71.13    3.09    0.00    0.00    0.00    0.00    0.00    9.28
17:06:53       7   14.00    0.00   72.00    4.00    0.00    0.00    0.00    0.00    0.00   10.00

17:06:53     CPU    %usr   %nice    %sys %iowait    %irq   %soft  %steal  %guest  %gnice   %idle
17:06:54     all   16.73    0.00   71.36    2.53    0.00    0.25    0.00    0.00    0.00    9.13
17:06:54       0   15.62    0.00   73.96    3.12    0.00    0.00    0.00    0.00    0.00    7.29
17:06:54       1   19.19    0.00   68.69    3.03    0.00    1.01    0.00    0.00    0.00    8.08
17:06:54       2   14.14    0.00   72.73    2.02    0.00    0.00    0.00    0.00    0.00   11.11
17:06:54       3   18.00    0.00   71.00    2.00    0.00    0.00    0.00    0.00    0.00    9.00
17:06:54       4   17.35    0.00   71.43    2.04    0.00    0.00    0.00    0.00    0.00    9.18
17:06:54       5   17.17    0.00   68.69    3.03    0.00    1.01    0.00    0.00    0.00   10.10
17:06:54       6   15.00    0.00   73.00    2.00    0.00    0.00    0.00    0.00    0.00   10.00
17:06:54       7   17.35    0.00   71.43    3.06    0.00    0.00    0.00    0.00    0.00    8.16

17:06:54     CPU    %usr   %nice    %sys %iowait    %irq   %soft  %steal  %guest  %gnice   %idle
17:06:55     all   15.64    0.00   71.75    3.15    0.00    0.13    0.00    0.00    0.00    9.33
17:06:55       0   17.17    0.00   69.70    3.03    0.00    0.00    0.00    0.00    0.00   10.10
17:06:55       1   17.17    0.00   70.71    3.03    0.00    0.00    0.00    0.00    0.00    9.09
17:06:55       2   13.27    0.00   74.49    3.06    0.00    0.00    0.00    0.00    0.00    9.18
17:06:55       3   15.00    0.00   71.00    3.00    0.00    1.00    0.00    0.00    0.00   10.00
17:06:55       4   14.14    0.00   74.75    3.03    0.00    0.00    0.00    0.00    0.00    8.08
17:06:55       5   17.00    0.00   69.00    4.00    0.00    0.00    0.00    0.00    0.00   10.00
17:06:55       6   14.29    0.00   73.47    3.06    0.00    0.00    0.00    0.00    0.00    9.18
17:06:55       7   17.00    0.00   71.00    3.00    0.00    0.00    0.00    0.00    0.00    9.00

17:06:55     CPU    %usr   %nice    %sys %iowait    %irq   %soft  %steal  %guest  %gnice   %idle
17:06:56     all   14.97    0.00   72.97    2.54    0.00    0.51    0.00    0.00    0.00    9.01
17:06:56       0   15.15    0.00   71.72    2.02    0.00    1.01    0.00    0.00    0.00   10.10
17:06:56       1   16.33    0.00   72.45    2.04    0.00    0.00    0.00    0.00    0.00    9.18
17:06:56       2   14.14    0.00   72.73    3.03    0.00    1.01    0.00    0.00    0.00    9.09
17:06:56       3   14.29    0.00   73.47    3.06    0.00    0.00    0.00    0.00    0.00    9.18
17:06:56       4   13.27    0.00   73.47    4.08    0.00    1.02    0.00    0.00    0.00    8.16
17:06:56       5   14.29    0.00   74.49    2.04    0.00    0.00    0.00    0.00    0.00    9.18
17:06:56       6   15.15    0.00   74.75    2.02    0.00    0.00    0.00    0.00    0.00    8.08
17:06:56       7   17.17    0.00   70.71    2.02    0.00    1.01    0.00    0.00    0.00    9.09

17:06:56     CPU    %usr   %nice    %sys %iowait    %irq   %soft  %steal  %guest  %gnice   %idle
17:06:57     all   16.35    0.00   70.82    3.14    0.00    0.13    0.00    0.00    0.00    9.56
17:06:57       0   17.17    0.00   68.69    4.04    0.00    0.00    0.00    0.00    0.00   10.10
17:06:57       1   17.00    0.00   70.00    3.00    0.00    0.00    0.00    0.00    0.00   10.00
17:06:57       2   17.00    0.00   71.00    3.00    0.00    0.00    0.00    0.00    0.00    9.00
17:06:57       3   15.15    0.00   72.73    3.03    0.00    0.00    0.00    0.00    0.00    9.09
17:06:57       4   15.00    0.00   71.00    3.00    0.00    0.00    0.00    0.00    0.00   11.00
17:06:57       5   16.00    0.00   71.00    3.00    0.00    0.00    0.00    0.00    0.00   10.00
17:06:57       6   17.17    0.00   70.71    3.03    0.00    1.01    0.00    0.00    0.00    8.08
17:06:57       7   16.33    0.00   71.43    3.06    0.00    0.00    0.00    0.00    0.00    9.18

17:06:57     CPU    %usr   %nice    %sys %iowait    %irq   %soft  %steal  %guest  %gnice   %idle
17:06:58     all   16.04    0.00   71.46    2.65    0.00    0.13    0.00    0.00    0.00    9.72
17:06:58       0   16.33    0.00   72.45    2.04    0.00    0.00    0.00    0.00    0.00    9.18
17:06:58       1   16.33    0.00   72.45    2.04    0.00    0.00    0.00    0.00    0.00    9.18
17:06:58       2   17.35    0.00   69.39    3.06    0.00    0.00    0.00    0.00    0.00   10.20
17:06:58       3   15.84    0.00   71.29    2.97    0.00    0.00    0.00    0.00    0.00    9.90
17:06:58       4   16.16    0.00   72.73    2.02    0.00    0.00    0.00    0.00    0.00    9.09
17:06:58       5   17.17    0.00   70.71    3.03    0.00    0.00    0.00    0.00    0.00    9.09
17:06:58       6   15.00    0.00   71.00    3.00    0.00    0.00    0.00    0.00    0.00   11.00
17:06:58       7   14.14    0.00   71.72    3.03    0.00    1.01    0.00    0.00    0.00   10.10

17:06:58     CPU    %usr   %nice    %sys %iowait    %irq   %soft  %steal  %guest  %gnice   %idle
17:06:59     all   16.29    0.00   71.34    2.90    0.00    0.38    0.00    0.00    0.00    9.09
17:06:59       0   17.17    0.00   71.72    3.03    0.00    0.00    0.00    0.00    0.00    8.08
17:06:59       1   15.84    0.00   71.29    2.97    0.00    0.99    0.00    0.00    0.00    8.91
17:06:59       2   15.15    0.00   70.71    3.03    0.00    1.01    0.00    0.00    0.00   10.10
17:06:59       3   15.00    0.00   72.00    3.00    0.00    1.00    0.00    0.00    0.00    9.00
17:06:59       4   15.31    0.00   73.47    3.06    0.00    0.00    0.00    0.00    0.00    8.16
17:06:59       5   16.33    0.00   71.43    3.06    0.00    0.00    0.00    0.00    0.00    9.18
17:06:59       6   17.17    0.00   71.72    2.02    0.00    0.00    0.00    0.00    0.00    9.09
17:06:59       7   18.37    0.00   68.37    3.06    0.00    0.00    0.00    0.00    0.00   10.20

17:06:59     CPU    %usr   %nice    %sys %iowait    %irq   %soft  %steal  %guest  %gnice   %idle
17:07:00     all   15.99    0.00   71.45    2.79    0.00    0.13    0.00    0.00    0.00    9.64
17:07:00       0   17.17    0.00   70.71    3.03    0.00    0.00    0.00    0.00    0.00    9.09
17:07:00       1   15.15    0.00   71.72    3.03    0.00    0.00    0.00    0.00    0.00   10.10
17:07:00       2   16.33    0.00   72.45    2.04    0.00    0.00    0.00    0.00    0.00    9.18
17:07:00       3   16.49    0.00   69.07    3.09    0.00    0.00    0.00    0.00    0.00   11.34
17:07:00       4   15.15    0.00   71.72    3.03    0.00    1.01    0.00    0.00    0.00    9.09
17:07:00       5   17.17    0.00   70.71    2.02    0.00    0.00    0.00    0.00    0.00   10.10
17:07:00       6   15.00    0.00   73.00    3.00    0.00    0.00    0.00    0.00    0.00    9.00
17:07:00       7   15.46    0.00   72.16    3.09    0.00    0.00    0.00    0.00    0.00    9.28

17:07:00     CPU    %usr   %nice    %sys %iowait    %irq   %soft  %steal  %guest  %gnice   %idle
17:07:01     all   16.43    0.00   71.68    2.53    0.00    0.13    0.00    0.00    0.00    9.23
17:07:01       0   17.00    0.00   72.00    2.00    0.00    0.00    0.00    0.00    0.00    9.00
17:07:01       1   15.31    0.00   73.47    2.04    0.00    0.00    0.00    0.00    0.00    9.18
17:07:01       2   16.16    0.00   71.72    3.03    0.00    0.00    0.00    0.00    0.00    9.09
17:07:01       3   17.35    0.00   71.43    2.04    0.00    0.00    0.00    0.00    0.00    9.18
17:07:01       4   15.15    0.00   72.73    2.02    0.00    0.00    0.00    0.00    0.00   10.10
17:07:01       5   17.17    0.00   69.70    3.03    0.00    0.00    0.00    0.00    0.00   10.10
17:07:01       6   17.35    0.00   71.43    3.06    0.00    0.00    0.00    0.00    0.00    8.16
17:07:01       7   16.00    0.00   71.00    3.00    0.00    1.00    0.00    0.00    0.00    9.00

17:07:01     CPU    %usr   %nice    %sys %iowait    %irq   %soft  %steal  %guest  %gnice   %idle
17:07:02     all   15.63    0.00   72.17    3.05    0.00    0.13    0.00    0.00    0.00    9.02
17:07:02       0   15.31    0.00   72.45    3.06    0.00    0.00    0.00    0.00    0.00    9.18
17:07:02       1   17.35    0.00   71.43    3.06    0.00    0.00    0.00    0.00    0.00    8.16
17:07:02       2   15.31    0.00   72.45    4.08    0.00    0.00    0.00    0.00    0.00    8.16
17:07:02       3   16.16    0.00   71.72    3.03    0.00    0.00    0.00    0.00    0.00    9.09
17:07:02       4   17.17    0.00   70.71    3.03    0.00    0.00    0.00    0.00    0.00    9.09
17:07:02       5   15.00    0.00   72.00    3.00    0.00    1.00    0.00    0.00    0.00    9.00
17:07:02       6   16.33    0.00   71.43    3.06    0.00    0.00    0.00    0.00    0.00    9.18
17:07:02       7   12.37    0.00   75.26    2.06    0.00    0.00    0.00    0.00    0.00   10.31

17:07:02     CPU    %usr   %nice    %sys %iowait    %irq   %soft  %steal  %guest  %gnice   %idle
17:07:03     all   16.33    0.00   71.52    2.78    0.00    0.25    0.00    0.00    0.00    9.11
17:07:03       0   15.84    0.00   71.29    2.97    0.00    0.99    0.00    0.00    0.00    8.91
17:07:03       1   16.16    0.00   73.74    3.03    0.00    0.00    0.00    0.00    0.00    7.07
17:07:03       2   16.33    0.00   70.41    2.04    0.00    1.02    0.00    0.00    0.00   10.20
17:07:03       3   13.00    0.00   74.00    3.00    0.00    0.00    0.00    0.00    0.00   10.00
17:07:03       4   16.49    0.00   71.13    3.09    0.00    0.00    0.00    0.00    0.00    9.28
17:07:03       5   16.67    0.00   71.88    2.08    0.00    0.00    0.00    0.00    0.00    9.38
17:07:03       6   18.18    0.00   68.69    3.03    0.00    0.00    0.00    0.00    0.00   10.10
17:07:03       7   18.00    0.00   71.00    3.00    0.00    0.00    0.00    0.00    0.00    8.00

17:07:03     CPU    %usr   %nice    %sys %iowait    %irq   %soft  %steal  %guest  %gnice   %idle
17:07:04     all   15.74    0.00   72.04    2.90    0.00    0.13    0.00    0.00    0.00    9.19
17:07:04       0   16.00    0.00   74.00    2.00    0.00    0.00    0.00    0.00    0.00    8.00
17:07:04       1   16.00    0.00   71.00    3.00    0.00    0.00    0.00    0.00    0.00   10.00
17:07:04       2   15.31    0.00   72.45    3.06    0.00    0.00    0.00    0.00    0.00    9.18
17:07:04       3   15.00    0.00   73.00    3.00    0.00    0.00    0.00    0.00    0.00    9.00
17:07:04       4   15.15    0.00   72.73    3.03    0.00    0.00    0.00    0.00    0.00    9.09
17:07:04       5   15.46    0.00   72.16    3.09    0.00    0.00    0.00    0.00    0.00    9.28
17:07:04       6   17.17    0.00   70.71    3.03    0.00    0.00    0.00    0.00    0.00    9.09
17:07:04       7   15.84    0.00   70.30    2.97    0.00    0.99    0.00    0.00    0.00    9.90

17:07:04     CPU    %usr   %nice    %sys %iowait    %irq   %soft  %steal  %guest  %gnice   %idle
17:07:05     all   15.82    0.00   72.28    2.91    0.00    0.00    0.00    0.00    0.00    8.99
17:07:05       0   14.29    0.00   74.49    3.06    0.00    0.00    0.00    0.00    0.00    8.16
17:07:05       1   17.17    0.00   71.72    3.03    0.00    0.00    0.00    0.00    0.00    8.08
17:07:05       2   14.00    0.00   74.00    3.00    0.00    0.00    0.00    0.00    0.00    9.00
17:07:05       3   16.33    0.00   71.43    3.06    0.00    0.00    0.00    0.00    0.00    9.18
17:07:05       4   15.15    0.00   72.73    3.03    0.00    0.00    0.00    0.00    0.00    9.09
17:07:05       5   16.00    0.00   72.00    3.00    0.00    0.00    0.00    0.00    0.00    9.00
17:07:05       6   18.18    0.00   69.70    3.03    0.00    0.00    0.00    0.00    0.00    9.09
17:07:05       7   15.46    0.00   72.16    2.06    0.00    0.00    0.00    0.00    0.00   10.31

17:07:05     CPU    %usr   %nice    %sys %iowait    %irq   %soft  %steal  %guest  %gnice   %idle
17:07:06     all   16.52    0.00   71.50    2.77    0.00    0.25    0.00    0.00    0.00    8.95
17:07:06       0   16.16    0.00   71.72    3.03    0.00    0.00    0.00    0.00    0.00    9.09
17:07:06       1   16.33    0.00   71.43    3.06    0.00    0.00    0.00    0.00    0.00    9.18
17:07:06       2   18.00    0.00   70.00    3.00    0.00    0.00    0.00    0.00    0.00    9.00
17:07:06       3   15.00    0.00   72.00    3.00    0.00    1.00    0.00    0.00    0.00    9.00
17:07:06       4   15.31    0.00   72.45    2.04    0.00    0.00    0.00    0.00    0.00   10.20
17:07:06       5   17.00    0.00   71.00    3.00    0.00    0.00    0.00    0.00    0.00    9.00
17:07:06       6   16.16    0.00   71.72    3.03    0.00    1.01    0.00    0.00    0.00    8.08
17:07:06       7   18.18    0.00   71.72    2.02    0.00    0.00    0.00    0.00    0.00    8.08

17:07:06     CPU    %usr   %nice    %sys %iowait    %irq   %soft  %steal  %guest  %gnice   %idle
17:07:07     all   16.77    0.00   71.16    2.80    0.00    0.00    0.00    0.00    0.00    9.28
17:07:07       0   17.53    0.00   70.10    3.09    0.00    0.00    0.00    0.00    0.00    9.28
17:07:07       1   16.33    0.00   71.43    3.06    0.00    0.00    0.00    0.00    0.00    9.18
17:07:07       2   14.29    0.00   73.47    3.06    0.00    0.00    0.00    0.00    0.00    9.18
17:07:07       3   16.00    0.00   73.00    2.00    0.00    0.00    0.00    0.00    0.00    9.00
17:07:07       4   19.39    0.00   68.37    3.06    0.00    0.00    0.00    0.00    0.00    9.18
17:07:07       5   15.46    0.00   72.16    3.09    0.00    0.00    0.00    0.00    0.00    9.28
17:07:07       6   17.35    0.00   70.41    2.04    0.00    0.00    0.00    0.00    0.00   10.20
17:07:07       7   17.82    0.00   70.30    2.97    0.00    0.00    0.00    0.00    0.00    8.91

17:07:07     CPU    %usr   %nice    %sys %iowait    %irq   %soft  %steal  %guest  %gnice   %idle
17:07:08     all   15.74    0.00   71.91    2.90    0.00    0.25    0.00    0.00    0.00    9.19
17:07:08       0   16.00    0.00   72.00    3.00    0.00    0.00    0.00    0.00    0.00    9.00
17:07:08       1   18.00    0.00   70.00    3.00    0.00    0.00    0.00    0.00    0.00    9.00
17:07:08       2   14.29    0.00   72.45    3.06    0.00    0.00    0.00    0.00    0.00   10.20
17:07:08       3   16.00    0.00   71.00    4.00    0.00    0.00    0.00    0.00    0.00    9.00
17:07:08       4   14.14    0.00   72.73    3.03    0.00    0.00    0.00    0.00    0.00   10.10
17:07:08       5   16.00    0.00   72.00    2.00    0.00    1.00    0.00    0.00    0.00    9.00
17:07:08       6   15.62    0.00   73.96    3.12    0.00    0.00    0.00    0.00    0.00    7.29
17:07:08       7   15.84    0.00   71.29    1.98    0.00    0.99    0.00    0.00    0.00    9.90

17:07:08     CPU    %usr   %nice    %sys %iowait    %irq   %soft  %steal  %guest  %gnice   %idle
17:07:09     all   15.86    0.00   71.83    2.92    0.00    0.25    0.00    0.00    0.00    9.14
17:07:09       0   16.33    0.00   72.45    2.04    0.00    0.00    0.00    0.00    0.00    9.18
17:07:09       1   17.00    0.00   70.00    4.00    0.00    1.00    0.00    0.00    0.00    8.00
17:07:09       2   16.00    0.00   72.00    3.00    0.00    1.00    0.00    0.00    0.00    8.00
17:07:09       3   14.29    0.00   73.47    2.04    0.00    0.00    0.00    0.00    0.00   10.20
17:07:09       4   16.33    0.00   70.41    3.06    0.00    0.00    0.00    0.00    0.00   10.20
17:07:09       5   14.29    0.00   73.47    3.06    0.00    0.00    0.00    0.00    0.00    9.18
17:07:09       6   17.17    0.00   70.71    3.03    0.00    0.00    0.00    0.00    0.00    9.09
17:07:09       7   15.46    0.00   72.16    3.09    0.00    0.00    0.00    0.00    0.00    9.28

17:07:09     CPU    %usr   %nice    %sys %iowait    %irq   %soft  %steal  %guest  %gnice   %idle
17:07:10     all   15.59    0.00   71.74    2.92    0.00    0.38    0.00    0.00    0.00    9.38
17:07:10       0   15.84    0.00   71.29    2.97    0.00    0.99    0.00    0.00    0.00    8.91
17:07:10       1   17.17    0.00   69.70    3.03    0.00    0.00    0.00    0.00    0.00   10.10
17:07:10       2   16.33    0.00   71.43    3.06    0.00    0.00    0.00    0.00    0.00    9.18
17:07:10       3   14.14    0.00   72.73    3.03    0.00    0.00    0.00    0.00    0.00   10.10
17:07:10       4   16.16    0.00   70.71    3.03    0.00    1.01    0.00    0.00    0.00    9.09
17:07:10       5   13.27    0.00   72.45    3.06    0.00    1.02    0.00    0.00    0.00   10.20
17:07:10       6   17.35    0.00   70.41    3.06    0.00    0.00    0.00    0.00    0.00    9.18
17:07:10       7   14.43    0.00   75.26    2.06    0.00    0.00    0.00    0.00    0.00    8.25

17:07:10     CPU    %usr   %nice    %sys %iowait    %irq   %soft  %steal  %guest  %gnice   %idle
17:07:11     all   16.04    0.00   71.72    3.03    0.00    0.25    0.00    0.00    0.00    8.96
17:07:11       0   16.33    0.00   72.45    2.04    0.00    0.00    0.00    0.00    0.00    9.18
17:07:11       1   14.29    0.00   73.47    3.06    0.00    0.00    0.00    0.00    0.00    9.18
17:07:11       2   17.17    0.00   69.70    3.03    0.00    0.00    0.00    0.00    0.00   10.10
17:07:11       3   15.00    0.00   72.00    3.00    0.00    1.00    0.00    0.00    0.00    9.00
17:07:11       4   16.16    0.00   71.72    4.04    0.00    0.00    0.00    0.00    0.00    8.08
17:07:11       5   16.16    0.00   71.72    3.03    0.00    0.00    0.00    0.00    0.00    9.09
17:07:11       6   15.15    0.00   71.72    3.03    0.00    1.01    0.00    0.00    0.00    9.09
17:07:11       7   18.00    0.00   71.00    3.00    0.00    0.00    0.00    0.00    0.00    8.00

17:07:11     CPU    %usr   %nice    %sys %iowait    %irq   %soft  %steal  %guest  %gnice   %idle
17:07:12     all   16.12    0.00   71.57    2.79    0.00    0.13    0.00    0.00    0.00    9.39
17:07:12       0   16.16    0.00   71.72    2.02    0.00    0.00    0.00    0.00    0.00   10.10
17:07:12       1   15.31    0.00   74.49    2.04    0.00    0.00    0.00    0.00    0.00    8.16
17:07:12       2   15.31    0.00   72.45    3.06    0.00    0.00    0.00    0.00    0.00    9.18
17:07:12       3   16.49    0.00   70.10    3.09    0.00    0.00    0.00    0.00    0.00   10.31
17:07:12       4   15.31    0.00   72.45    3.06    0.00    0.00    0.00    0.00    0.00    9.18
17:07:12       5   16.49    0.00   71.13    3.09    0.00    0.00    0.00    0.00    0.00    9.28
17:07:12       6   16.83    0.00   70.30    2.97    0.00    0.00    0.00    0.00    0.00    9.90
17:07:12       7   17.00    0.00   70.00    3.00    0.00    1.00    0.00    0.00    0.00    9.00

17:07:12     CPU    %usr   %nice    %sys %iowait    %irq   %soft  %steal  %guest  %gnice   %idle
17:07:13     all   15.70    0.00   72.36    2.89    0.00    0.13    0.00    0.00    0.00    8.92
17:07:13       0   15.84    0.00   73.27    2.97    0.00    0.00    0.00    0.00    0.00    7.92
17:07:13       1   14.14    0.00   72.73    2.02    0.00    0.00    0.00    0.00    0.00   11.11
17:07:13       2   17.00    0.00   71.00    3.00    0.00    0.00    0.00    0.00    0.00    9.00
17:07:13       3   15.15    0.00   72.73    3.03    0.00    0.00    0.00    0.00    0.00    9.09
17:07:13       4   15.15    0.00   73.74    2.02    0.00    0.00    0.00    0.00    0.00    9.09
17:07:13       5   16.16    0.00   71.72    3.03    0.00    0.00    0.00    0.00    0.00    9.09
17:07:13       6   15.31    0.00   73.47    3.06    0.00    1.02    0.00    0.00    0.00    7.14
17:07:13       7   16.83    0.00   70.30    3.96    0.00    0.00    0.00    0.00    0.00    8.91

17:07:13     CPU    %usr   %nice    %sys %iowait    %irq   %soft  %steal  %guest  %gnice   %idle
17:07:14     all   16.29    0.00   70.96    2.78    0.00    0.38    0.00    0.00    0.00    9.60
17:07:14       0   16.33    0.00   70.41    3.06    0.00    0.00    0.00    0.00    0.00   10.20
17:07:14       1   16.00    0.00   71.00    2.00    0.00    1.00    0.00    0.00    0.00   10.00
17:07:14       2   16.16    0.00   70.71    3.03    0.00    1.01    0.00    0.00    0.00    9.09
17:07:14       3   16.83    0.00   71.29    2.97    0.00    0.00    0.00    0.00    0.00    8.91
17:07:14       4   15.84    0.00   70.30    2.97    0.00    0.99    0.00    0.00    0.00    9.90
17:07:14       5   17.35    0.00   69.39    3.06    0.00    0.00    0.00    0.00    0.00   10.20
17:07:14       6   15.15    0.00   71.72    3.03    0.00    0.00    0.00    0.00    0.00   10.10
17:07:14       7   16.67    0.00   72.92    2.08    0.00    0.00    0.00    0.00    0.00    8.33

17:07:14     CPU    %usr   %nice    %sys %iowait    %irq   %soft  %steal  %guest  %gnice   %idle
17:07:15     all   16.18    0.00   71.68    2.91    0.00    0.13    0.00    0.00    0.00    9.10
17:07:15       0   15.31    0.00   73.47    2.04    0.00    1.02    0.00    0.00    0.00    8.16
17:07:15       1   16.16    0.00   72.73    3.03    0.00    0.00    0.00    0.00    0.00    8.08
17:07:15       2   16.16    0.00   71.72    3.03    0.00    0.00    0.00    0.00    0.00    9.09
17:07:15       3   15.31    0.00   73.47    2.04    0.00    0.00    0.00    0.00    0.00    9.18
17:07:15       4   17.17    0.00   70.71    4.04    0.00    0.00    0.00    0.00    0.00    8.08
17:07:15       5   16.16    0.00   70.71    3.03    0.00    0.00    0.00    0.00    0.00   10.10
17:07:15       6   16.33    0.00   70.41    3.06    0.00    0.00    0.00    0.00    0.00   10.20
17:07:15       7   16.83    0.00   70.30    2.97    0.00    0.00    0.00    0.00    0.00    9.90

17:07:15     CPU    %usr   %nice    %sys %iowait    %irq   %soft  %steal  %guest  %gnice   %idle
17:07:16     all   16.10    0.00   71.23    2.92    0.00    0.25    0.00    0.00    0.00    9.51
17:07:16       0   16.33    0.00   71.43    3.06    0.00    0.00    0.00    0.00    0.00    9.18
17:07:16       1   17.17    0.00   68.69    3.03    0.00    1.01    0.00    0.00    0.00   10.10
17:07:16       2   14.58    0.00   73.96    2.08    0.00    0.00    0.00    0.00    0.00    9.38
17:07:16       3   15.15    0.00   70.71    4.04    0.00    0.00    0.00    0.00    0.00   10.10
17:07:16       4   16.00    0.00   70.00    3.00    0.00    1.00    0.00    0.00    0.00   10.00
17:07:16       5   17.17    0.00   70.71    3.03    0.00    0.00    0.00    0.00    0.00    9.09
17:07:16       6   14.14    0.00   74.75    3.03    0.00    0.00    0.00    0.00    0.00    8.08
17:07:16       7   18.18    0.00   69.70    2.02    0.00    0.00    0.00    0.00    0.00   10.10

17:07:16     CPU    %usr   %nice    %sys %iowait    %irq   %soft  %steal  %guest  %gnice   %idle
17:07:17     all   16.22    0.00   71.36    2.92    0.00    0.13    0.00    0.00    0.00    9.38
17:07:17       0   15.46    0.00   71.13    3.09    0.00    0.00    0.00    0.00    0.00   10.31
17:07:17       1   15.84    0.00   71.29    2.97    0.00    0.00    0.00    0.00    0.00    9.90
17:07:17       2   15.15    0.00   72.73    3.03    0.00    0.00    0.00    0.00    0.00    9.09
17:07:17       3   17.53    0.00   71.13    2.06    0.00    0.00    0.00    0.00    0.00    9.28
17:07:17       4   14.29    0.00   73.47    3.06    0.00    0.00    0.00    0.00    0.00    9.18
17:07:17       5   17.17    0.00   70.71    3.03    0.00    0.00    0.00    0.00    0.00    9.09
17:07:17       6   17.00    0.00   69.00    3.00    0.00    1.00    0.00    0.00    0.00   10.00
17:07:17       7   17.35    0.00   71.43    3.06    0.00    0.00    0.00    0.00    0.00    8.16

17:07:17     CPU    %usr   %nice    %sys %iowait    %irq   %soft  %steal  %guest  %gnice   %idle
17:07:18     all   15.76    0.00   72.55    2.54    0.00    0.00    0.00    0.00    0.00    9.15
17:07:18       0   15.31    0.00   73.47    2.04    0.00    0.00    0.00    0.00    0.00    9.18
17:07:18       1   18.18    0.00   69.70    3.03    0.00    0.00    0.00    0.00    0.00    9.09
17:07:18       2   15.15    0.00   73.74    2.02    0.00    0.00    0.00    0.00    0.00    9.09
17:07:18       3   14.00    0.00   73.00    3.00    0.00    0.00    0.00    0.00    0.00   10.00
17:07:18       4   15.62    0.00   72.92    3.12    0.00    0.00    0.00    0.00    0.00    8.33
17:07:18       5   16.49    0.00   73.20    2.06    0.00    0.00    0.00    0.00    0.00    8.25
17:07:18       6   18.00    0.00   70.00    3.00    0.00    0.00    0.00    0.00    0.00    9.00
17:07:18       7   13.27    0.00   74.49    2.04    0.00    0.00    0.00    0.00    0.00   10.20

17:07:18     CPU    %usr   %nice    %sys %iowait    %irq   %soft  %steal  %guest  %gnice   %idle
17:07:19     all   15.16    0.00   73.12    2.68    0.00    0.13    0.00    0.00    0.00    8.92
17:07:19       0   16.33    0.00   73.47    3.06    0.00    0.00    0.00    0.00    0.00    7.14
17:07:19       1   15.31    0.00   73.47    2.04    0.00    0.00    0.00    0.00    0.00    9.18
17:07:19       2   14.29    0.00   73.47    3.06    0.00    0.00    0.00    0.00    0.00    9.18
17:07:19       3   15.15    0.00   72.73    2.02    0.00    1.01    0.00    0.00    0.00    9.09
17:07:19       4   15.46    0.00   72.16    3.09    0.00    0.00    0.00    0.00    0.00    9.28
17:07:19       5   15.00    0.00   73.00    2.00    0.00    0.00    0.00    0.00    0.00   10.00
17:07:19       6   15.46    0.00   73.20    3.09    0.00    0.00    0.00    0.00    0.00    8.25
17:07:19       7   14.29    0.00   73.47    3.06    0.00    0.00    0.00    0.00    0.00    9.18

17:07:19     CPU    %usr   %nice    %sys %iowait    %irq   %soft  %steal  %guest  %gnice   %idle
17:07:20     all   16.52    0.00   70.74    3.03    0.00    0.38    0.00    0.00    0.00    9.33
17:07:20       0   17.17    0.00   69.70    3.03    0.00    1.01    0.00    0.00    0.00    9.09
17:07:20       1   15.84    0.00   72.28    2.97    0.00    0.00    0.00    0.00    0.00    8.91
17:07:20       2   16.00    0.00   70.00    3.00    0.00    1.00    0.00    0.00    0.00   10.00
17:07:20       3   17.35    0.00   70.41    3.06    0.00    0.00    0.00    0.00    0.00    9.18
17:07:20       4   15.46    0.00   70.10    4.12    0.00    0.00    0.00    0.00    0.00   10.31
17:07:20       5   16.33    0.00   71.43    3.06    0.00    0.00    0.00    0.00    0.00    9.18
17:07:20       6   19.00    0.00   69.00    2.00    0.00    0.00    0.00    0.00    0.00   10.00
17:07:20       7   15.00    0.00   73.00    3.00    0.00    1.00    0.00    0.00    0.00    8.00

17:07:20     CPU    %usr   %nice    %sys %iowait    %irq   %soft  %steal  %guest  %gnice   %idle
17:07:21     all   15.93    0.00   72.19    2.65    0.00    0.00    0.00    0.00    0.00    9.23
17:07:21       0   15.31    0.00   71.43    3.06    0.00    0.00    0.00    0.00    0.00   10.20
17:07:21       1   16.33    0.00   72.45    2.04    0.00    0.00    0.00    0.00    0.00    9.18
17:07:21       2   15.84    0.00   72.28    2.97    0.00    0.00    0.00    0.00    0.00    8.91
17:07:21       3   15.00    0.00   73.00    3.00    0.00    0.00    0.00    0.00    0.00    9.00
17:07:21       4   16.33    0.00   73.47    2.04    0.00    0.00    0.00    0.00    0.00    8.16
17:07:21       5   15.46    0.00   73.20    2.06    0.00    0.00    0.00    0.00    0.00    9.28
17:07:21       6   16.16    0.00   71.72    3.03    0.00    0.00    0.00    0.00    0.00    9.09
17:07:21       7   17.00    0.00   70.00    3.00    0.00    0.00    0.00    0.00    0.00   10.00

17:07:21     CPU    %usr   %nice    %sys %iowait    %irq   %soft  %steal  %guest  %gnice   %idle
17:07:22     all   16.08    0.00   71.14    3.29    0.00    0.25    0.00    0.00    0.00    9.24
17:07:22       0   16.49    0.00   71.13    3.09    0.00    0.00    0.00    0.00    0.00    9.28
17:07:22       1   14.85    0.00   72.28    3.96    0.00    0.00    0.00    0.00    0.00    8.91
17:07:22       2   15.31    0.00   73.47    3.06    0.00    0.00    0.00    0.00    0.00    8.16
17:07:22       3   16.16    0.00   71.72    4.04    0.00    0.00    0.00    0.00    0.00    8.08
17:07:22       4   16.83    0.00   69.31    2.97    0.00    0.99    0.00    0.00    0.00    9.90
17:07:22       5   17.35    0.00   69.39    3.06    0.00    0.00    0.00    0.00    0.00   10.20
17:07:22       6   14.29    0.00   71.43    3.06    0.00    1.02    0.00    0.00    0.00   10.20
17:07:22       7   17.35    0.00   70.41    3.06    0.00    0.00    0.00    0.00    0.00    9.18

17:07:22     CPU    %usr   %nice    %sys %iowait    %irq   %soft  %steal  %guest  %gnice   %idle
17:07:23     all   15.93    0.00   71.68    2.53    0.00    0.13    0.00    0.00    0.00    9.73
17:07:23       0   16.83    0.00   71.29    1.98    0.00    0.00    0.00    0.00    0.00    9.90
17:07:23       1   16.33    0.00   72.45    2.04    0.00    0.00    0.00    0.00    0.00    9.18
17:07:23       2   15.15    0.00   71.72    3.03    0.00    1.01    0.00    0.00    0.00    9.09
17:07:23       3   14.43    0.00   73.20    2.06    0.00    0.00    0.00    0.00    0.00   10.31
17:07:23       4   16.00    0.00   71.00    3.00    0.00    0.00    0.00    0.00    0.00   10.00
17:07:23       5   16.00    0.00   72.00    3.00    0.00    0.00    0.00    0.00    0.00    9.00
17:07:23       6   17.35    0.00   71.43    2.04    0.00    0.00    0.00    0.00    0.00    9.18
17:07:23       7   15.31    0.00   70.41    3.06    0.00    0.00    0.00    0.00    0.00   11.22

17:07:23     CPU    %usr   %nice    %sys %iowait    %irq   %soft  %steal  %guest  %gnice   %idle
17:07:24     all   16.43    0.00   71.05    3.03    0.00    0.25    0.00    0.00    0.00    9.23
17:07:24       0   17.17    0.00   70.71    3.03    0.00    0.00    0.00    0.00    0.00    9.09
17:07:24       1   16.16    0.00   70.71    3.03    0.00    1.01    0.00    0.00    0.00    9.09
17:07:24       2   17.00    0.00   70.00    3.00    0.00    0.00    0.00    0.00    0.00   10.00
17:07:24       3   17.00    0.00   71.00    3.00    0.00    0.00    0.00    0.00    0.00    9.00
17:07:24       4   15.31    0.00   72.45    3.06    0.00    0.00    0.00    0.00    0.00    9.18
17:07:24       5   15.15    0.00   71.72    3.03    0.00    1.01    0.00    0.00    0.00    9.09
17:07:24       6   17.35    0.00   70.41    3.06    0.00    0.00    0.00    0.00    0.00    9.18
17:07:24       7   16.33    0.00   71.43    3.06    0.00    0.00    0.00    0.00    0.00    9.18

17:07:24     CPU    %usr   %nice    %sys %iowait    %irq   %soft  %steal  %guest  %gnice   %idle
17:07:25     all   16.08    0.00   71.65    2.78    0.00    0.13    0.00    0.00    0.00    9.37
17:07:25       0   14.14    0.00   72.73    3.03    0.00    0.00    0.00    0.00    0.00   10.10
17:07:25       1   18.18    0.00   69.70    3.03    0.00    0.00    0.00    0.00    0.00    9.09
17:07:25       2   14.58    0.00   72.92    2.08    0.00    0.00    0.00    0.00    0.00   10.42
17:07:25       3   15.84    0.00   71.29    2.97    0.00    0.99    0.00    0.00    0.00    8.91
17:07:25       4   15.31    0.00   73.47    2.04    0.00    0.00    0.00    0.00    0.00    9.18
17:07:25       5   16.16    0.00   71.72    3.03    0.00    0.00    0.00    0.00    0.00    9.09
17:07:25       6   16.33    0.00   71.43    3.06    0.00    0.00    0.00    0.00    0.00    9.18
17:07:25       7   18.00    0.00   70.00    3.00    0.00    0.00    0.00    0.00    0.00    9.00

17:07:25     CPU    %usr   %nice    %sys %iowait    %irq   %soft  %steal  %guest  %gnice   %idle
17:07:26     all   16.56    0.00   71.43    2.65    0.00    0.25    0.00    0.00    0.00    9.10
17:07:26       0   17.17    0.00   70.71    3.03    0.00    1.01    0.00    0.00    0.00    8.08
17:07:26       1   16.16    0.00   72.73    3.03    0.00    0.00    0.00    0.00    0.00    8.08
17:07:26       2   17.17    0.00   71.72    3.03    0.00    0.00    0.00    0.00    0.00    8.08
17:07:26       3   14.58    0.00   72.92    2.08    0.00    0.00    0.00    0.00    0.00   10.42
17:07:26       4   17.82    0.00   70.30    2.97    0.00    0.00    0.00    0.00    0.00    8.91
17:07:26       5   18.18    0.00   70.71    2.02    0.00    0.00    0.00    0.00    0.00    9.09
17:07:26       6   15.15    0.00   71.72    2.02    0.00    1.01    0.00    0.00    0.00   10.10
17:07:26       7   16.16    0.00   70.71    3.03    0.00    0.00    0.00    0.00    0.00   10.10

17:07:26     CPU    %usr   %nice    %sys %iowait    %irq   %soft  %steal  %guest  %gnice   %idle
17:07:27     all   16.39    0.00   71.92    2.67    0.00    0.13    0.00    0.00    0.00    8.89
17:07:27       0   17.82    0.00   72.28    1.98    0.00    0.00    0.00    0.00    0.00    7.92
17:07:27       1   16.49    0.00   71.13    3.09    0.00    0.00    0.00    0.00    0.00    9.28
17:07:27       2   14.14    0.00   72.73    3.03    0.00    1.01    0.00    0.00    0.00    9.09
17:07:27       3   17.35    0.00   71.43    3.06    0.00    0.00    0.00    0.00    0.00    8.16
17:07:27       4   16.33    0.00   72.45    2.04    0.00    0.00    0.00    0.00    0.00    9.18
17:07:27       5   15.31    0.00   71.43    3.06    0.00    0.00    0.00    0.00    0.00   10.20
17:07:27       6   17.00    0.00   71.00    3.00    0.00    0.00    0.00    0.00    0.00    9.00
17:07:27       7   16.67    0.00   72.92    2.08    0.00    0.00    0.00    0.00    0.00    8.33

17:07:27     CPU    %usr   %nice    %sys %iowait    %irq   %soft  %steal  %guest  %gnice   %idle
17:07:28     all   15.87    0.00   71.41    2.90    0.00    0.38    0.00    0.00    0.00    9.45
17:07:28       0   15.15    0.00   72.73    3.03    0.00    0.00    0.00    0.00    0.00    9.09
17:07:28       1   16.16    0.00   72.73    2.02    0.00    0.00    0.00    0.00    0.00    9.09
17:07:28       2   15.31    0.00   71.43    3.06    0.00    0.00    0.00    0.00    0.00   10.20
17:07:28       3   17.35    0.00   70.41    3.06    0.00    0.00    0.00    0.00    0.00    9.18
17:07:28       4   16.00    0.00   70.00    3.00    0.00    1.00    0.00    0.00    0.00   10.00
17:07:28       5   16.00    0.00   71.00    3.00    0.00    1.00    0.00    0.00    0.00    9.00
17:07:28       6   15.15    0.00   72.73    3.03    0.00    0.00    0.00    0.00    0.00    9.09
17:07:28       7   15.84    0.00   70.30    2.97    0.00    0.99    0.00    0.00    0.00    9.90

17:07:28     CPU    %usr   %nice    %sys %iowait    %irq   %soft  %steal  %guest  %gnice   %idle
17:07:29     all   15.51    0.00   71.63    3.03    0.00    0.25    0.00    0.00    0.00    9.58
17:07:29       0   15.46    0.00   72.16    2.06    0.00    0.00    0.00    0.00    0.00   10.31
17:07:29       1   16.16    0.00   69.70    3.03    0.00    1.01    0.00    0.00    0.00   10.10
17:07:29       2   14.00    0.00   74.00    3.00    0.00    0.00    0.00    0.00    0.00    9.00
17:07:29       3   15.84    0.00   70.30    2.97    0.00    0.99    0.00    0.00    0.00    9.90
17:07:29       4   13.13    0.00   74.75    3.03    0.00    0.00    0.00    0.00    0.00    9.09
17:07:29       5   16.16    0.00   69.70    3.03    0.00    0.00    0.00    0.00    0.00   11.11
17:07:29       6   15.15    0.00   72.73    3.03    0.00    0.00    0.00    0.00    0.00    9.09
17:07:29       7   18.18    0.00   69.70    4.04    0.00    0.00    0.00    0.00    0.00    8.08

17:07:29     CPU    %usr   %nice    %sys %iowait    %irq   %soft  %steal  %guest  %gnice   %idle
17:07:30     all   15.72    0.00   71.74    2.66    0.00    0.25    0.00    0.00    0.00    9.63
17:07:30       0   16.16    0.00   71.72    3.03    0.00    0.00    0.00    0.00    0.00    9.09
17:07:30       1   15.15    0.00   71.72    3.03    0.00    0.00    0.00    0.00    0.00   10.10
17:07:30       2   15.31    0.00   71.43    3.06    0.00    0.00    0.00    0.00    0.00   10.20
17:07:30       3   17.35    0.00   71.43    2.04    0.00    0.00    0.00    0.00    0.00    9.18
17:07:30       4   15.00    0.00   73.00    3.00    0.00    0.00    0.00    0.00    0.00    9.00
17:07:30       5   16.49    0.00   70.10    3.09    0.00    0.00    0.00    0.00    0.00   10.31
17:07:30       6   15.31    0.00   71.43    2.04    0.00    1.02    0.00    0.00    0.00   10.20
17:07:30       7   15.00    0.00   73.00    2.00    0.00    1.00    0.00    0.00    0.00    9.00

17:07:30     CPU    %usr   %nice    %sys %iowait    %irq   %soft  %steal  %guest  %gnice   %idle
17:07:31     all   16.20    0.00   71.65    2.91    0.00    0.00    0.00    0.00    0.00    9.24
17:07:31       0   17.82    0.00   70.30    2.97    0.00    0.00    0.00    0.00    0.00    8.91
17:07:31       1   16.16    0.00   72.73    3.03    0.00    0.00    0.00    0.00    0.00    8.08
17:07:31       2   17.35    0.00   72.45    2.04    0.00    0.00    0.00    0.00    0.00    8.16
17:07:31       3   16.00    0.00   71.00    3.00    0.00    0.00    0.00    0.00    0.00   10.00
17:07:31       4   16.16    0.00   71.72    3.03    0.00    0.00    0.00    0.00    0.00    9.09
17:07:31       5   16.33    0.00   71.43    3.06    0.00    0.00    0.00    0.00    0.00    9.18
17:07:31       6   16.16    0.00   70.71    3.03    0.00    0.00    0.00    0.00    0.00   10.10
17:07:31       7   13.54    0.00   72.92    3.12    0.00    0.00    0.00    0.00    0.00   10.42

17:07:31     CPU    %usr   %nice    %sys %iowait    %irq   %soft  %steal  %guest  %gnice   %idle
17:07:32     all   16.41    0.00   71.59    2.90    0.00    0.13    0.00    0.00    0.00    8.96
17:07:32       0   17.00    0.00   72.00    2.00    0.00    1.00    0.00    0.00    0.00    8.00
17:07:32       1   17.35    0.00   70.41    3.06    0.00    0.00    0.00    0.00    0.00    9.18
17:07:32       2   16.83    0.00   71.29    2.97    0.00    0.00    0.00    0.00    0.00    8.91
17:07:32       3   16.16    0.00   71.72    3.03    0.00    0.00    0.00    0.00    0.00    9.09
17:07:32       4   16.16    0.00   70.71    3.03    0.00    0.00    0.00    0.00    0.00   10.10
17:07:32       5   16.33    0.00   72.45    3.06    0.00    0.00    0.00    0.00    0.00    8.16
17:07:32       6   15.31    0.00   73.47    3.06    0.00    0.00    0.00    0.00    0.00    8.16
17:07:32       7   16.16    0.00   70.71    3.03    0.00    0.00    0.00    0.00    0.00   10.10

17:07:32     CPU    %usr   %nice    %sys %iowait    %irq   %soft  %steal  %guest  %gnice   %idle
17:07:33     all   16.62    0.00   71.03    3.15    0.00    0.25    0.00    0.00    0.00    8.94
17:07:33       0   17.35    0.00   72.45    2.04    0.00    0.00    0.00    0.00    0.00    8.16
17:07:33       1   16.00    0.00   72.00    3.00    0.00    0.00    0.00    0.00    0.00    9.00
17:07:33       2   17.82    0.00   69.31    3.96    0.00    0.99    0.00    0.00    0.00    7.92
17:07:33       3   15.84    0.00   70.30    3.96    0.00    0.99    0.00    0.00    0.00    8.91
17:07:33       4   16.49    0.00   72.16    3.09    0.00    0.00    0.00    0.00    0.00    8.25
17:07:33       5   18.18    0.00   69.70    3.03    0.00    0.00    0.00    0.00    0.00    9.09
17:07:33       6   16.33    0.00   70.41    3.06    0.00    0.00    0.00    0.00    0.00   10.20
17:07:33       7   15.00    0.00   72.00    3.00    0.00    0.00    0.00    0.00    0.00   10.00

17:07:33     CPU    %usr   %nice    %sys %iowait    %irq   %soft  %steal  %guest  %gnice   %idle
17:07:34     all   15.82    0.00   71.01    2.78    0.00    0.25    0.00    0.00    0.00   10.13
17:07:34       0   18.18    0.00   68.69    3.03    0.00    1.01    0.00    0.00    0.00    9.09
17:07:34       1   15.46    0.00   72.16    3.09    0.00    0.00    0.00    0.00    0.00    9.28
17:07:34       2   16.00    0.00   70.00    3.00    0.00    0.00    0.00    0.00    0.00   11.00
17:07:34       3   14.43    0.00   73.20    2.06    0.00    0.00    0.00    0.00    0.00   10.31
17:07:34       4   16.00    0.00   71.00    3.00    0.00    0.00    0.00    0.00    0.00   10.00
17:07:34       5   14.85    0.00   70.30    2.97    0.00    0.99    0.00    0.00    0.00   10.89
17:07:34       6   15.46    0.00   72.16    2.06    0.00    0.00    0.00    0.00    0.00   10.31
17:07:34       7   16.16    0.00   70.71    3.03    0.00    0.00    0.00    0.00    0.00   10.10

17:07:34     CPU    %usr   %nice    %sys %iowait    %irq   %soft  %steal  %guest  %gnice   %idle
17:07:35     all   15.80    0.00   71.43    2.91    0.00    0.00    0.00    0.00    0.00    9.86
17:07:35       0   15.15    0.00   72.73    3.03    0.00    0.00    0.00    0.00    0.00    9.09
17:07:35       1   16.00    0.00   72.00    3.00    0.00    0.00    0.00    0.00    0.00    9.00
17:07:35       2   13.40    0.00   73.20    3.09    0.00    0.00    0.00    0.00    0.00   10.31
17:07:35       3   17.00    0.00   70.00    3.00    0.00    0.00    0.00    0.00    0.00   10.00
17:07:35       4   15.46    0.00   73.20    2.06    0.00    0.00    0.00    0.00    0.00    9.28
17:07:35       5   16.16    0.00   70.71    3.03    0.00    0.00    0.00    0.00    0.00   10.10
17:07:35       6   18.18    0.00   67.68    3.03    0.00    0.00    0.00    0.00    0.00   11.11
17:07:35       7   15.00    0.00   72.00    3.00    0.00    0.00    0.00    0.00    0.00   10.00

17:07:35     CPU    %usr   %nice    %sys %iowait    %irq   %soft  %steal  %guest  %gnice   %idle
17:07:36     all   15.58    0.00   71.48    2.64    0.00    0.38    0.00    0.00    0.00    9.92
17:07:36       0   16.00    0.00   72.00    2.00    0.00    0.00    0.00    0.00    0.00   10.00
17:07:36       1   15.00    0.00   71.00    2.00    0.00    1.00    0.00    0.00    0.00   11.00
17:07:36       2   16.16    0.00   71.72    2.02    0.00    0.00    0.00    0.00    0.00   10.10
17:07:36       3   15.00    0.00   73.00    3.00    0.00    0.00    0.00    0.00    0.00    9.00
17:07:36       4   15.00    0.00   71.00    3.00    0.00    1.00    0.00    0.00    0.00   10.00
17:07:36       5   16.16    0.00   70.71    3.03    0.00    0.00    0.00    0.00    0.00   10.10
17:07:36       6   16.33    0.00   70.41    3.06    0.00    0.00    0.00    0.00    0.00   10.20
17:07:36       7   15.00    0.00   72.00    3.00    0.00    1.00    0.00    0.00    0.00    9.00

17:07:36     CPU    %usr   %nice    %sys %iowait    %irq   %soft  %steal  %guest  %gnice   %idle
17:07:37     all   16.14    0.00   71.41    2.92    0.00    0.13    0.00    0.00    0.00    9.40
17:07:37       0   18.18    0.00   69.70    3.03    0.00    0.00    0.00    0.00    0.00    9.09
17:07:37       1   17.35    0.00   72.45    2.04    0.00    0.00    0.00    0.00    0.00    8.16
17:07:37       2   16.33    0.00   70.41    3.06    0.00    0.00    0.00    0.00    0.00   10.20
17:07:37       3   14.85    0.00   71.29    2.97    0.00    0.99    0.00    0.00    0.00    9.90
17:07:37       4   15.00    0.00   73.00    3.00    0.00    0.00    0.00    0.00    0.00    9.00
17:07:37       5   15.46    0.00   71.13    3.09    0.00    0.00    0.00    0.00    0.00   10.31
17:07:37       6   16.49    0.00   72.16    3.09    0.00    0.00    0.00    0.00    0.00    8.25
17:07:37       7   15.46    0.00   71.13    3.09    0.00    0.00    0.00    0.00    0.00   10.31

17:07:37     CPU    %usr   %nice    %sys %iowait    %irq   %soft  %steal  %guest  %gnice   %idle
17:07:38     all   15.64    0.00   71.75    3.03    0.00    0.13    0.00    0.00    0.00    9.46
17:07:38       0   15.15    0.00   73.74    3.03    0.00    0.00    0.00    0.00    0.00    8.08
17:07:38       1   14.14    0.00   71.72    3.03    0.00    0.00    0.00    0.00    0.00   11.11
17:07:38       2   18.00    0.00   69.00    4.00    0.00    0.00    0.00    0.00    0.00    9.00
17:07:38       3   17.17    0.00   71.72    2.02    0.00    0.00    0.00    0.00    0.00    9.09
17:07:38       4   16.16    0.00   70.71    3.03    0.00    0.00    0.00    0.00    0.00   10.10
17:07:38       5   13.13    0.00   73.74    3.03    0.00    0.00    0.00    0.00    0.00   10.10
17:07:38       6   15.00    0.00   72.00    3.00    0.00    1.00    0.00    0.00    0.00    9.00
17:07:38       7   16.33    0.00   71.43    3.06    0.00    0.00    0.00    0.00    0.00    9.18

17:07:38     CPU    %usr   %nice    %sys %iowait    %irq   %soft  %steal  %guest  %gnice   %idle
17:07:39     all   16.08    0.00   71.77    2.91    0.00    0.13    0.00    0.00    0.00    9.11
17:07:39       0   16.16    0.00   71.72    3.03    0.00    0.00    0.00    0.00    0.00    9.09
17:07:39       1   15.15    0.00   73.74    3.03    0.00    0.00    0.00    0.00    0.00    8.08
17:07:39       2   13.54    0.00   73.96    3.12    0.00    0.00    0.00    0.00    0.00    9.38
17:07:39       3   18.00    0.00   71.00    3.00    0.00    0.00    0.00    0.00    0.00    8.00
17:07:39       4   16.00    0.00   72.00    3.00    0.00    0.00    0.00    0.00    0.00    9.00
17:07:39       5   18.00    0.00   69.00    3.00    0.00    0.00    0.00    0.00    0.00   10.00
17:07:39       6   17.53    0.00   71.13    2.06    0.00    0.00    0.00    0.00    0.00    9.28
17:07:39       7   14.14    0.00   71.72    3.03    0.00    1.01    0.00    0.00    0.00   10.10

17:07:39     CPU    %usr   %nice    %sys %iowait    %irq   %soft  %steal  %guest  %gnice   %idle
17:07:40     all   16.01    0.00   71.16    3.05    0.00    0.25    0.00    0.00    0.00    9.53
17:07:40       0   14.29    0.00   72.45    2.04    0.00    1.02    0.00    0.00    0.00   10.20
17:07:40       1   14.29    0.00   74.49    2.04    0.00    0.00    0.00    0.00    0.00    9.18
17:07:40       2   17.17    0.00   68.69    4.04    0.00    1.01    0.00    0.00    0.00    9.09
17:07:40       3   16.49    0.00   71.13    3.09    0.00    0.00    0.00    0.00    0.00    9.28
17:07:40       4   16.33    0.00   70.41    4.08    0.00    0.00    0.00    0.00    0.00    9.18
17:07:40       5   17.53    0.00   71.13    2.06    0.00    0.00    0.00    0.00    0.00    9.28
17:07:40       6   16.00    0.00   70.00    3.00    0.00    0.00    0.00    0.00    0.00   11.00
17:07:40       7   16.00    0.00   71.00    4.00    0.00    0.00    0.00    0.00    0.00    9.00

17:07:40     CPU    %usr   %nice    %sys %iowait    %irq   %soft  %steal  %guest  %gnice   %idle
17:07:41     all   16.08    0.00   70.89    3.16    0.00    0.25    0.00    0.00    0.00    9.62
17:07:41       0   17.17    0.00   70.71    3.03    0.00    0.00    0.00    0.00    0.00    9.09
17:07:41       1   17.35    0.00   69.39    3.06    0.00    0.00    0.00    0.00    0.00   10.20
17:07:41       2   16.33    0.00   71.43    3.06    0.00    0.00    0.00    0.00    0.00    9.18
17:07:41       3   16.00    0.00   70.00    3.00    0.00    1.00    0.00    0.00    0.00   10.00
17:07:41       4   14.14    0.00   73.74    3.03    0.00    0.00    0.00    0.00    0.00    9.09
17:07:41       5   15.31    0.00   71.43    3.06    0.00    0.00    0.00    0.00    0.00   10.20
17:07:41       6   17.00    0.00   70.00    4.00    0.00    1.00    0.00    0.00    0.00    8.00
17:07:41       7   15.31    0.00   70.41    3.06    0.00    0.00    0.00    0.00    0.00   11.22

17:07:41     CPU    %usr   %nice    %sys %iowait    %irq   %soft  %steal  %guest  %gnice   %idle
17:07:42     all   15.19    0.00   72.78    2.91    0.00    0.00    0.00    0.00    0.00    9.11
17:07:42       0   15.31    0.00   72.45    3.06    0.00    0.00    0.00    0.00    0.00    9.18
17:07:42       1   15.00    0.00   73.00    3.00    0.00    0.00    0.00    0.00    0.00    9.00
17:07:42       2   15.00    0.00   73.00    3.00    0.00    0.00    0.00    0.00    0.00    9.00
17:07:42       3   17.17    0.00   71.72    2.02    0.00    0.00    0.00    0.00    0.00    9.09
17:07:42       4   15.15    0.00   71.72    3.03    0.00    0.00    0.00    0.00    0.00   10.10
17:07:42       5   15.31    0.00   73.47    2.04    0.00    0.00    0.00    0.00    0.00    9.18
17:07:42       6   13.27    0.00   75.51    3.06    0.00    0.00    0.00    0.00    0.00    8.16
17:07:42       7   15.31    0.00   71.43    4.08    0.00    0.00    0.00    0.00    0.00    9.18

17:07:42     CPU    %usr   %nice    %sys %iowait    %irq   %soft  %steal  %guest  %gnice   %idle
17:07:43     all   15.04    0.00   72.44    2.91    0.00    0.25    0.00    0.00    0.00    9.36
17:07:43       0   13.27    0.00   74.49    3.06    0.00    0.00    0.00    0.00    0.00    9.18
17:07:43       1   14.14    0.00   72.73    2.02    0.00    1.01    0.00    0.00    0.00   10.10
17:07:43       2   16.00    0.00   71.00    3.00    0.00    0.00    0.00    0.00    0.00   10.00
17:07:43       3   15.31    0.00   72.45    3.06    0.00    0.00    0.00    0.00    0.00    9.18
17:07:43       4   15.15    0.00   71.72    3.03    0.00    0.00    0.00    0.00    0.00   10.10
17:07:43       5   16.16    0.00   71.72    3.03    0.00    1.01    0.00    0.00    0.00    8.08
17:07:43       6   13.27    0.00   74.49    3.06    0.00    0.00    0.00    0.00    0.00    9.18
17:07:43       7   17.00    0.00   71.00    3.00    0.00    0.00    0.00    0.00    0.00    9.00

17:07:43     CPU    %usr   %nice    %sys %iowait    %irq   %soft  %steal  %guest  %gnice   %idle
17:07:44     all   15.36    0.00   72.08    2.79    0.00    0.25    0.00    0.00    0.00    9.52
17:07:44       0   15.00    0.00   72.00    2.00    0.00    1.00    0.00    0.00    0.00   10.00
17:07:44       1   14.43    0.00   72.16    4.12    0.00    0.00    0.00    0.00    0.00    9.28
17:07:44       2   14.29    0.00   74.49    2.04    0.00    0.00    0.00    0.00    0.00    9.18
17:07:44       3   14.29    0.00   72.45    3.06    0.00    0.00    0.00    0.00    0.00   10.20
17:07:44       4   16.16    0.00   69.70    3.03    0.00    1.01    0.00    0.00    0.00   10.10
17:07:44       5   16.16    0.00   72.73    2.02    0.00    0.00    0.00    0.00    0.00    9.09
17:07:44       6   18.00    0.00   70.00    3.00    0.00    0.00    0.00    0.00    0.00    9.00
17:07:44       7   14.43    0.00   73.20    3.09    0.00    0.00    0.00    0.00    0.00    9.28

17:07:44     CPU    %usr   %nice    %sys %iowait    %irq   %soft  %steal  %guest  %gnice   %idle
17:07:45     all   15.91    0.00   71.09    3.03    0.00    0.13    0.00    0.00    0.00    9.85
17:07:45       0   16.49    0.00   70.10    3.09    0.00    0.00    0.00    0.00    0.00   10.31
17:07:45       1   14.85    0.00   71.29    3.96    0.00    0.00    0.00    0.00    0.00    9.90
17:07:45       2   14.00    0.00   74.00    3.00    0.00    0.00    0.00    0.00    0.00    9.00
17:07:45       3   16.00    0.00   71.00    3.00    0.00    0.00    0.00    0.00    0.00   10.00
17:07:45       4   16.16    0.00   72.73    2.02    0.00    0.00    0.00    0.00    0.00    9.09
17:07:45       5   18.18    0.00   68.69    3.03    0.00    0.00    0.00    0.00    0.00   10.10
17:07:45       6   15.46    0.00   71.13    3.09    0.00    0.00    0.00    0.00    0.00   10.31
17:07:45       7   16.16    0.00   69.70    3.03    0.00    1.01    0.00    0.00    0.00   10.10

17:07:45     CPU    %usr   %nice    %sys %iowait    %irq   %soft  %steal  %guest  %gnice   %idle
17:07:46     all    1.00    0.00    4.14    0.13    0.00    0.00    0.00    0.00    0.00   94.73
17:07:46       0    0.99    0.00    4.95    0.00    0.00    0.00    0.00    0.00    0.00   94.06
17:07:46       1    1.00    0.00    4.00    0.00    0.00    0.00    0.00    0.00    0.00   95.00
17:07:46       2    1.00    0.00    4.00    0.00    0.00    0.00    0.00    0.00    0.00   95.00
17:07:46       3    2.00    0.00    4.00    0.00    0.00    0.00    0.00    0.00    0.00   94.00
17:07:46       4    0.00    0.00    4.08    1.02    0.00    0.00    0.00    0.00    0.00   94.90
17:07:46       5    1.01    0.00    4.04    0.00    0.00    0.00    0.00    0.00    0.00   94.95
17:07:46       6    1.01    0.00    4.04    0.00    0.00    0.00    0.00    0.00    0.00   94.95
17:07:46       7    1.00    0.00    4.00    0.00    0.00    0.00    0.00    0.00    0.00   95.00

17:07:46     CPU    %usr   %nice    %sys %iowait    %irq   %soft  %steal  %guest  %gnice   %idle
17:07:47     all    0.12    0.00    0.12    0.00    0.00    0.00    0.00    0.00    0.00   99.75
17:07:47       0    0.00    0.00    0.00    0.00    0.00    0.00    0.00    0.00    0.00  100.00
17:07:47       1    0.00    0.00    0.00    0.00    0.00    0.00    0.00    0.00    0.00  100.00
17:07:47       2    0.00    0.00    0.00    0.00    0.00    0.00    0.00    0.00    0.00  100.00
17:07:47       3    0.00    0.00    0.00    0.00    0.00    0.00    0.00    0.00    0.00  100.00
17:07:47       4    0.99    0.00    0.99    0.00    0.00    0.00    0.00    0.00    0.00   98.02
17:07:47       5    0.00    0.00    0.00    0.00    0.00    0.00    0.00    0.00    0.00  100.00
17:07:47       6    0.00    0.00    0.00    0.00    0.00    0.00    0.00    0.00    0.00  100.00
17:07:47       7    0.00    0.00    0.00    0.00    0.00    0.00    0.00    0.00    0.00  100.00
