Linux 6.14.0-1018-aws (ip-10-0-1-227) 	01/03/26 	_aarch64_	(8 CPU)

12:54:24     CPU    %usr   %nice    %sys %iowait    %irq   %soft  %steal  %guest  %gnice   %idle
12:54:25     all    0.00    0.00    0.00    0.00    0.00    0.00    0.00    0.00    0.00  100.00
12:54:25       0    0.00    0.00    0.00    0.00    0.00    0.00    0.00    0.00    0.00  100.00
12:54:25       1    0.00    0.00    0.00    0.00    0.00    0.00    0.00    0.00    0.00  100.00
12:54:25       2    0.00    0.00    0.00    0.00    0.00    0.00    0.00    0.00    0.00  100.00
12:54:25       3    0.00    0.00    0.00    0.00    0.00    0.00    0.00    0.00    0.00  100.00
12:54:25       4    0.00    0.00    0.00    0.00    0.00    0.00    0.00    0.00    0.00  100.00
12:54:25       5    0.00    0.00    0.00    0.00    0.00    0.00    0.00    0.00    0.00  100.00
12:54:25       6    0.00    0.00    0.00    0.00    0.00    0.00    0.00    0.00    0.00  100.00
12:54:25       7    0.00    0.00    0.00    0.00    0.00    0.00    0.00    0.00    0.00  100.00

12:54:25     CPU    %usr   %nice    %sys %iowait    %irq   %soft  %steal  %guest  %gnice   %idle
12:54:26     all    0.00    0.00    0.00    0.00    0.00    0.00    0.00    0.00    0.00  100.00
12:54:26       0    0.00    0.00    0.00    0.00    0.00    0.00    0.00    0.00    0.00  100.00
12:54:26       1    0.00    0.00    0.00    0.00    0.00    0.00    0.00    0.00    0.00  100.00
12:54:26       2    0.00    0.00    0.00    0.00    0.00    0.00    0.00    0.00    0.00  100.00
12:54:26       3    0.00    0.00    0.00    0.00    0.00    0.00    0.00    0.00    0.00  100.00
12:54:26       4    0.00    0.00    0.00    0.00    0.00    0.00    0.00    0.00    0.00  100.00
12:54:26       5    0.00    0.00    0.00    0.00    0.00    0.00    0.00    0.00    0.00  100.00
12:54:26       6    0.00    0.00    0.00    0.00    0.00    0.00    0.00    0.00    0.00  100.00
12:54:26       7    0.00    0.00    0.00    0.00    0.00    0.00    0.00    0.00    0.00  100.00

12:54:26     CPU    %usr   %nice    %sys %iowait    %irq   %soft  %steal  %guest  %gnice   %idle
12:54:27     all    2.24    0.00    0.37    0.00    0.00    0.00    0.00    0.00    0.00   97.38
12:54:27       0    0.99    0.00    0.99    0.00    0.00    0.00    0.00    0.00    0.00   98.02
12:54:27       1    1.00    0.00    0.00    0.00    0.00    0.00    0.00    0.00    0.00   99.00
12:54:27       2    0.99    0.00    0.00    0.00    0.00    0.00    0.00    0.00    0.00   99.01
12:54:27       3    0.00    0.00    1.01    0.00    0.00    0.00    0.00    0.00    0.00   98.99
12:54:27       4    0.99    0.00    0.00    0.00    0.00    0.00    0.00    0.00    0.00   99.01
12:54:27       5    0.00    0.00    0.00    0.00    0.00    0.00    0.00    0.00    0.00  100.00
12:54:27       6   13.86    0.00    0.99    0.00    0.00    0.00    0.00    0.00    0.00   85.15
12:54:27       7    0.00    0.00    0.00    0.00    0.00    0.00    0.00    0.00    0.00  100.00

12:54:27     CPU    %usr   %nice    %sys %iowait    %irq   %soft  %steal  %guest  %gnice   %idle
12:54:28     all    0.00    0.00    0.13    0.00    0.00    0.00    0.00    0.00    0.00   99.87
12:54:28       0    0.00    0.00    0.00    0.00    0.00    0.00    0.00    0.00    0.00  100.00
12:54:28       1    0.00    0.00    0.00    0.00    0.00    0.00    0.00    0.00    0.00  100.00
12:54:28       2    0.00    0.00    0.99    0.00    0.00    0.00    0.00    0.00    0.00   99.01
12:54:28       3    0.00    0.00    0.00    0.00    0.00    0.00    0.00    0.00    0.00  100.00
12:54:28       4    0.00    0.00    0.00    0.00    0.00    0.00    0.00    0.00    0.00  100.00
12:54:28       5    0.00    0.00    0.00    0.00    0.00    0.00    0.00    0.00    0.00  100.00
12:54:28       6    0.00    0.00    0.00    0.00    0.00    0.00    0.00    0.00    0.00  100.00
12:54:28       7    0.00    0.00    0.00    0.00    0.00    0.00    0.00    0.00    0.00  100.00

12:54:28     CPU    %usr   %nice    %sys %iowait    %irq   %soft  %steal  %guest  %gnice   %idle
12:54:29     all    0.00    0.00    0.25    0.00    0.00    0.00    0.00    0.00    0.00   99.75
12:54:29       0    0.00    0.00    0.00    0.00    0.00    0.00    0.00    0.00    0.00  100.00
12:54:29       1    0.00    0.00    0.00    0.00    0.00    0.00    0.00    0.00    0.00  100.00
12:54:29       2    0.00    0.00    0.00    0.00    0.00    0.00    0.00    0.00    0.00  100.00
12:54:29       3    0.00    0.00    1.98    0.00    0.00    0.00    0.00    0.00    0.00   98.02
12:54:29       4    0.00    0.00    0.00    0.00    0.00    0.00    0.00    0.00    0.00  100.00
12:54:29       5    0.00    0.00    0.00    0.00    0.00    0.00    0.00    0.00    0.00  100.00
12:54:29       6    0.00    0.00    0.00    0.00    0.00    0.00    0.00    0.00    0.00  100.00
12:54:29       7    0.00    0.00    0.00    0.00    0.00    0.00    0.00    0.00    0.00  100.00

12:54:29     CPU    %usr   %nice    %sys %iowait    %irq   %soft  %steal  %guest  %gnice   %idle
12:54:30     all    0.00    0.00    0.13    0.00    0.00    0.00    0.00    0.00    0.00   99.87
12:54:30       0    0.00    0.00    0.00    0.00    0.00    0.00    0.00    0.00    0.00  100.00
12:54:30       1    0.00    0.00    0.00    0.00    0.00    0.00    0.00    0.00    0.00  100.00
12:54:30       2    0.00    0.00    0.00    0.00    0.00    0.00    0.00    0.00    0.00  100.00
12:54:30       3    0.00    0.00    1.01    0.00    0.00    0.00    0.00    0.00    0.00   98.99
12:54:30       4    0.00    0.00    0.00    0.00    0.00    0.00    0.00    0.00    0.00  100.00
12:54:30       5    0.00    0.00    0.00    0.00    0.00    0.00    0.00    0.00    0.00  100.00
12:54:30       6    0.00    0.00    0.00    0.00    0.00    0.00    0.00    0.00    0.00  100.00
12:54:30       7    0.00    0.00    0.00    0.00    0.00    0.00    0.00    0.00    0.00  100.00

12:54:30     CPU    %usr   %nice    %sys %iowait    %irq   %soft  %steal  %guest  %gnice   %idle
12:54:31     all    0.00    0.00    0.12    0.00    0.00    0.00    0.00    0.00    0.00   99.88
12:54:31       0    0.00    0.00    0.00    0.00    0.00    0.00    0.00    0.00    0.00  100.00
12:54:31       1    0.00    0.00    0.99    0.00    0.00    0.00    0.00    0.00    0.00   99.01
12:54:31       2    0.00    0.00    0.00    0.00    0.00    0.00    0.00    0.00    0.00  100.00
12:54:31       3    0.00    0.00    0.00    0.00    0.00    0.00    0.00    0.00    0.00  100.00
12:54:31       4    0.00    0.00    0.00    0.00    0.00    0.00    0.00    0.00    0.00  100.00
12:54:31       5    0.00    0.00    0.00    0.00    0.00    0.00    0.00    0.00    0.00  100.00
12:54:31       6    0.00    0.00    0.00    0.00    0.00    0.00    0.00    0.00    0.00  100.00
12:54:31       7    0.00    0.00    0.00    0.00    0.00    0.00    0.00    0.00    0.00  100.00

12:54:31     CPU    %usr   %nice    %sys %iowait    %irq   %soft  %steal  %guest  %gnice   %idle
12:54:32     all    0.00    0.00    0.13    0.00    0.00    0.00    0.00    0.00    0.00   99.87
12:54:32       0    0.00    0.00    0.00    0.00    0.00    0.00    0.00    0.00    0.00  100.00
12:54:32       1    0.00    0.00    0.00    0.00    0.00    0.00    0.00    0.00    0.00  100.00
12:54:32       2    0.00    0.00    0.00    0.00    0.00    0.00    0.00    0.00    0.00  100.00
12:54:32       3    0.00    0.00    1.01    0.00    0.00    0.00    0.00    0.00    0.00   98.99
12:54:32       4    0.00    0.00    0.00    0.00    0.00    0.00    0.00    0.00    0.00  100.00
12:54:32       5    0.00    0.00    0.00    0.00    0.00    0.00    0.00    0.00    0.00  100.00
12:54:32       6    0.00    0.00    0.00    0.00    0.00    0.00    0.00    0.00    0.00  100.00
12:54:32       7    0.00    0.00    0.00    0.00    0.00    0.00    0.00    0.00    0.00  100.00

12:54:32     CPU    %usr   %nice    %sys %iowait    %irq   %soft  %steal  %guest  %gnice   %idle
12:54:33     all    0.00    0.00    0.13    0.00    0.00    0.00    0.00    0.00    0.00   99.87
12:54:33       0    0.00    0.00    0.00    0.00    0.00    0.00    0.00    0.00    0.00  100.00
12:54:33       1    0.00    0.00    0.00    0.00    0.00    0.00    0.00    0.00    0.00  100.00
12:54:33       2    0.00    0.00    0.00    0.00    0.00    0.00    0.00    0.00    0.00  100.00
12:54:33       3    0.00    0.00    1.01    0.00    0.00    0.00    0.00    0.00    0.00   98.99
12:54:33       4    0.00    0.00    0.00    0.00    0.00    0.00    0.00    0.00    0.00  100.00
12:54:33       5    0.00    0.00    0.00    0.00    0.00    0.00    0.00    0.00    0.00  100.00
12:54:33       6    0.00    0.00    0.00    0.00    0.00    0.00    0.00    0.00    0.00  100.00
12:54:33       7    0.00    0.00    0.00    0.00    0.00    0.00    0.00    0.00    0.00  100.00

12:54:33     CPU    %usr   %nice    %sys %iowait    %irq   %soft  %steal  %guest  %gnice   %idle
12:54:34     all    0.00    0.00    0.13    0.13    0.00    0.00    0.00    0.00    0.00   99.75
12:54:34       0    0.00    0.00    0.00    0.00    0.00    0.00    0.00    0.00    0.00  100.00
12:54:34       1    0.00    0.00    0.00    0.00    0.00    0.00    0.00    0.00    0.00  100.00
12:54:34       2    0.00    0.00    0.00    0.00    0.00    0.00    0.00    0.00    0.00  100.00
12:54:34       3    0.00    0.00    1.00    0.00    0.00    0.00    0.00    0.00    0.00   99.00
12:54:34       4    0.00    0.00    0.00    0.00    0.00    0.00    0.00    0.00    0.00  100.00
12:54:34       5    0.00    0.00    0.00    1.00    0.00    0.00    0.00    0.00    0.00   99.00
12:54:34       6    0.00    0.00    0.00    0.00    0.00    0.00    0.00    0.00    0.00  100.00
12:54:34       7    0.00    0.00    0.00    0.00    0.00    0.00    0.00    0.00    0.00  100.00

12:54:34     CPU    %usr   %nice    %sys %iowait    %irq   %soft  %steal  %guest  %gnice   %idle
12:54:35     all    0.00    0.00    0.38    0.00    0.00    0.00    0.00    0.00    0.00   99.62
12:54:35       0    0.00    0.00    0.00    0.00    0.00    0.00    0.00    0.00    0.00  100.00
12:54:35       1    0.00    0.00    0.99    0.00    0.00    0.00    0.00    0.00    0.00   99.01
12:54:35       2    0.00    0.00    0.00    0.00    0.00    0.00    0.00    0.00    0.00  100.00
12:54:35       3    0.00    0.00    1.01    0.00    0.00    0.00    0.00    0.00    0.00   98.99
12:54:35       4    0.00    0.00    1.00    0.00    0.00    0.00    0.00    0.00    0.00   99.00
12:54:35       5    0.00    0.00    0.00    0.00    0.00    0.00    0.00    0.00    0.00  100.00
12:54:35       6    0.00    0.00    0.00    0.00    0.00    0.00    0.00    0.00    0.00  100.00
12:54:35       7    0.00    0.00    0.00    0.00    0.00    0.00    0.00    0.00    0.00  100.00

12:54:35     CPU    %usr   %nice    %sys %iowait    %irq   %soft  %steal  %guest  %gnice   %idle
12:54:36     all    0.00    0.00    0.25    0.00    0.00    0.00    0.00    0.00    0.00   99.75
12:54:36       0    0.00    0.00    0.00    0.00    0.00    0.00    0.00    0.00    0.00  100.00
12:54:36       1    0.00    0.00    0.00    0.00    0.00    0.00    0.00    0.00    0.00  100.00
12:54:36       2    0.00    0.00    0.00    0.00    0.00    0.00    0.00    0.00    0.00  100.00
12:54:36       3    0.00    0.00    1.00    0.00    0.00    0.00    0.00    0.00    0.00   99.00
12:54:36       4    0.00    0.00    0.00    0.00    0.00    0.00    0.00    0.00    0.00  100.00
12:54:36       5    0.00    0.00    0.99    0.00    0.00    0.00    0.00    0.00    0.00   99.01
12:54:36       6    0.00    0.00    0.00    0.00    0.00    0.00    0.00    0.00    0.00  100.00
12:54:36       7    0.00    0.00    0.00    0.00    0.00    0.00    0.00    0.00    0.00  100.00

12:54:36     CPU    %usr   %nice    %sys %iowait    %irq   %soft  %steal  %guest  %gnice   %idle
12:54:37     all    0.00    0.00    0.13    0.00    0.00    0.00    0.00    0.00    0.00   99.87
12:54:37       0    0.00    0.00    0.00    0.00    0.00    0.00    0.00    0.00    0.00  100.00
12:54:37       1    0.00    0.00    0.00    0.00    0.00    0.00    0.00    0.00    0.00  100.00
12:54:37       2    0.00    0.00    0.00    0.00    0.00    0.00    0.00    0.00    0.00  100.00
12:54:37       3    0.00    0.00    1.01    0.00    0.00    0.00    0.00    0.00    0.00   98.99
12:54:37       4    0.00    0.00    0.00    0.00    0.00    0.00    0.00    0.00    0.00  100.00
12:54:37       5    0.00    0.00    0.00    0.00    0.00    0.00    0.00    0.00    0.00  100.00
12:54:37       6    0.00    0.00    0.00    0.00    0.00    0.00    0.00    0.00    0.00  100.00
12:54:37       7    0.00    0.00    0.00    0.00    0.00    0.00    0.00    0.00    0.00  100.00

12:54:37     CPU    %usr   %nice    %sys %iowait    %irq   %soft  %steal  %guest  %gnice   %idle
12:54:38     all    0.13    0.00    0.13    0.00    0.00    0.00    0.00    0.00    0.00   99.75
12:54:38       0    0.00    0.00    0.00    0.00    0.00    0.00    0.00    0.00    0.00  100.00
12:54:38       1    0.00    0.00    0.00    0.00    0.00    0.00    0.00    0.00    0.00  100.00
12:54:38       2    0.00    0.00    0.00    0.00    0.00    0.00    0.00    0.00    0.00  100.00
12:54:38       3    1.00    0.00    1.00    0.00    0.00    0.00    0.00    0.00    0.00   98.00
12:54:38       4    0.00    0.00    0.00    0.00    0.00    0.00    0.00    0.00    0.00  100.00
12:54:38       5    0.00    0.00    0.00    0.00    0.00    0.00    0.00    0.00    0.00  100.00
12:54:38       6    0.00    0.00    0.00    0.00    0.00    0.00    0.00    0.00    0.00  100.00
12:54:38       7    0.00    0.00    0.00    0.00    0.00    0.00    0.00    0.00    0.00  100.00

12:54:38     CPU    %usr   %nice    %sys %iowait    %irq   %soft  %steal  %guest  %gnice   %idle
12:54:39     all    0.00    0.00    0.13    0.00    0.00    0.00    0.00    0.00    0.00   99.87
12:54:39       0    0.00    0.00    0.00    0.00    0.00    0.00    0.00    0.00    0.00  100.00
12:54:39       1    0.00    0.00    0.00    0.00    0.00    0.00    0.00    0.00    0.00  100.00
12:54:39       2    0.00    0.00    0.00    0.00    0.00    0.00    0.00    0.00    0.00  100.00
12:54:39       3    0.00    0.00    1.00    0.00    0.00    0.00    0.00    0.00    0.00   99.00
12:54:39       4    0.00    0.00    0.00    0.00    0.00    0.00    0.00    0.00    0.00  100.00
12:54:39       5    0.00    0.00    0.00    0.00    0.00    0.00    0.00    0.00    0.00  100.00
12:54:39       6    0.00    0.00    0.00    0.00    0.00    0.00    0.00    0.00    0.00  100.00
12:54:39       7    0.00    0.00    0.00    0.00    0.00    0.00    0.00    0.00    0.00  100.00

12:54:39     CPU    %usr   %nice    %sys %iowait    %irq   %soft  %steal  %guest  %gnice   %idle
12:54:40     all    0.00    0.00    0.13    0.00    0.00    0.00    0.00    0.00    0.00   99.87
12:54:40       0    0.00    0.00    0.00    0.00    0.00    0.00    0.00    0.00    0.00  100.00
12:54:40       1    0.00    0.00    0.00    0.00    0.00    0.00    0.00    0.00    0.00  100.00
12:54:40       2    0.00    0.00    0.00    0.00    0.00    0.00    0.00    0.00    0.00  100.00
12:54:40       3    0.00    0.00    1.01    0.00    0.00    0.00    0.00    0.00    0.00   98.99
12:54:40       4    0.00    0.00    0.00    0.00    0.00    0.00    0.00    0.00    0.00  100.00
12:54:40       5    0.00    0.00    0.00    0.00    0.00    0.00    0.00    0.00    0.00  100.00
12:54:40       6    0.00    0.00    0.00    0.00    0.00    0.00    0.00    0.00    0.00  100.00
12:54:40       7    0.00    0.00    0.00    0.00    0.00    0.00    0.00    0.00    0.00  100.00

12:54:40     CPU    %usr   %nice    %sys %iowait    %irq   %soft  %steal  %guest  %gnice   %idle
12:54:41     all    0.00    0.00    0.00    0.00    0.00    0.00    0.00    0.00    0.00  100.00
12:54:41       0    0.00    0.00    0.00    0.00    0.00    0.00    0.00    0.00    0.00  100.00
12:54:41       1    0.00    0.00    0.00    0.00    0.00    0.00    0.00    0.00    0.00  100.00
12:54:41       2    0.00    0.00    0.00    0.00    0.00    0.00    0.00    0.00    0.00  100.00
12:54:41       3    0.00    0.00    0.00    0.00    0.00    0.00    0.00    0.00    0.00  100.00
12:54:41       4    0.00    0.00    0.00    0.00    0.00    0.00    0.00    0.00    0.00  100.00
12:54:41       5    0.00    0.00    0.00    0.00    0.00    0.00    0.00    0.00    0.00  100.00
12:54:41       6    0.00    0.00    0.00    0.00    0.00    0.00    0.00    0.00    0.00  100.00
12:54:41       7    0.00    0.00    0.00    0.00    0.00    0.00    0.00    0.00    0.00  100.00

12:54:41     CPU    %usr   %nice    %sys %iowait    %irq   %soft  %steal  %guest  %gnice   %idle
12:54:42     all    0.12    0.00    0.25    0.00    0.00    0.00    0.00    0.00    0.00   99.63
12:54:42       0    0.00    0.00    2.00    0.00    0.00    0.00    0.00    0.00    0.00   98.00
12:54:42       1    0.00    0.00    0.00    0.00    0.00    0.00    0.00    0.00    0.00  100.00
12:54:42       2    0.99    0.00    0.00    0.00    0.00    0.00    0.00    0.00    0.00   99.01
12:54:42       3    0.00    0.00    0.00    0.00    0.00    0.00    0.00    0.00    0.00  100.00
12:54:42       4    0.00    0.00    0.00    0.00    0.00    0.00    0.00    0.00    0.00  100.00
12:54:42       5    0.00    0.00    0.00    0.00    0.00    0.00    0.00    0.00    0.00  100.00
12:54:42       6    0.00    0.00    0.00    0.00    0.00    0.00    0.00    0.00    0.00  100.00
12:54:42       7    0.00    0.00    0.00    0.00    0.00    0.00    0.00    0.00    0.00  100.00

12:54:42     CPU    %usr   %nice    %sys %iowait    %irq   %soft  %steal  %guest  %gnice   %idle
12:54:43     all    0.00    0.00    0.00    0.00    0.00    0.00    0.00    0.00    0.00  100.00
12:54:43       0    0.00    0.00    0.00    0.00    0.00    0.00    0.00    0.00    0.00  100.00
12:54:43       1    0.00    0.00    0.00    0.00    0.00    0.00    0.00    0.00    0.00  100.00
12:54:43       2    0.00    0.00    0.00    0.00    0.00    0.00    0.00    0.00    0.00  100.00
12:54:43       3    0.00    0.00    0.00    0.00    0.00    0.00    0.00    0.00    0.00  100.00
12:54:43       4    0.00    0.00    0.00    0.00    0.00    0.00    0.00    0.00    0.00  100.00
12:54:43       5    0.00    0.00    0.00    0.00    0.00    0.00    0.00    0.00    0.00  100.00
12:54:43       6    0.00    0.00    0.00    0.00    0.00    0.00    0.00    0.00    0.00  100.00
12:54:43       7    0.00    0.00    0.00    0.00    0.00    0.00    0.00    0.00    0.00  100.00

12:54:43     CPU    %usr   %nice    %sys %iowait    %irq   %soft  %steal  %guest  %gnice   %idle
12:54:44     all    0.00    0.00    0.13    0.00    0.00    0.00    0.00    0.00    0.00   99.87
12:54:44       0    0.00    0.00    1.01    0.00    0.00    0.00    0.00    0.00    0.00   98.99
12:54:44       1    0.00    0.00    0.00    0.00    0.00    0.00    0.00    0.00    0.00  100.00
12:54:44       2    0.00    0.00    0.00    0.00    0.00    0.00    0.00    0.00    0.00  100.00
12:54:44       3    0.00    0.00    0.00    0.00    0.00    0.00    0.00    0.00    0.00  100.00
12:54:44       4    0.00    0.00    0.00    0.00    0.00    0.00    0.00    0.00    0.00  100.00
12:54:44       5    0.00    0.00    0.00    0.00    0.00    0.00    0.00    0.00    0.00  100.00
12:54:44       6    0.00    0.00    0.00    0.00    0.00    0.00    0.00    0.00    0.00  100.00
12:54:44       7    0.00    0.00    0.00    0.00    0.00    0.00    0.00    0.00    0.00  100.00

12:54:44     CPU    %usr   %nice    %sys %iowait    %irq   %soft  %steal  %guest  %gnice   %idle
12:54:45     all    0.00    0.00    0.13    0.00    0.00    0.00    0.00    0.00    0.00   99.87
12:54:45       0    0.00    0.00    1.00    0.00    0.00    0.00    0.00    0.00    0.00   99.00
12:54:45       1    0.00    0.00    0.00    0.00    0.00    0.00    0.00    0.00    0.00  100.00
12:54:45       2    0.00    0.00    0.00    0.00    0.00    0.00    0.00    0.00    0.00  100.00
12:54:45       3    0.00    0.00    0.00    0.00    0.00    0.00    0.00    0.00    0.00  100.00
12:54:45       4    0.00    0.00    0.00    0.00    0.00    0.00    0.00    0.00    0.00  100.00
12:54:45       5    0.00    0.00    0.00    0.00    0.00    0.00    0.00    0.00    0.00  100.00
12:54:45       6    0.00    0.00    0.00    0.00    0.00    0.00    0.00    0.00    0.00  100.00
12:54:45       7    0.00    0.00    0.00    0.00    0.00    0.00    0.00    0.00    0.00  100.00

12:54:45     CPU    %usr   %nice    %sys %iowait    %irq   %soft  %steal  %guest  %gnice   %idle
12:54:46     all    0.00    0.00    0.25    0.00    0.00    0.00    0.00    0.00    0.00   99.75
12:54:46       0    0.00    0.00    1.01    0.00    0.00    0.00    0.00    0.00    0.00   98.99
12:54:46       1    0.00    0.00    0.00    0.00    0.00    0.00    0.00    0.00    0.00  100.00
12:54:46       2    0.00    0.00    0.00    0.00    0.00    0.00    0.00    0.00    0.00  100.00
12:54:46       3    0.00    0.00    0.00    0.00    0.00    0.00    0.00    0.00    0.00  100.00
12:54:46       4    0.00    0.00    0.00    0.00    0.00    0.00    0.00    0.00    0.00  100.00
12:54:46       5    0.00    0.00    0.99    0.00    0.00    0.00    0.00    0.00    0.00   99.01
12:54:46       6    0.00    0.00    0.00    0.00    0.00    0.00    0.00    0.00    0.00  100.00
12:54:46       7    0.00    0.00    0.00    0.00    0.00    0.00    0.00    0.00    0.00  100.00

12:54:46     CPU    %usr   %nice    %sys %iowait    %irq   %soft  %steal  %guest  %gnice   %idle
12:54:47     all    0.00    0.00    0.25    0.00    0.00    0.00    0.00    0.00    0.00   99.75
12:54:47       0    0.00    0.00    1.01    0.00    0.00    0.00    0.00    0.00    0.00   98.99
12:54:47       1    0.00    0.00    0.00    0.00    0.00    0.00    0.00    0.00    0.00  100.00
12:54:47       2    0.00    0.00    0.99    0.00    0.00    0.00    0.00    0.00    0.00   99.01
12:54:47       3    0.00    0.00    0.00    0.00    0.00    0.00    0.00    0.00    0.00  100.00
12:54:47       4    0.00    0.00    0.00    0.00    0.00    0.00    0.00    0.00    0.00  100.00
12:54:47       5    0.00    0.00    0.00    0.00    0.00    0.00    0.00    0.00    0.00  100.00
12:54:47       6    0.00    0.00    0.00    0.00    0.00    0.00    0.00    0.00    0.00  100.00
12:54:47       7    0.00    0.00    0.00    0.00    0.00    0.00    0.00    0.00    0.00  100.00

12:54:47     CPU    %usr   %nice    %sys %iowait    %irq   %soft  %steal  %guest  %gnice   %idle
12:54:48     all    0.00    0.00    0.00    0.00    0.00    0.00    0.00    0.00    0.00  100.00
12:54:48       0    0.00    0.00    0.00    0.00    0.00    0.00    0.00    0.00    0.00  100.00
12:54:48       1    0.00    0.00    0.00    0.00    0.00    0.00    0.00    0.00    0.00  100.00
12:54:48       2    0.00    0.00    0.00    0.00    0.00    0.00    0.00    0.00    0.00  100.00
12:54:48       3    0.00    0.00    0.00    0.00    0.00    0.00    0.00    0.00    0.00  100.00
12:54:48       4    0.00    0.00    0.00    0.00    0.00    0.00    0.00    0.00    0.00  100.00
12:54:48       5    0.00    0.00    0.00    0.00    0.00    0.00    0.00    0.00    0.00  100.00
12:54:48       6    0.00    0.00    0.00    0.00    0.00    0.00    0.00    0.00    0.00  100.00
12:54:48       7    0.00    0.00    0.00    0.00    0.00    0.00    0.00    0.00    0.00  100.00

12:54:48     CPU    %usr   %nice    %sys %iowait    %irq   %soft  %steal  %guest  %gnice   %idle
12:54:49     all    0.00    0.00    0.13    0.00    0.00    0.00    0.00    0.00    0.00   99.87
12:54:49       0    0.00    0.00    1.01    0.00    0.00    0.00    0.00    0.00    0.00   98.99
12:54:49       1    0.00    0.00    0.00    0.00    0.00    0.00    0.00    0.00    0.00  100.00
12:54:49       2    0.00    0.00    0.00    0.00    0.00    0.00    0.00    0.00    0.00  100.00
12:54:49       3    0.00    0.00    0.00    0.00    0.00    0.00    0.00    0.00    0.00  100.00
12:54:49       4    0.00    0.00    0.00    0.00    0.00    0.00    0.00    0.00    0.00  100.00
12:54:49       5    0.00    0.00    0.00    0.00    0.00    0.00    0.00    0.00    0.00  100.00
12:54:49       6    0.00    0.00    0.00    0.00    0.00    0.00    0.00    0.00    0.00  100.00
12:54:49       7    0.00    0.00    0.00    0.00    0.00    0.00    0.00    0.00    0.00  100.00

12:54:49     CPU    %usr   %nice    %sys %iowait    %irq   %soft  %steal  %guest  %gnice   %idle
12:54:50     all    0.00    0.00    0.13    0.00    0.00    0.00    0.00    0.00    0.00   99.87
12:54:50       0    0.00    0.00    1.01    0.00    0.00    0.00    0.00    0.00    0.00   98.99
12:54:50       1    0.00    0.00    0.00    0.00    0.00    0.00    0.00    0.00    0.00  100.00
12:54:50       2    0.00    0.00    0.00    0.00    0.00    0.00    0.00    0.00    0.00  100.00
12:54:50       3    0.00    0.00    0.00    0.00    0.00    0.00    0.00    0.00    0.00  100.00
12:54:50       4    0.00    0.00    0.00    0.00    0.00    0.00    0.00    0.00    0.00  100.00
12:54:50       5    0.00    0.00    0.00    0.00    0.00    0.00    0.00    0.00    0.00  100.00
12:54:50       6    0.00    0.00    0.00    0.00    0.00    0.00    0.00    0.00    0.00  100.00
12:54:50       7    0.00    0.00    0.00    0.00    0.00    0.00    0.00    0.00    0.00  100.00

12:54:50     CPU    %usr   %nice    %sys %iowait    %irq   %soft  %steal  %guest  %gnice   %idle
12:54:51     all    0.00    0.00    0.12    0.00    0.00    0.00    0.00    0.00    0.00   99.88
12:54:51       0    0.00    0.00    1.00    0.00    0.00    0.00    0.00    0.00    0.00   99.00
12:54:51       1    0.00    0.00    0.00    0.00    0.00    0.00    0.00    0.00    0.00  100.00
12:54:51       2    0.00    0.00    0.00    0.00    0.00    0.00    0.00    0.00    0.00  100.00
12:54:51       3    0.00    0.00    0.00    0.00    0.00    0.00    0.00    0.00    0.00  100.00
12:54:51       4    0.00    0.00    0.00    0.00    0.00    0.00    0.00    0.00    0.00  100.00
12:54:51       5    0.00    0.00    0.00    0.00    0.00    0.00    0.00    0.00    0.00  100.00
12:54:51       6    0.00    0.00    0.00    0.00    0.00    0.00    0.00    0.00    0.00  100.00
12:54:51       7    0.00    0.00    0.00    0.00    0.00    0.00    0.00    0.00    0.00  100.00

12:54:51     CPU    %usr   %nice    %sys %iowait    %irq   %soft  %steal  %guest  %gnice   %idle
12:54:52     all    0.00    0.00    0.13    0.00    0.00    0.00    0.00    0.00    0.00   99.87
12:54:52       0    0.00    0.00    1.01    0.00    0.00    0.00    0.00    0.00    0.00   98.99
12:54:52       1    0.00    0.00    0.00    0.00    0.00    0.00    0.00    0.00    0.00  100.00
12:54:52       2    0.00    0.00    0.00    0.00    0.00    0.00    0.00    0.00    0.00  100.00
12:54:52       3    0.00    0.00    0.00    0.00    0.00    0.00    0.00    0.00    0.00  100.00
12:54:52       4    0.00    0.00    0.00    0.00    0.00    0.00    0.00    0.00    0.00  100.00
12:54:52       5    0.00    0.00    0.00    0.00    0.00    0.00    0.00    0.00    0.00  100.00
12:54:52       6    0.00    0.00    0.00    0.00    0.00    0.00    0.00    0.00    0.00  100.00
12:54:52       7    0.00    0.00    0.00    0.00    0.00    0.00    0.00    0.00    0.00  100.00

12:54:52     CPU    %usr   %nice    %sys %iowait    %irq   %soft  %steal  %guest  %gnice   %idle
12:54:53     all    0.00    0.00    0.13    0.00    0.00    0.00    0.00    0.00    0.00   99.87
12:54:53       0    0.00    0.00    0.00    0.00    0.00    0.00    0.00    0.00    0.00  100.00
12:54:53       1    0.00    0.00    1.01    0.00    0.00    0.00    0.00    0.00    0.00   98.99
12:54:53       2    0.00    0.00    0.00    0.00    0.00    0.00    0.00    0.00    0.00  100.00
12:54:53       3    0.00    0.00    0.00    0.00    0.00    0.00    0.00    0.00    0.00  100.00
12:54:53       4    0.00    0.00    0.00    0.00    0.00    0.00    0.00    0.00    0.00  100.00
12:54:53       5    0.00    0.00    0.00    0.00    0.00    0.00    0.00    0.00    0.00  100.00
12:54:53       6    0.00    0.00    0.00    0.00    0.00    0.00    0.00    0.00    0.00  100.00
12:54:53       7    0.00    0.00    0.00    0.00    0.00    0.00    0.00    0.00    0.00  100.00

12:54:53     CPU    %usr   %nice    %sys %iowait    %irq   %soft  %steal  %guest  %gnice   %idle
12:54:54     all    0.00    0.00    0.12    0.00    0.00    0.00    0.00    0.00    0.00   99.88
12:54:54       0    0.00    0.00    0.00    0.00    0.00    0.00    0.00    0.00    0.00  100.00
12:54:54       1    0.00    0.00    1.00    0.00    0.00    0.00    0.00    0.00    0.00   99.00
12:54:54       2    0.00    0.00    0.00    0.00    0.00    0.00    0.00    0.00    0.00  100.00
12:54:54       3    0.00    0.00    0.00    0.00    0.00    0.00    0.00    0.00    0.00  100.00
12:54:54       4    0.00    0.00    0.00    0.00    0.00    0.00    0.00    0.00    0.00  100.00
12:54:54       5    0.00    0.00    0.00    0.00    0.00    0.00    0.00    0.00    0.00  100.00
12:54:54       6    0.00    0.00    0.00    0.00    0.00    0.00    0.00    0.00    0.00  100.00
12:54:54       7    0.00    0.00    0.00    0.00    0.00    0.00    0.00    0.00    0.00  100.00

12:54:54     CPU    %usr   %nice    %sys %iowait    %irq   %soft  %steal  %guest  %gnice   %idle
12:54:55     all    0.00    0.00    0.13    0.00    0.00    0.00    0.00    0.00    0.00   99.87
12:54:55       0    0.00    0.00    0.00    0.00    0.00    0.00    0.00    0.00    0.00  100.00
12:54:55       1    0.00    0.00    1.01    0.00    0.00    0.00    0.00    0.00    0.00   98.99
12:54:55       2    0.00    0.00    0.00    0.00    0.00    0.00    0.00    0.00    0.00  100.00
12:54:55       3    0.00    0.00    0.00    0.00    0.00    0.00    0.00    0.00    0.00  100.00
12:54:55       4    0.00    0.00    0.00    0.00    0.00    0.00    0.00    0.00    0.00  100.00
12:54:55       5    0.00    0.00    0.00    0.00    0.00    0.00    0.00    0.00    0.00  100.00
12:54:55       6    0.00    0.00    0.00    0.00    0.00    0.00    0.00    0.00    0.00  100.00
12:54:55       7    0.00    0.00    0.00    0.00    0.00    0.00    0.00    0.00    0.00  100.00

12:54:55     CPU    %usr   %nice    %sys %iowait    %irq   %soft  %steal  %guest  %gnice   %idle
12:54:56     all    0.00    0.00    0.25    0.00    0.00    0.00    0.00    0.00    0.00   99.75
12:54:56       0    0.00    0.00    0.00    0.00    0.00    0.00    0.00    0.00    0.00  100.00
12:54:56       1    0.00    0.00    1.01    0.00    0.00    0.00    0.00    0.00    0.00   98.99
12:54:56       2    0.00    0.00    0.00    0.00    0.00    0.00    0.00    0.00    0.00  100.00
12:54:56       3    0.00    0.00    0.00    0.00    0.00    0.00    0.00    0.00    0.00  100.00
12:54:56       4    0.00    0.00    0.00    0.00    0.00    0.00    0.00    0.00    0.00  100.00
12:54:56       5    0.00    0.00    0.99    0.00    0.00    0.00    0.00    0.00    0.00   99.01
12:54:56       6    0.00    0.00    0.00    0.00    0.00    0.00    0.00    0.00    0.00  100.00
12:54:56       7    0.00    0.00    0.00    0.00    0.00    0.00    0.00    0.00    0.00  100.00

12:54:56     CPU    %usr   %nice    %sys %iowait    %irq   %soft  %steal  %guest  %gnice   %idle
12:54:57     all    0.00    0.00    0.12    0.00    0.00    0.00    0.00    0.00    0.00   99.88
12:54:57       0    0.00    0.00    0.00    0.00    0.00    0.00    0.00    0.00    0.00  100.00
12:54:57       1    0.00    0.00    1.00    0.00    0.00    0.00    0.00    0.00    0.00   99.00
12:54:57       2    0.00    0.00    0.00    0.00    0.00    0.00    0.00    0.00    0.00  100.00
12:54:57       3    0.00    0.00    0.00    0.00    0.00    0.00    0.00    0.00    0.00  100.00
12:54:57       4    0.00    0.00    0.00    0.00    0.00    0.00    0.00    0.00    0.00  100.00
12:54:57       5    0.00    0.00    0.00    0.00    0.00    0.00    0.00    0.00    0.00  100.00
12:54:57       6    0.00    0.00    0.00    0.00    0.00    0.00    0.00    0.00    0.00  100.00
12:54:57       7    0.00    0.00    0.00    0.00    0.00    0.00    0.00    0.00    0.00  100.00

12:54:57     CPU    %usr   %nice    %sys %iowait    %irq   %soft  %steal  %guest  %gnice   %idle
12:54:58     all    0.00    0.00    0.13    0.00    0.00    0.00    0.00    0.00    0.00   99.87
12:54:58       0    0.00    0.00    0.00    0.00    0.00    0.00    0.00    0.00    0.00  100.00
12:54:58       1    0.00    0.00    1.01    0.00    0.00    0.00    0.00    0.00    0.00   98.99
12:54:58       2    0.00    0.00    0.00    0.00    0.00    0.00    0.00    0.00    0.00  100.00
12:54:58       3    0.00    0.00    0.00    0.00    0.00    0.00    0.00    0.00    0.00  100.00
12:54:58       4    0.00    0.00    0.00    0.00    0.00    0.00    0.00    0.00    0.00  100.00
12:54:58       5    0.00    0.00    0.00    0.00    0.00    0.00    0.00    0.00    0.00  100.00
12:54:58       6    0.00    0.00    0.00    0.00    0.00    0.00    0.00    0.00    0.00  100.00
12:54:58       7    0.00    0.00    0.00    0.00    0.00    0.00    0.00    0.00    0.00  100.00

12:54:58     CPU    %usr   %nice    %sys %iowait    %irq   %soft  %steal  %guest  %gnice   %idle
12:54:59     all    0.00    0.00    0.38    0.00    0.00    0.00    0.00    0.00    0.00   99.62
12:54:59       0    0.00    0.00    0.00    0.00    0.00    0.00    0.00    0.00    0.00  100.00
12:54:59       1    0.00    0.00    2.00    0.00    0.00    0.00    0.00    0.00    0.00   98.00
12:54:59       2    0.00    0.00    0.99    0.00    0.00    0.00    0.00    0.00    0.00   99.01
12:54:59       3    0.00    0.00    0.00    0.00    0.00    0.00    0.00    0.00    0.00  100.00
12:54:59       4    0.00    0.00    0.00    0.00    0.00    0.00    0.00    0.00    0.00  100.00
12:54:59       5    0.00    0.00    0.00    0.00    0.00    0.00    0.00    0.00    0.00  100.00
12:54:59       6    0.00    0.00    0.00    0.00    0.00    0.00    0.00    0.00    0.00  100.00
12:54:59       7    0.00    0.00    0.00    0.00    0.00    0.00    0.00    0.00    0.00  100.00

12:54:59     CPU    %usr   %nice    %sys %iowait    %irq   %soft  %steal  %guest  %gnice   %idle
12:55:00     all    0.00    0.00    0.25    0.00    0.00    0.00    0.00    0.00    0.00   99.75
12:55:00       0    0.00    0.00    0.00    0.00    0.00    0.00    0.00    0.00    0.00  100.00
12:55:00       1    0.00    0.00    1.00    0.00    0.00    0.00    0.00    0.00    0.00   99.00
12:55:00       2    0.00    0.00    0.00    0.00    0.00    0.00    0.00    0.00    0.00  100.00
12:55:00       3    0.00    0.00    0.00    0.00    0.00    0.00    0.00    0.00    0.00  100.00
12:55:00       4    0.00    0.00    0.99    0.00    0.00    0.00    0.00    0.00    0.00   99.01
12:55:00       5    0.00    0.00    0.00    0.00    0.00    0.00    0.00    0.00    0.00  100.00
12:55:00       6    0.00    0.00    0.00    0.00    0.00    0.00    0.00    0.00    0.00  100.00
12:55:00       7    0.00    0.00    0.00    0.00    0.00    0.00    0.00    0.00    0.00  100.00

12:55:00     CPU    %usr   %nice    %sys %iowait    %irq   %soft  %steal  %guest  %gnice   %idle
12:55:01     all    0.00    0.00    0.13    0.00    0.00    0.00    0.00    0.00    0.00   99.87
12:55:01       0    0.00    0.00    1.01    0.00    0.00    0.00    0.00    0.00    0.00   98.99
12:55:01       1    0.00    0.00    0.00    0.00    0.00    0.00    0.00    0.00    0.00  100.00
12:55:01       2    0.00    0.00    0.00    0.00    0.00    0.00    0.00    0.00    0.00  100.00
12:55:01       3    0.00    0.00    0.00    0.00    0.00    0.00    0.00    0.00    0.00  100.00
12:55:01       4    0.00    0.00    0.00    0.00    0.00    0.00    0.00    0.00    0.00  100.00
12:55:01       5    0.00    0.00    0.00    0.00    0.00    0.00    0.00    0.00    0.00  100.00
12:55:01       6    0.00    0.00    0.00    0.00    0.00    0.00    0.00    0.00    0.00  100.00
12:55:01       7    0.00    0.00    0.00    0.00    0.00    0.00    0.00    0.00    0.00  100.00

12:55:01     CPU    %usr   %nice    %sys %iowait    %irq   %soft  %steal  %guest  %gnice   %idle
12:55:02     all    0.12    0.00    0.12    0.00    0.00    0.00    0.00    0.00    0.00   99.75
12:55:02       0    0.99    0.00    0.99    0.00    0.00    0.00    0.00    0.00    0.00   98.02
12:55:02       1    0.00    0.00    0.00    0.00    0.00    0.00    0.00    0.00    0.00  100.00
12:55:02       2    0.00    0.00    0.00    0.00    0.00    0.00    0.00    0.00    0.00  100.00
12:55:02       3    0.00    0.00    0.00    0.00    0.00    0.00    0.00    0.00    0.00  100.00
12:55:02       4    0.00    0.00    0.00    0.00    0.00    0.00    0.00    0.00    0.00  100.00
12:55:02       5    0.00    0.00    0.00    0.00    0.00    0.00    0.00    0.00    0.00  100.00
12:55:02       6    0.00    0.00    0.00    0.00    0.00    0.00    0.00    0.00    0.00  100.00
12:55:02       7    0.00    0.00    0.00    0.00    0.00    0.00    0.00    0.00    0.00  100.00

12:55:02     CPU    %usr   %nice    %sys %iowait    %irq   %soft  %steal  %guest  %gnice   %idle
12:55:03     all    0.00    0.00    0.13    0.00    0.00    0.00    0.00    0.00    0.00   99.87
12:55:03       0    0.00    0.00    1.00    0.00    0.00    0.00    0.00    0.00    0.00   99.00
12:55:03       1    0.00    0.00    0.00    0.00    0.00    0.00    0.00    0.00    0.00  100.00
12:55:03       2    0.00    0.00    0.00    0.00    0.00    0.00    0.00    0.00    0.00  100.00
12:55:03       3    0.00    0.00    0.00    0.00    0.00    0.00    0.00    0.00    0.00  100.00
12:55:03       4    0.00    0.00    0.00    0.00    0.00    0.00    0.00    0.00    0.00  100.00
12:55:03       5    0.00    0.00    0.00    0.00    0.00    0.00    0.00    0.00    0.00  100.00
12:55:03       6    0.00    0.00    0.00    0.00    0.00    0.00    0.00    0.00    0.00  100.00
12:55:03       7    0.00    0.00    0.00    0.00    0.00    0.00    0.00    0.00    0.00  100.00

12:55:03     CPU    %usr   %nice    %sys %iowait    %irq   %soft  %steal  %guest  %gnice   %idle
12:55:04     all    0.00    0.00    0.25    0.00    0.00    0.00    0.00    0.00    0.00   99.75
12:55:04       0    0.00    0.00    0.00    0.00    0.00    0.00    0.00    0.00    0.00  100.00
12:55:04       1    0.00    0.00    0.00    0.00    0.00    0.00    0.00    0.00    0.00  100.00
12:55:04       2    0.00    0.00    1.01    0.00    0.00    0.00    0.00    0.00    0.00   98.99
12:55:04       3    0.00    0.00    0.00    0.00    0.00    0.00    0.00    0.00    0.00  100.00
12:55:04       4    0.00    0.00    1.00    0.00    0.00    0.00    0.00    0.00    0.00   99.00
12:55:04       5    0.00    0.00    0.00    0.00    0.00    0.00    0.00    0.00    0.00  100.00
12:55:04       6    0.00    0.00    0.00    0.00    0.00    0.00    0.00    0.00    0.00  100.00
12:55:04       7    0.00    0.00    0.00    0.00    0.00    0.00    0.00    0.00    0.00  100.00

12:55:04     CPU    %usr   %nice    %sys %iowait    %irq   %soft  %steal  %guest  %gnice   %idle
12:55:05     all    0.00    0.00    0.13    0.00    0.00    0.00    0.00    0.00    0.00   99.87
12:55:05       0    0.00    0.00    0.00    0.00    0.00    0.00    0.00    0.00    0.00  100.00
12:55:05       1    0.00    0.00    0.00    0.00    0.00    0.00    0.00    0.00    0.00  100.00
12:55:05       2    0.00    0.00    1.00    0.00    0.00    0.00    0.00    0.00    0.00   99.00
12:55:05       3    0.00    0.00    0.00    0.00    0.00    0.00    0.00    0.00    0.00  100.00
12:55:05       4    0.00    0.00    0.00    0.00    0.00    0.00    0.00    0.00    0.00  100.00
12:55:05       5    0.00    0.00    0.00    0.00    0.00    0.00    0.00    0.00    0.00  100.00
12:55:05       6    0.00    0.00    0.00    0.00    0.00    0.00    0.00    0.00    0.00  100.00
12:55:05       7    0.00    0.00    0.00    0.00    0.00    0.00    0.00    0.00    0.00  100.00

12:55:05     CPU    %usr   %nice    %sys %iowait    %irq   %soft  %steal  %guest  %gnice   %idle
12:55:06     all    0.00    0.00    0.13    0.00    0.00    0.00    0.00    0.00    0.00   99.87
12:55:06       0    0.00    0.00    0.00    0.00    0.00    0.00    0.00    0.00    0.00  100.00
12:55:06       1    0.00    0.00    0.00    0.00    0.00    0.00    0.00    0.00    0.00  100.00
12:55:06       2    0.00    0.00    1.01    0.00    0.00    0.00    0.00    0.00    0.00   98.99
12:55:06       3    0.00    0.00    0.00    0.00    0.00    0.00    0.00    0.00    0.00  100.00
12:55:06       4    0.00    0.00    0.00    0.00    0.00    0.00    0.00    0.00    0.00  100.00
12:55:06       5    0.00    0.00    0.00    0.00    0.00    0.00    0.00    0.00    0.00  100.00
12:55:06       6    0.00    0.00    0.00    0.00    0.00    0.00    0.00    0.00    0.00  100.00
12:55:06       7    0.00    0.00    0.00    0.00    0.00    0.00    0.00    0.00    0.00  100.00

12:55:06     CPU    %usr   %nice    %sys %iowait    %irq   %soft  %steal  %guest  %gnice   %idle
12:55:07     all    0.00    0.00    0.00    0.00    0.00    0.00    0.00    0.00    0.00  100.00
12:55:07       0    0.00    0.00    0.00    0.00    0.00    0.00    0.00    0.00    0.00  100.00
12:55:07       1    0.00    0.00    0.00    0.00    0.00    0.00    0.00    0.00    0.00  100.00
12:55:07       2    0.00    0.00    0.00    0.00    0.00    0.00    0.00    0.00    0.00  100.00
12:55:07       3    0.00    0.00    0.00    0.00    0.00    0.00    0.00    0.00    0.00  100.00
12:55:07       4    0.00    0.00    0.00    0.00    0.00    0.00    0.00    0.00    0.00  100.00
12:55:07       5    0.00    0.00    0.00    0.00    0.00    0.00    0.00    0.00    0.00  100.00
12:55:07       6    0.00    0.00    0.00    0.00    0.00    0.00    0.00    0.00    0.00  100.00
12:55:07       7    0.00    0.00    0.00    0.00    0.00    0.00    0.00    0.00    0.00  100.00

12:55:07     CPU    %usr   %nice    %sys %iowait    %irq   %soft  %steal  %guest  %gnice   %idle
12:55:08     all    0.00    0.00    0.13    0.00    0.00    0.00    0.00    0.00    0.00   99.87
12:55:08       0    0.00    0.00    0.00    0.00    0.00    0.00    0.00    0.00    0.00  100.00
12:55:08       1    0.00    0.00    1.01    0.00    0.00    0.00    0.00    0.00    0.00   98.99
12:55:08       2    0.00    0.00    0.00    0.00    0.00    0.00    0.00    0.00    0.00  100.00
12:55:08       3    0.00    0.00    0.00    0.00    0.00    0.00    0.00    0.00    0.00  100.00
12:55:08       4    0.00    0.00    0.00    0.00    0.00    0.00    0.00    0.00    0.00  100.00
12:55:08       5    0.00    0.00    0.00    0.00    0.00    0.00    0.00    0.00    0.00  100.00
12:55:08       6    0.00    0.00    0.00    0.00    0.00    0.00    0.00    0.00    0.00  100.00
12:55:08       7    0.00    0.00    0.00    0.00    0.00    0.00    0.00    0.00    0.00  100.00

12:55:08     CPU    %usr   %nice    %sys %iowait    %irq   %soft  %steal  %guest  %gnice   %idle
12:55:09     all    0.12    0.00    0.37    0.00    0.00    0.00    0.00    0.00    0.00   99.50
12:55:09       0    0.00    0.00    0.00    0.00    0.00    0.00    0.00    0.00    0.00  100.00
12:55:09       1    1.00    0.00    1.00    0.00    0.00    0.00    0.00    0.00    0.00   98.00
12:55:09       2    0.00    0.00    0.99    0.00    0.00    0.00    0.00    0.00    0.00   99.01
12:55:09       3    0.00    0.00    0.00    0.00    0.00    0.00    0.00    0.00    0.00  100.00
12:55:09       4    0.00    0.00    0.00    0.00    0.00    0.00    0.00    0.00    0.00  100.00
12:55:09       5    0.00    0.00    1.00    0.00    0.00    0.00    0.00    0.00    0.00   99.00
12:55:09       6    0.00    0.00    0.00    0.00    0.00    0.00    0.00    0.00    0.00  100.00
12:55:09       7    0.00    0.00    0.00    0.00    0.00    0.00    0.00    0.00    0.00  100.00

12:55:09     CPU    %usr   %nice    %sys %iowait    %irq   %soft  %steal  %guest  %gnice   %idle
12:55:10     all    0.00    0.00    0.25    0.00    0.00    0.00    0.00    0.00    0.00   99.75
12:55:10       0    0.00    0.00    0.00    0.00    0.00    0.00    0.00    0.00    0.00  100.00
12:55:10       1    0.00    0.00    1.00    0.00    0.00    0.00    0.00    0.00    0.00   99.00
12:55:10       2    0.00    0.00    0.00    0.00    0.00    0.00    0.00    0.00    0.00  100.00
12:55:10       3    0.00    0.00    0.00    0.00    0.00    0.00    0.00    0.00    0.00  100.00
12:55:10       4    0.00    0.00    0.00    0.00    0.00    0.00    0.00    0.00    0.00  100.00
12:55:10       5    0.00    0.00    0.00    0.00    0.00    0.00    0.00    0.00    0.00  100.00
12:55:10       6    0.00    0.00    1.00    0.00    0.00    0.00    0.00    0.00    0.00   99.00
12:55:10       7    0.00    0.00    0.00    0.00    0.00    0.00    0.00    0.00    0.00  100.00

12:55:10     CPU    %usr   %nice    %sys %iowait    %irq   %soft  %steal  %guest  %gnice   %idle
12:55:11     all    0.00    0.00    0.13    0.00    0.00    0.00    0.00    0.00    0.00   99.87
12:55:11       0    0.00    0.00    0.00    0.00    0.00    0.00    0.00    0.00    0.00  100.00
12:55:11       1    0.00    0.00    1.00    0.00    0.00    0.00    0.00    0.00    0.00   99.00
12:55:11       2    0.00    0.00    0.00    0.00    0.00    0.00    0.00    0.00    0.00  100.00
12:55:11       3    0.00    0.00    0.00    0.00    0.00    0.00    0.00    0.00    0.00  100.00
12:55:11       4    0.00    0.00    0.00    0.00    0.00    0.00    0.00    0.00    0.00  100.00
12:55:11       5    0.00    0.00    0.00    0.00    0.00    0.00    0.00    0.00    0.00  100.00
12:55:11       6    0.00    0.00    0.00    0.00    0.00    0.00    0.00    0.00    0.00  100.00
12:55:11       7    0.00    0.00    0.00    0.00    0.00    0.00    0.00    0.00    0.00  100.00

12:55:11     CPU    %usr   %nice    %sys %iowait    %irq   %soft  %steal  %guest  %gnice   %idle
12:55:12     all    0.00    0.00    0.13    0.00    0.00    0.00    0.00    0.00    0.00   99.87
12:55:12       0    0.00    0.00    0.00    0.00    0.00    0.00    0.00    0.00    0.00  100.00
12:55:12       1    0.00    0.00    1.01    0.00    0.00    0.00    0.00    0.00    0.00   98.99
12:55:12       2    0.00    0.00    0.00    0.00    0.00    0.00    0.00    0.00    0.00  100.00
12:55:12       3    0.00    0.00    0.00    0.00    0.00    0.00    0.00    0.00    0.00  100.00
12:55:12       4    0.00    0.00    0.00    0.00    0.00    0.00    0.00    0.00    0.00  100.00
12:55:12       5    0.00    0.00    0.00    0.00    0.00    0.00    0.00    0.00    0.00  100.00
12:55:12       6    0.00    0.00    0.00    0.00    0.00    0.00    0.00    0.00    0.00  100.00
12:55:12       7    0.00    0.00    0.00    0.00    0.00    0.00    0.00    0.00    0.00  100.00

12:55:12     CPU    %usr   %nice    %sys %iowait    %irq   %soft  %steal  %guest  %gnice   %idle
12:55:13     all    0.00    0.00    0.13    0.00    0.00    0.00    0.00    0.00    0.00   99.87
12:55:13       0    0.00    0.00    0.00    0.00    0.00    0.00    0.00    0.00    0.00  100.00
12:55:13       1    0.00    0.00    1.01    0.00    0.00    0.00    0.00    0.00    0.00   98.99
12:55:13       2    0.00    0.00    0.00    0.00    0.00    0.00    0.00    0.00    0.00  100.00
12:55:13       3    0.00    0.00    0.00    0.00    0.00    0.00    0.00    0.00    0.00  100.00
12:55:13       4    0.00    0.00    0.00    0.00    0.00    0.00    0.00    0.00    0.00  100.00
12:55:13       5    0.00    0.00    0.00    0.00    0.00    0.00    0.00    0.00    0.00  100.00
12:55:13       6    0.00    0.00    0.00    0.00    0.00    0.00    0.00    0.00    0.00  100.00
12:55:13       7    0.00    0.00    0.00    0.00    0.00    0.00    0.00    0.00    0.00  100.00

12:55:13     CPU    %usr   %nice    %sys %iowait    %irq   %soft  %steal  %guest  %gnice   %idle
12:55:14     all    0.00    0.00    0.25    0.00    0.00    0.00    0.00    0.00    0.00   99.75
12:55:14       0    0.00    0.00    0.00    0.00    0.00    0.00    0.00    0.00    0.00  100.00
12:55:14       1    0.00    0.00    1.00    0.00    0.00    0.00    0.00    0.00    0.00   99.00
12:55:14       2    0.00    0.00    0.00    0.00    0.00    0.00    0.00    0.00    0.00  100.00
12:55:14       3    0.00    0.00    0.00    0.00    0.00    0.00    0.00    0.00    0.00  100.00
12:55:14       4    0.00    0.00    0.99    0.00    0.00    0.00    0.00    0.00    0.00   99.01
12:55:14       5    0.00    0.00    0.00    0.00    0.00    0.00    0.00    0.00    0.00  100.00
12:55:14       6    0.00    0.00    0.00    0.00    0.00    0.00    0.00    0.00    0.00  100.00
12:55:14       7    0.00    0.00    0.00    0.00    0.00    0.00    0.00    0.00    0.00  100.00

12:55:14     CPU    %usr   %nice    %sys %iowait    %irq   %soft  %steal  %guest  %gnice   %idle
12:55:15     all    0.00    0.00    0.13    0.00    0.00    0.00    0.00    0.00    0.00   99.87
12:55:15       0    0.00    0.00    0.00    0.00    0.00    0.00    0.00    0.00    0.00  100.00
12:55:15       1    0.00    0.00    0.00    0.00    0.00    0.00    0.00    0.00    0.00  100.00
12:55:15       2    0.00    0.00    0.00    0.00    0.00    0.00    0.00    0.00    0.00  100.00
12:55:15       3    0.00    0.00    0.00    0.00    0.00    0.00    0.00    0.00    0.00  100.00
12:55:15       4    0.00    0.00    0.00    0.00    0.00    0.00    0.00    0.00    0.00  100.00
12:55:15       5    0.00    0.00    0.00    0.00    0.00    0.00    0.00    0.00    0.00  100.00
12:55:15       6    0.00    0.00    0.00    0.00    0.00    0.00    0.00    0.00    0.00  100.00
12:55:15       7    0.00    0.00    0.99    0.00    0.00    0.00    0.00    0.00    0.00   99.01

12:55:15     CPU    %usr   %nice    %sys %iowait    %irq   %soft  %steal  %guest  %gnice   %idle
12:55:16     all    0.00    0.00    0.13    0.00    0.00    0.00    0.00    0.00    0.00   99.87
12:55:16       0    0.00    0.00    0.00    0.00    0.00    0.00    0.00    0.00    0.00  100.00
12:55:16       1    0.00    0.00    1.01    0.00    0.00    0.00    0.00    0.00    0.00   98.99
12:55:16       2    0.00    0.00    0.00    0.00    0.00    0.00    0.00    0.00    0.00  100.00
12:55:16       3    0.00    0.00    0.00    0.00    0.00    0.00    0.00    0.00    0.00  100.00
12:55:16       4    0.00    0.00    0.00    0.00    0.00    0.00    0.00    0.00    0.00  100.00
12:55:16       5    0.00    0.00    0.00    0.00    0.00    0.00    0.00    0.00    0.00  100.00
12:55:16       6    0.00    0.00    0.00    0.00    0.00    0.00    0.00    0.00    0.00  100.00
12:55:16       7    0.00    0.00    0.00    0.00    0.00    0.00    0.00    0.00    0.00  100.00

12:55:16     CPU    %usr   %nice    %sys %iowait    %irq   %soft  %steal  %guest  %gnice   %idle
12:55:17     all    0.25    0.00    0.12    0.00    0.00    0.00    0.00    0.00    0.00   99.63
12:55:17       0    0.00    0.00    0.00    0.00    0.00    0.00    0.00    0.00    0.00  100.00
12:55:17       1    0.00    0.00    1.00    0.00    0.00    0.00    0.00    0.00    0.00   99.00
12:55:17       2    0.99    0.00    0.00    0.00    0.00    0.00    0.00    0.00    0.00   99.01
12:55:17       3    0.00    0.00    0.00    0.00    0.00    0.00    0.00    0.00    0.00  100.00
12:55:17       4    0.00    0.00    0.00    0.00    0.00    0.00    0.00    0.00    0.00  100.00
12:55:17       5    0.00    0.00    0.00    0.00    0.00    0.00    0.00    0.00    0.00  100.00
12:55:17       6    0.00    0.00    0.00    0.00    0.00    0.00    0.00    0.00    0.00  100.00
12:55:17       7    0.99    0.00    0.00    0.00    0.00    0.00    0.00    0.00    0.00   99.01

12:55:17     CPU    %usr   %nice    %sys %iowait    %irq   %soft  %steal  %guest  %gnice   %idle
12:55:18     all    0.00    0.00    0.25    0.00    0.00    0.00    0.00    0.00    0.00   99.75
12:55:18       0    0.00    0.00    0.00    0.00    0.00    0.00    0.00    0.00    0.00  100.00
12:55:18       1    0.00    0.00    2.00    0.00    0.00    0.00    0.00    0.00    0.00   98.00
12:55:18       2    0.00    0.00    0.00    0.00    0.00    0.00    0.00    0.00    0.00  100.00
12:55:18       3    0.00    0.00    0.00    0.00    0.00    0.00    0.00    0.00    0.00  100.00
12:55:18       4    0.00    0.00    0.00    0.00    0.00    0.00    0.00    0.00    0.00  100.00
12:55:18       5    0.00    0.00    0.00    0.00    0.00    0.00    0.00    0.00    0.00  100.00
12:55:18       6    0.00    0.00    0.00    0.00    0.00    0.00    0.00    0.00    0.00  100.00
12:55:18       7    0.00    0.00    0.00    0.00    0.00    0.00    0.00    0.00    0.00  100.00

12:55:18     CPU    %usr   %nice    %sys %iowait    %irq   %soft  %steal  %guest  %gnice   %idle
12:55:19     all    0.00    0.00    0.00    0.00    0.00    0.00    0.00    0.00    0.00  100.00
12:55:19       0    0.00    0.00    0.00    0.00    0.00    0.00    0.00    0.00    0.00  100.00
12:55:19       1    0.00    0.00    0.00    0.00    0.00    0.00    0.00    0.00    0.00  100.00
12:55:19       2    0.00    0.00    0.00    0.00    0.00    0.00    0.00    0.00    0.00  100.00
12:55:19       3    0.00    0.00    0.00    0.00    0.00    0.00    0.00    0.00    0.00  100.00
12:55:19       4    0.00    0.00    0.00    0.00    0.00    0.00    0.00    0.00    0.00  100.00
12:55:19       5    0.00    0.00    0.00    0.00    0.00    0.00    0.00    0.00    0.00  100.00
12:55:19       6    0.00    0.00    0.00    0.00    0.00    0.00    0.00    0.00    0.00  100.00
12:55:19       7    0.00    0.00    0.00    0.00    0.00    0.00    0.00    0.00    0.00  100.00

12:55:19     CPU    %usr   %nice    %sys %iowait    %irq   %soft  %steal  %guest  %gnice   %idle
12:55:20     all    0.00    0.00    0.13    0.00    0.00    0.00    0.00    0.00    0.00   99.87
12:55:20       0    0.00    0.00    0.00    0.00    0.00    0.00    0.00    0.00    0.00  100.00
12:55:20       1    0.00    0.00    1.00    0.00    0.00    0.00    0.00    0.00    0.00   99.00
12:55:20       2    0.00    0.00    0.00    0.00    0.00    0.00    0.00    0.00    0.00  100.00
12:55:20       3    0.00    0.00    0.00    0.00    0.00    0.00    0.00    0.00    0.00  100.00
12:55:20       4    0.00    0.00    0.00    0.00    0.00    0.00    0.00    0.00    0.00  100.00
12:55:20       5    0.00    0.00    0.00    0.00    0.00    0.00    0.00    0.00    0.00  100.00
12:55:20       6    0.00    0.00    0.00    0.00    0.00    0.00    0.00    0.00    0.00  100.00
12:55:20       7    0.00    0.00    0.00    0.00    0.00    0.00    0.00    0.00    0.00  100.00

12:55:20     CPU    %usr   %nice    %sys %iowait    %irq   %soft  %steal  %guest  %gnice   %idle
12:55:21     all    0.00    0.00    0.13    0.00    0.00    0.00    0.00    0.00    0.00   99.87
12:55:21       0    0.00    0.00    0.00    0.00    0.00    0.00    0.00    0.00    0.00  100.00
12:55:21       1    0.00    0.00    1.01    0.00    0.00    0.00    0.00    0.00    0.00   98.99
12:55:21       2    0.00    0.00    0.00    0.00    0.00    0.00    0.00    0.00    0.00  100.00
12:55:21       3    0.00    0.00    0.00    0.00    0.00    0.00    0.00    0.00    0.00  100.00
12:55:21       4    0.00    0.00    0.00    0.00    0.00    0.00    0.00    0.00    0.00  100.00
12:55:21       5    0.00    0.00    0.00    0.00    0.00    0.00    0.00    0.00    0.00  100.00
12:55:21       6    0.00    0.00    0.00    0.00    0.00    0.00    0.00    0.00    0.00  100.00
12:55:21       7    0.00    0.00    0.00    0.00    0.00    0.00    0.00    0.00    0.00  100.00

12:55:21     CPU    %usr   %nice    %sys %iowait    %irq   %soft  %steal  %guest  %gnice   %idle
12:55:22     all    0.00    0.00    0.25    0.00    0.00    0.00    0.00    0.00    0.00   99.75
12:55:22       0    0.00    0.00    0.00    0.00    0.00    0.00    0.00    0.00    0.00  100.00
12:55:22       1    0.00    0.00    0.00    0.00    0.00    0.00    0.00    0.00    0.00  100.00
12:55:22       2    0.00    0.00    1.00    0.00    0.00    0.00    0.00    0.00    0.00   99.00
12:55:22       3    0.00    0.00    0.00    0.00    0.00    0.00    0.00    0.00    0.00  100.00
12:55:22       4    0.00    0.00    0.99    0.00    0.00    0.00    0.00    0.00    0.00   99.01
12:55:22       5    0.00    0.00    0.00    0.00    0.00    0.00    0.00    0.00    0.00  100.00
12:55:22       6    0.00    0.00    0.00    0.00    0.00    0.00    0.00    0.00    0.00  100.00
12:55:22       7    0.00    0.00    0.00    0.00    0.00    0.00    0.00    0.00    0.00  100.00

12:55:22     CPU    %usr   %nice    %sys %iowait    %irq   %soft  %steal  %guest  %gnice   %idle
12:55:23     all    0.00    0.00    0.13    0.00    0.00    0.00    0.00    0.00    0.00   99.87
12:55:23       0    0.00    0.00    0.00    0.00    0.00    0.00    0.00    0.00    0.00  100.00
12:55:23       1    0.00    0.00    1.00    0.00    0.00    0.00    0.00    0.00    0.00   99.00
12:55:23       2    0.00    0.00    0.00    0.00    0.00    0.00    0.00    0.00    0.00  100.00
12:55:23       3    0.00    0.00    0.00    0.00    0.00    0.00    0.00    0.00    0.00  100.00
12:55:23       4    0.00    0.00    0.00    0.00    0.00    0.00    0.00    0.00    0.00  100.00
12:55:23       5    0.00    0.00    0.00    0.00    0.00    0.00    0.00    0.00    0.00  100.00
12:55:23       6    0.00    0.00    0.00    0.00    0.00    0.00    0.00    0.00    0.00  100.00
12:55:23       7    0.00    0.00    0.00    0.00    0.00    0.00    0.00    0.00    0.00  100.00

12:55:23     CPU    %usr   %nice    %sys %iowait    %irq   %soft  %steal  %guest  %gnice   %idle
12:55:24     all    0.00    0.00    0.13    0.00    0.00    0.00    0.00    0.00    0.00   99.87
12:55:24       0    0.00    0.00    0.00    0.00    0.00    0.00    0.00    0.00    0.00  100.00
12:55:24       1    0.00    0.00    0.00    0.00    0.00    0.00    0.00    0.00    0.00  100.00
12:55:24       2    0.00    0.00    1.00    0.00    0.00    0.00    0.00    0.00    0.00   99.00
12:55:24       3    0.00    0.00    0.00    0.00    0.00    0.00    0.00    0.00    0.00  100.00
12:55:24       4    0.00    0.00    0.00    0.00    0.00    0.00    0.00    0.00    0.00  100.00
12:55:24       5    0.00    0.00    0.00    0.00    0.00    0.00    0.00    0.00    0.00  100.00
12:55:24       6    0.00    0.00    0.00    0.00    0.00    0.00    0.00    0.00    0.00  100.00
12:55:24       7    0.00    0.00    0.00    0.00    0.00    0.00    0.00    0.00    0.00  100.00

12:55:24     CPU    %usr   %nice    %sys %iowait    %irq   %soft  %steal  %guest  %gnice   %idle
12:55:25     all    0.00    0.00    0.13    0.00    0.00    0.00    0.00    0.00    0.00   99.87
12:55:25       0    0.00    0.00    0.00    0.00    0.00    0.00    0.00    0.00    0.00  100.00
12:55:25       1    0.00    0.00    1.01    0.00    0.00    0.00    0.00    0.00    0.00   98.99
12:55:25       2    0.00    0.00    0.00    0.00    0.00    0.00    0.00    0.00    0.00  100.00
12:55:25       3    0.00    0.00    0.00    0.00    0.00    0.00    0.00    0.00    0.00  100.00
12:55:25       4    0.00    0.00    0.00    0.00    0.00    0.00    0.00    0.00    0.00  100.00
12:55:25       5    0.00    0.00    0.00    0.00    0.00    0.00    0.00    0.00    0.00  100.00
12:55:25       6    0.00    0.00    0.00    0.00    0.00    0.00    0.00    0.00    0.00  100.00
12:55:25       7    0.00    0.00    0.00    0.00    0.00    0.00    0.00    0.00    0.00  100.00

12:55:25     CPU    %usr   %nice    %sys %iowait    %irq   %soft  %steal  %guest  %gnice   %idle
12:55:26     all    0.00    0.00    0.13    0.00    0.00    0.00    0.00    0.00    0.00   99.87
12:55:26       0    0.00    0.00    0.00    0.00    0.00    0.00    0.00    0.00    0.00  100.00
12:55:26       1    0.00    0.00    1.01    0.00    0.00    0.00    0.00    0.00    0.00   98.99
12:55:26       2    0.00    0.00    0.00    0.00    0.00    0.00    0.00    0.00    0.00  100.00
12:55:26       3    0.00    0.00    0.00    0.00    0.00    0.00    0.00    0.00    0.00  100.00
12:55:26       4    0.00    0.00    0.00    0.00    0.00    0.00    0.00    0.00    0.00  100.00
12:55:26       5    0.00    0.00    0.00    0.00    0.00    0.00    0.00    0.00    0.00  100.00
12:55:26       6    0.00    0.00    0.00    0.00    0.00    0.00    0.00    0.00    0.00  100.00
12:55:26       7    0.00    0.00    0.00    0.00    0.00    0.00    0.00    0.00    0.00  100.00

12:55:26     CPU    %usr   %nice    %sys %iowait    %irq   %soft  %steal  %guest  %gnice   %idle
12:55:27     all    0.12    0.00    0.00    0.00    0.00    0.00    0.00    0.00    0.00   99.88
12:55:27       0    0.00    0.00    0.00    0.00    0.00    0.00    0.00    0.00    0.00  100.00
12:55:27       1    0.99    0.00    0.00    0.00    0.00    0.00    0.00    0.00    0.00   99.01
12:55:27       2    0.00    0.00    0.00    0.00    0.00    0.00    0.00    0.00    0.00  100.00
12:55:27       3    0.00    0.00    0.00    0.00    0.00    0.00    0.00    0.00    0.00  100.00
12:55:27       4    0.00    0.00    0.00    0.00    0.00    0.00    0.00    0.00    0.00  100.00
12:55:27       5    0.00    0.00    0.00    0.00    0.00    0.00    0.00    0.00    0.00  100.00
12:55:27       6    0.00    0.00    0.00    0.00    0.00    0.00    0.00    0.00    0.00  100.00
12:55:27       7    0.00    0.00    0.00    0.00    0.00    0.00    0.00    0.00    0.00  100.00

12:55:27     CPU    %usr   %nice    %sys %iowait    %irq   %soft  %steal  %guest  %gnice   %idle
12:55:28     all    0.00    0.00    0.00    0.00    0.00    0.00    0.00    0.00    0.00  100.00
12:55:28       0    0.00    0.00    0.00    0.00    0.00    0.00    0.00    0.00    0.00  100.00
12:55:28       1    0.00    0.00    0.00    0.00    0.00    0.00    0.00    0.00    0.00  100.00
12:55:28       2    0.00    0.00    0.00    0.00    0.00    0.00    0.00    0.00    0.00  100.00
12:55:28       3    0.00    0.00    0.00    0.00    0.00    0.00    0.00    0.00    0.00  100.00
12:55:28       4    0.00    0.00    0.00    0.00    0.00    0.00    0.00    0.00    0.00  100.00
12:55:28       5    0.00    0.00    0.00    0.00    0.00    0.00    0.00    0.00    0.00  100.00
12:55:28       6    0.00    0.00    0.00    0.00    0.00    0.00    0.00    0.00    0.00  100.00
12:55:28       7    0.00    0.00    0.00    0.00    0.00    0.00    0.00    0.00    0.00  100.00

12:55:28     CPU    %usr   %nice    %sys %iowait    %irq   %soft  %steal  %guest  %gnice   %idle
12:55:29     all    0.00    0.00    0.00    0.00    0.00    0.00    0.00    0.00    0.00  100.00
12:55:29       0    0.00    0.00    0.00    0.00    0.00    0.00    0.00    0.00    0.00  100.00
12:55:29       1    0.00    0.00    0.00    0.00    0.00    0.00    0.00    0.00    0.00  100.00
12:55:29       2    0.00    0.00    0.00    0.00    0.00    0.00    0.00    0.00    0.00  100.00
12:55:29       3    0.00    0.00    0.00    0.00    0.00    0.00    0.00    0.00    0.00  100.00
12:55:29       4    0.00    0.00    0.00    0.00    0.00    0.00    0.00    0.00    0.00  100.00
12:55:29       5    0.00    0.00    0.00    0.00    0.00    0.00    0.00    0.00    0.00  100.00
12:55:29       6    0.00    0.00    0.00    0.00    0.00    0.00    0.00    0.00    0.00  100.00
12:55:29       7    0.00    0.00    0.00    0.00    0.00    0.00    0.00    0.00    0.00  100.00

12:55:29     CPU    %usr   %nice    %sys %iowait    %irq   %soft  %steal  %guest  %gnice   %idle
12:55:30     all    0.00    0.00    0.00    0.00    0.00    0.00    0.00    0.00    0.00  100.00
12:55:30       0    0.00    0.00    0.00    0.00    0.00    0.00    0.00    0.00    0.00  100.00
12:55:30       1    0.00    0.00    0.00    0.00    0.00    0.00    0.00    0.00    0.00  100.00
12:55:30       2    0.00    0.00    0.00    0.00    0.00    0.00    0.00    0.00    0.00  100.00
12:55:30       3    0.00    0.00    0.00    0.00    0.00    0.00    0.00    0.00    0.00  100.00
12:55:30       4    0.00    0.00    0.00    0.00    0.00    0.00    0.00    0.00    0.00  100.00
12:55:30       5    0.00    0.00    0.00    0.00    0.00    0.00    0.00    0.00    0.00  100.00
12:55:30       6    0.00    0.00    0.00    0.00    0.00    0.00    0.00    0.00    0.00  100.00
12:55:30       7    0.00    0.00    0.00    0.00    0.00    0.00    0.00    0.00    0.00  100.00

12:55:30     CPU    %usr   %nice    %sys %iowait    %irq   %soft  %steal  %guest  %gnice   %idle
12:55:31     all    0.00    0.00    0.00    0.00    0.00    0.00    0.00    0.00    0.00  100.00
12:55:31       0    0.00    0.00    0.00    0.00    0.00    0.00    0.00    0.00    0.00  100.00
12:55:31       1    0.00    0.00    0.00    0.00    0.00    0.00    0.00    0.00    0.00  100.00
12:55:31       2    0.00    0.00    0.00    0.00    0.00    0.00    0.00    0.00    0.00  100.00
12:55:31       3    0.00    0.00    0.00    0.00    0.00    0.00    0.00    0.00    0.00  100.00
12:55:31       4    0.00    0.00    0.00    0.00    0.00    0.00    0.00    0.00    0.00  100.00
12:55:31       5    0.00    0.00    0.00    0.00    0.00    0.00    0.00    0.00    0.00  100.00
12:55:31       6    0.00    0.00    0.00    0.00    0.00    0.00    0.00    0.00    0.00  100.00
12:55:31       7    0.00    0.00    0.00    0.00    0.00    0.00    0.00    0.00    0.00  100.00
