Linux 6.14.0-1018-aws (ip-10-0-1-227) 	01/03/26 	_aarch64_	(8 CPU)

12:58:34     CPU    %usr   %nice    %sys %iowait    %irq   %soft  %steal  %guest  %gnice   %idle
12:58:35     all    0.00    0.00    0.00    0.00    0.00    0.00    0.00    0.00    0.00  100.00
12:58:35       0    0.00    0.00    0.00    0.00    0.00    0.00    0.00    0.00    0.00  100.00
12:58:35       1    0.00    0.00    0.00    0.00    0.00    0.00    0.00    0.00    0.00  100.00
12:58:35       2    0.00    0.00    0.00    0.00    0.00    0.00    0.00    0.00    0.00  100.00
12:58:35       3    0.00    0.00    0.00    0.00    0.00    0.00    0.00    0.00    0.00  100.00
12:58:35       4    0.00    0.00    0.00    0.00    0.00    0.00    0.00    0.00    0.00  100.00
12:58:35       5    0.00    0.00    0.00    0.00    0.00    0.00    0.00    0.00    0.00  100.00
12:58:35       6    0.00    0.00    0.00    0.00    0.00    0.00    0.00    0.00    0.00  100.00
12:58:35       7    0.00    0.00    0.00    0.00    0.00    0.00    0.00    0.00    0.00  100.00

12:58:35     CPU    %usr   %nice    %sys %iowait    %irq   %soft  %steal  %guest  %gnice   %idle
12:58:36     all    0.00    0.00    0.00    0.00    0.00    0.00    0.00    0.00    0.00  100.00
12:58:36       0    0.00    0.00    0.00    0.00    0.00    0.00    0.00    0.00    0.00  100.00
12:58:36       1    0.00    0.00    0.00    0.00    0.00    0.00    0.00    0.00    0.00  100.00
12:58:36       2    0.00    0.00    0.00    0.00    0.00    0.00    0.00    0.00    0.00  100.00
12:58:36       3    0.00    0.00    0.00    0.00    0.00    0.00    0.00    0.00    0.00  100.00
12:58:36       4    0.00    0.00    0.00    0.00    0.00    0.00    0.00    0.00    0.00  100.00
12:58:36       5    0.00    0.00    0.00    0.00    0.00    0.00    0.00    0.00    0.00  100.00
12:58:36       6    0.00    0.00    0.00    0.00    0.00    0.00    0.00    0.00    0.00  100.00
12:58:36       7    0.00    0.00    0.00    0.00    0.00    0.00    0.00    0.00    0.00  100.00

12:58:36     CPU    %usr   %nice    %sys %iowait    %irq   %soft  %steal  %guest  %gnice   %idle
12:58:37     all    3.93    0.00    1.65   15.46    0.00    0.13    0.00    0.00    0.00   78.83
12:58:37       0   13.13    0.00    7.07   23.23    0.00    0.00    0.00    0.00    0.00   56.57
12:58:37       1    0.00    0.00    0.00    0.00    0.00    0.00    0.00    0.00    0.00  100.00
12:58:37       2    0.00    0.00    0.00    0.00    0.00    0.00    0.00    0.00    0.00  100.00
12:58:37       3   15.31    0.00    4.08   66.33    0.00    1.02    0.00    0.00    0.00   13.27
12:58:37       4    3.09    0.00    2.06   35.05    0.00    0.00    0.00    0.00    0.00   59.79
12:58:37       5    0.00    0.00    0.00    0.00    0.00    0.00    0.00    0.00    0.00  100.00
12:58:37       6    0.00    0.00    0.00    0.00    0.00    0.00    0.00    0.00    0.00  100.00
12:58:37       7    0.00    0.00    0.00    0.00    0.00    0.00    0.00    0.00    0.00  100.00

12:58:37     CPU    %usr   %nice    %sys %iowait    %irq   %soft  %steal  %guest  %gnice   %idle
12:58:38     all    0.25    0.00    0.63   23.71    0.00    0.00    0.00    0.00    0.00   75.41
12:58:38       0    0.00    0.00    0.00    0.00    0.00    0.00    0.00    0.00    0.00  100.00
12:58:38       1    0.00    0.00    0.00    0.00    0.00    0.00    0.00    0.00    0.00  100.00
12:58:38       2    0.00    0.00    0.00    0.00    0.00    0.00    0.00    0.00    0.00  100.00
12:58:38       3    2.08    0.00    1.04   96.88    0.00    0.00    0.00    0.00    0.00    0.00
12:58:38       4    0.00    0.00    2.04   81.63    0.00    0.00    0.00    0.00    0.00   16.33
12:58:38       5    0.00    0.00    1.01   15.15    0.00    0.00    0.00    0.00    0.00   83.84
12:58:38       6    0.00    0.00    0.00    0.00    0.00    0.00    0.00    0.00    0.00  100.00
12:58:38       7    0.00    0.00    1.00    0.00    0.00    0.00    0.00    0.00    0.00   99.00

12:58:38     CPU    %usr   %nice    %sys %iowait    %irq   %soft  %steal  %guest  %gnice   %idle
12:58:39     all    0.00    0.00    0.38   24.21    0.00    0.13    0.00    0.00    0.00   75.28
12:58:39       0    0.00    0.00    0.00    0.00    0.00    0.00    0.00    0.00    0.00  100.00
12:58:39       1    0.00    0.00    0.00    0.00    0.00    0.00    0.00    0.00    0.00  100.00
12:58:39       2    0.00    0.00    0.00    0.00    0.00    0.00    0.00    0.00    0.00  100.00
12:58:39       3    0.00    0.00    0.00  100.00    0.00    0.00    0.00    0.00    0.00    0.00
12:58:39       4    0.00    0.00    2.02   84.85    0.00    1.01    0.00    0.00    0.00   12.12
12:58:39       5    0.00    0.00    0.00   12.12    0.00    0.00    0.00    0.00    0.00   87.88
12:58:39       6    0.00    0.00    1.00    0.00    0.00    0.00    0.00    0.00    0.00   99.00
12:58:39       7    0.00    0.00    0.00    0.00    0.00    0.00    0.00    0.00    0.00  100.00

12:58:39     CPU    %usr   %nice    %sys %iowait    %irq   %soft  %steal  %guest  %gnice   %idle
12:58:40     all    0.50    0.00    0.75   23.78    0.00    0.13    0.00    0.00    0.00   74.84
12:58:40       0    0.00    0.00    0.00    0.00    0.00    0.00    0.00    0.00    0.00  100.00
12:58:40       1    0.00    0.00    0.00    0.00    0.00    0.00    0.00    0.00    0.00  100.00
12:58:40       2    0.00    0.00    0.00    0.00    0.00    0.00    0.00    0.00    0.00  100.00
12:58:40       3    4.08    0.00    1.02   94.90    0.00    0.00    0.00    0.00    0.00    0.00
12:58:40       4    0.00    0.00    1.00   29.00    0.00    0.00    0.00    0.00    0.00   70.00
12:58:40       5    0.00    0.00    2.94   66.67    0.00    0.98    0.00    0.00    0.00   29.41
12:58:40       6    0.00    0.00    0.00    0.00    0.00    0.00    0.00    0.00    0.00  100.00
12:58:40       7    0.00    0.00    1.00    0.00    0.00    0.00    0.00    0.00    0.00   99.00

12:58:40     CPU    %usr   %nice    %sys %iowait    %irq   %soft  %steal  %guest  %gnice   %idle
12:58:41     all    0.88    0.00    0.51   23.14    0.00    0.00    0.00    0.00    0.00   75.47
12:58:41       0    0.00    0.00    1.00    0.00    0.00    0.00    0.00    0.00    0.00   99.00
12:58:41       1    0.00    0.00    1.03   77.32    0.00    0.00    0.00    0.00    0.00   21.65
12:58:41       2    0.00    0.00    0.00    0.00    0.00    0.00    0.00    0.00    0.00  100.00
12:58:41       3    4.08    0.00    1.02   18.37    0.00    0.00    0.00    0.00    0.00   76.53
12:58:41       4    3.09    0.00    1.03   72.16    0.00    0.00    0.00    0.00    0.00   23.71
12:58:41       5    0.00    0.00    0.00   20.20    0.00    0.00    0.00    0.00    0.00   79.80
12:58:41       6    0.00    0.00    0.00    0.00    0.00    0.00    0.00    0.00    0.00  100.00
12:58:41       7    0.00    0.00    0.00    0.00    0.00    0.00    0.00    0.00    0.00  100.00

12:58:41     CPU    %usr   %nice    %sys %iowait    %irq   %soft  %steal  %guest  %gnice   %idle
12:58:42     all    0.38    0.00    0.63   23.58    0.00    0.00    0.00    0.00    0.00   75.41
12:58:42       0    0.00    0.00    0.00    0.00    0.00    0.00    0.00    0.00    0.00  100.00
12:58:42       1    0.00    0.00    3.03   95.96    0.00    0.00    0.00    0.00    0.00    1.01
12:58:42       2    0.00    0.00    1.00    0.00    0.00    0.00    0.00    0.00    0.00   99.00
12:58:42       3    0.00    0.00    0.00    0.00    0.00    0.00    0.00    0.00    0.00  100.00
12:58:42       4    3.12    0.00    1.04   95.83    0.00    0.00    0.00    0.00    0.00    0.00
12:58:42       5    0.00    0.00    0.00    0.00    0.00    0.00    0.00    0.00    0.00  100.00
12:58:42       6    0.00    0.00    0.00    0.00    0.00    0.00    0.00    0.00    0.00  100.00
12:58:42       7    0.00    0.00    0.00    0.00    0.00    0.00    0.00    0.00    0.00  100.00

12:58:42     CPU    %usr   %nice    %sys %iowait    %irq   %soft  %steal  %guest  %gnice   %idle
12:58:43     all    0.00    0.00    0.25   23.67    0.00    0.00    0.00    0.00    0.00   76.08
12:58:43       0    0.00    0.00    0.00    0.00    0.00    0.00    0.00    0.00    0.00  100.00
12:58:43       1    0.00    0.00    0.00   24.24    0.00    0.00    0.00    0.00    0.00   75.76
12:58:43       2    0.00    0.00    0.00    0.00    0.00    0.00    0.00    0.00    0.00  100.00
12:58:43       3    0.00    0.00    0.00    0.00    0.00    0.00    0.00    0.00    0.00  100.00
12:58:43       4    0.00    0.00    0.00  100.00    0.00    0.00    0.00    0.00    0.00    0.00
12:58:43       5    0.00    0.00    2.02   69.70    0.00    0.00    0.00    0.00    0.00   28.28
12:58:43       6    0.00    0.00    0.00    0.00    0.00    0.00    0.00    0.00    0.00  100.00
12:58:43       7    0.00    0.00    0.00    0.00    0.00    0.00    0.00    0.00    0.00  100.00

12:58:43     CPU    %usr   %nice    %sys %iowait    %irq   %soft  %steal  %guest  %gnice   %idle
12:58:44     all    0.00    0.00    0.63   24.03    0.00    0.00    0.00    0.00    0.00   75.35
12:58:44       0    0.00    0.00    0.00    0.00    0.00    0.00    0.00    0.00    0.00  100.00
12:58:44       1    0.00    0.00    0.00    0.00    0.00    0.00    0.00    0.00    0.00  100.00
12:58:44       2    0.00    0.00    0.00    0.00    0.00    0.00    0.00    0.00    0.00  100.00
12:58:44       3    0.00    0.00    1.03   77.32    0.00    0.00    0.00    0.00    0.00   21.65
12:58:44       4    0.00    0.00    2.02   84.85    0.00    0.00    0.00    0.00    0.00   13.13
12:58:44       5    0.00    0.00    2.00   32.00    0.00    0.00    0.00    0.00    0.00   66.00
12:58:44       6    0.00    0.00    0.00    0.00    0.00    0.00    0.00    0.00    0.00  100.00
12:58:44       7    0.00    0.00    0.00    0.00    0.00    0.00    0.00    0.00    0.00  100.00

12:58:44     CPU    %usr   %nice    %sys %iowait    %irq   %soft  %steal  %guest  %gnice   %idle
12:58:45     all    0.00    0.00    0.25   16.52    0.00    0.00    0.00    0.00    0.00   83.23
12:58:45       0    0.00    0.00    0.00    0.00    0.00    0.00    0.00    0.00    0.00  100.00
12:58:45       1    0.00    0.00    0.00    0.00    0.00    0.00    0.00    0.00    0.00  100.00
12:58:45       2    0.00    0.00    0.00    0.00    0.00    0.00    0.00    0.00    0.00  100.00
12:58:45       3    0.00    0.00    0.00   98.99    0.00    0.00    0.00    0.00    0.00    1.01
12:58:45       4    0.00    0.00    1.00   33.00    0.00    0.00    0.00    0.00    0.00   66.00
12:58:45       5    0.00    0.00    0.00    1.00    0.00    0.00    0.00    0.00    0.00   99.00
12:58:45       6    0.00    0.00    1.00    0.00    0.00    0.00    0.00    0.00    0.00   99.00
12:58:45       7    0.00    0.00    0.00    0.00    0.00    0.00    0.00    0.00    0.00  100.00

12:58:45     CPU    %usr   %nice    %sys %iowait    %irq   %soft  %steal  %guest  %gnice   %idle
12:58:46     all    0.00    0.00    0.38   11.89    0.00    0.13    0.00    0.00    0.00   87.61
12:58:46       0    0.00    0.00    0.00    0.00    0.00    0.00    0.00    0.00    0.00  100.00
12:58:46       1    0.00    0.00    0.00    0.00    0.00    0.00    0.00    0.00    0.00  100.00
12:58:46       2    0.00    0.00    1.01    0.00    0.00    0.00    0.00    0.00    0.00   98.99
12:58:46       3    0.00    0.00    2.00   95.00    0.00    1.00    0.00    0.00    0.00    2.00
12:58:46       4    0.00    0.00    0.00    0.00    0.00    0.00    0.00    0.00    0.00  100.00
12:58:46       5    0.00    0.00    0.00    0.00    0.00    0.00    0.00    0.00    0.00  100.00
12:58:46       6    0.00    0.00    0.00    0.00    0.00    0.00    0.00    0.00    0.00  100.00
12:58:46       7    0.00    0.00    0.00    0.00    0.00    0.00    0.00    0.00    0.00  100.00

12:58:46     CPU    %usr   %nice    %sys %iowait    %irq   %soft  %steal  %guest  %gnice   %idle
12:58:47     all    0.00    0.00    0.63    0.00    0.00    0.13    0.00    0.00    0.00   99.25
12:58:47       0    0.00    0.00    0.00    0.00    0.00    0.00    0.00    0.00    0.00  100.00
12:58:47       1    0.00    0.00    0.00    0.00    0.00    0.00    0.00    0.00    0.00  100.00
12:58:47       2    0.00    0.00    0.00    0.00    0.00    0.00    0.00    0.00    0.00  100.00
12:58:47       3    0.00    0.00    0.00    0.00    0.00    0.00    0.00    0.00    0.00  100.00
12:58:47       4    0.00    0.00    5.10    0.00    0.00    1.02    0.00    0.00    0.00   93.88
12:58:47       5    0.00    0.00    0.00    0.00    0.00    0.00    0.00    0.00    0.00  100.00
12:58:47       6    0.00    0.00    0.00    0.00    0.00    0.00    0.00    0.00    0.00  100.00
12:58:47       7    0.00    0.00    0.00    0.00    0.00    0.00    0.00    0.00    0.00  100.00

12:58:47     CPU    %usr   %nice    %sys %iowait    %irq   %soft  %steal  %guest  %gnice   %idle
12:58:48     all    0.00    0.00    0.25    0.00    0.00    0.00    0.00    0.00    0.00   99.75
12:58:48       0    0.00    0.00    0.00    0.00    0.00    0.00    0.00    0.00    0.00  100.00
12:58:48       1    0.00    0.00    0.00    0.00    0.00    0.00    0.00    0.00    0.00  100.00
12:58:48       2    0.00    0.00    0.00    0.00    0.00    0.00    0.00    0.00    0.00  100.00
12:58:48       3    0.00    0.00    0.00    0.00    0.00    0.00    0.00    0.00    0.00  100.00
12:58:48       4    0.00    0.00    2.08    0.00    0.00    0.00    0.00    0.00    0.00   97.92
12:58:48       5    0.00    0.00    0.00    0.00    0.00    0.00    0.00    0.00    0.00  100.00
12:58:48       6    0.00    0.00    0.00    0.00    0.00    0.00    0.00    0.00    0.00  100.00
12:58:48       7    0.00    0.00    0.00    0.00    0.00    0.00    0.00    0.00    0.00  100.00

12:58:48     CPU    %usr   %nice    %sys %iowait    %irq   %soft  %steal  %guest  %gnice   %idle
12:58:49     all    0.13    0.00    0.50    0.00    0.00    0.00    0.00    0.00    0.00   99.37
12:58:49       0    0.00    0.00    0.00    0.00    0.00    0.00    0.00    0.00    0.00  100.00
12:58:49       1    0.00    0.00    0.00    0.00    0.00    0.00    0.00    0.00    0.00  100.00
12:58:49       2    0.00    0.00    0.00    0.00    0.00    0.00    0.00    0.00    0.00  100.00
12:58:49       3    0.00    0.00    0.00    0.00    0.00    0.00    0.00    0.00    0.00  100.00
12:58:49       4    1.02    0.00    4.08    0.00    0.00    0.00    0.00    0.00    0.00   94.90
12:58:49       5    0.00    0.00    0.00    0.00    0.00    0.00    0.00    0.00    0.00  100.00
12:58:49       6    0.00    0.00    0.00    0.00    0.00    0.00    0.00    0.00    0.00  100.00
12:58:49       7    0.00    0.00    0.00    0.00    0.00    0.00    0.00    0.00    0.00  100.00

12:58:49     CPU    %usr   %nice    %sys %iowait    %irq   %soft  %steal  %guest  %gnice   %idle
12:58:50     all    0.00    0.00    0.63    0.00    0.00    0.00    0.00    0.00    0.00   99.37
12:58:50       0    0.00    0.00    0.00    0.00    0.00    0.00    0.00    0.00    0.00  100.00
12:58:50       1    0.00    0.00    0.00    0.00    0.00    0.00    0.00    0.00    0.00  100.00
12:58:50       2    0.00    0.00    0.00    0.00    0.00    0.00    0.00    0.00    0.00  100.00
12:58:50       3    0.00    0.00    0.00    0.00    0.00    0.00    0.00    0.00    0.00  100.00
12:58:50       4    0.00    0.00    5.05    0.00    0.00    0.00    0.00    0.00    0.00   94.95
12:58:50       5    0.00    0.00    0.00    0.00    0.00    0.00    0.00    0.00    0.00  100.00
12:58:50       6    0.00    0.00    0.00    0.00    0.00    0.00    0.00    0.00    0.00  100.00
12:58:50       7    0.00    0.00    0.00    0.00    0.00    0.00    0.00    0.00    0.00  100.00

12:58:50     CPU    %usr   %nice    %sys %iowait    %irq   %soft  %steal  %guest  %gnice   %idle
12:58:51     all    0.00    0.00    0.38    0.00    0.00    0.00    0.00    0.00    0.00   99.62
12:58:51       0    0.00    0.00    0.00    0.00    0.00    0.00    0.00    0.00    0.00  100.00
12:58:51       1    0.00    0.00    0.00    0.00    0.00    0.00    0.00    0.00    0.00  100.00
12:58:51       2    0.00    0.00    0.00    0.00    0.00    0.00    0.00    0.00    0.00  100.00
12:58:51       3    0.00    0.00    0.00    0.00    0.00    0.00    0.00    0.00    0.00  100.00
12:58:51       4    0.00    0.00    3.12    0.00    0.00    0.00    0.00    0.00    0.00   96.88
12:58:51       5    0.00    0.00    0.00    0.00    0.00    0.00    0.00    0.00    0.00  100.00
12:58:51       6    0.00    0.00    0.00    0.00    0.00    0.00    0.00    0.00    0.00  100.00
12:58:51       7    0.00    0.00    0.00    0.00    0.00    0.00    0.00    0.00    0.00  100.00

12:58:51     CPU    %usr   %nice    %sys %iowait    %irq   %soft  %steal  %guest  %gnice   %idle
12:58:52     all    0.00    0.00    0.50    0.00    0.00    0.00    0.00    0.00    0.00   99.50
12:58:52       0    0.00    0.00    0.00    0.00    0.00    0.00    0.00    0.00    0.00  100.00
12:58:52       1    0.00    0.00    0.00    0.00    0.00    0.00    0.00    0.00    0.00  100.00
12:58:52       2    0.00    0.00    3.03    0.00    0.00    0.00    0.00    0.00    0.00   96.97
12:58:52       3    0.00    0.00    0.00    0.00    0.00    0.00    0.00    0.00    0.00  100.00
12:58:52       4    0.00    0.00    1.02    0.00    0.00    0.00    0.00    0.00    0.00   98.98
12:58:52       5    0.00    0.00    0.00    0.00    0.00    0.00    0.00    0.00    0.00  100.00
12:58:52       6    0.00    0.00    0.00    0.00    0.00    0.00    0.00    0.00    0.00  100.00
12:58:52       7    0.00    0.00    0.00    0.00    0.00    0.00    0.00    0.00    0.00  100.00

12:58:52     CPU    %usr   %nice    %sys %iowait    %irq   %soft  %steal  %guest  %gnice   %idle
12:58:53     all    0.00    0.00    0.38    0.00    0.00    0.00    0.00    0.00    0.00   99.62
12:58:53       0    0.00    0.00    0.00    0.00    0.00    0.00    0.00    0.00    0.00  100.00
12:58:53       1    0.00    0.00    0.99    0.00    0.00    0.00    0.00    0.00    0.00   99.01
12:58:53       2    0.00    0.00    2.08    0.00    0.00    0.00    0.00    0.00    0.00   97.92
12:58:53       3    0.00    0.00    0.00    0.00    0.00    0.00    0.00    0.00    0.00  100.00
12:58:53       4    0.00    0.00    0.00    0.00    0.00    0.00    0.00    0.00    0.00  100.00
12:58:53       5    0.00    0.00    0.00    0.00    0.00    0.00    0.00    0.00    0.00  100.00
12:58:53       6    0.00    0.00    0.00    0.00    0.00    0.00    0.00    0.00    0.00  100.00
12:58:53       7    0.00    0.00    0.00    0.00    0.00    0.00    0.00    0.00    0.00  100.00

12:58:53     CPU    %usr   %nice    %sys %iowait    %irq   %soft  %steal  %guest  %gnice   %idle
12:58:54     all    0.00    0.00    0.75    0.00    0.00    0.13    0.00    0.00    0.00   99.12
12:58:54       0    0.00    0.00    0.00    0.00    0.00    0.00    0.00    0.00    0.00  100.00
12:58:54       1    0.00    0.00    0.00    0.00    0.00    0.00    0.00    0.00    0.00  100.00
12:58:54       2    0.00    0.00    6.00    0.00    0.00    1.00    0.00    0.00    0.00   93.00
12:58:54       3    0.00    0.00    0.00    0.00    0.00    0.00    0.00    0.00    0.00  100.00
12:58:54       4    0.00    0.00    0.00    0.00    0.00    0.00    0.00    0.00    0.00  100.00
12:58:54       5    0.00    0.00    0.00    0.00    0.00    0.00    0.00    0.00    0.00  100.00
12:58:54       6    0.00    0.00    0.00    0.00    0.00    0.00    0.00    0.00    0.00  100.00
12:58:54       7    0.00    0.00    0.00    0.00    0.00    0.00    0.00    0.00    0.00  100.00

12:58:54     CPU    %usr   %nice    %sys %iowait    %irq   %soft  %steal  %guest  %gnice   %idle
12:58:55     all    0.13    0.00    0.38    0.00    0.00    0.00    0.00    0.00    0.00   99.50
12:58:55       0    0.00    0.00    0.00    0.00    0.00    0.00    0.00    0.00    0.00  100.00
12:58:55       1    0.00    0.00    0.00    0.00    0.00    0.00    0.00    0.00    0.00  100.00
12:58:55       2    0.00    0.00    1.03    0.00    0.00    0.00    0.00    0.00    0.00   98.97
12:58:55       3    0.99    0.00    0.00    0.00    0.00    0.00    0.00    0.00    0.00   99.01
12:58:55       4    0.00    0.00    2.02    0.00    0.00    0.00    0.00    0.00    0.00   97.98
12:58:55       5    0.00    0.00    0.00    0.00    0.00    0.00    0.00    0.00    0.00  100.00
12:58:55       6    0.00    0.00    0.00    0.00    0.00    0.00    0.00    0.00    0.00  100.00
12:58:55       7    0.00    0.00    0.00    0.00    0.00    0.00    0.00    0.00    0.00  100.00

12:58:55     CPU    %usr   %nice    %sys %iowait    %irq   %soft  %steal  %guest  %gnice   %idle
12:58:56     all    0.00    0.00    0.50    0.00    0.00    0.00    0.00    0.00    0.00   99.50
12:58:56       0    0.00    0.00    0.00    0.00    0.00    0.00    0.00    0.00    0.00  100.00
12:58:56       1    0.00    0.00    0.00    0.00    0.00    0.00    0.00    0.00    0.00  100.00
12:58:56       2    0.00    0.00    0.00    0.00    0.00    0.00    0.00    0.00    0.00  100.00
12:58:56       3    0.00    0.00    0.99    0.00    0.00    0.00    0.00    0.00    0.00   99.01
12:58:56       4    0.00    0.00    3.12    0.00    0.00    0.00    0.00    0.00    0.00   96.88
12:58:56       5    0.00    0.00    0.00    0.00    0.00    0.00    0.00    0.00    0.00  100.00
12:58:56       6    0.00    0.00    0.00    0.00    0.00    0.00    0.00    0.00    0.00  100.00
12:58:56       7    0.00    0.00    0.00    0.00    0.00    0.00    0.00    0.00    0.00  100.00

12:58:56     CPU    %usr   %nice    %sys %iowait    %irq   %soft  %steal  %guest  %gnice   %idle
12:58:57     all    0.00    0.00    0.50    0.00    0.00    0.00    0.00    0.00    0.00   99.50
12:58:57       0    0.00    0.00    0.00    0.00    0.00    0.00    0.00    0.00    0.00  100.00
12:58:57       1    0.00    0.00    0.00    0.00    0.00    0.00    0.00    0.00    0.00  100.00
12:58:57       2    0.00    0.00    0.00    0.00    0.00    0.00    0.00    0.00    0.00  100.00
12:58:57       3    0.00    0.00    0.00    0.00    0.00    0.00    0.00    0.00    0.00  100.00
12:58:57       4    0.00    0.00    4.12    0.00    0.00    0.00    0.00    0.00    0.00   95.88
12:58:57       5    0.00    0.00    0.00    0.00    0.00    0.00    0.00    0.00    0.00  100.00
12:58:57       6    0.00    0.00    0.00    0.00    0.00    0.00    0.00    0.00    0.00  100.00
12:58:57       7    0.00    0.00    0.00    0.00    0.00    0.00    0.00    0.00    0.00  100.00

12:58:57     CPU    %usr   %nice    %sys %iowait    %irq   %soft  %steal  %guest  %gnice   %idle
12:58:58     all    0.13    0.00    0.63    0.00    0.00    0.00    0.00    0.00    0.00   99.25
12:58:58       0    0.00    0.00    0.00    0.00    0.00    0.00    0.00    0.00    0.00  100.00
12:58:58       1    0.00    0.00    0.00    0.00    0.00    0.00    0.00    0.00    0.00  100.00
12:58:58       2    0.00    0.00    0.00    0.00    0.00    0.00    0.00    0.00    0.00  100.00
12:58:58       3    0.00    0.00    0.00    0.00    0.00    0.00    0.00    0.00    0.00  100.00
12:58:58       4    1.00    0.00    5.00    0.00    0.00    0.00    0.00    0.00    0.00   94.00
12:58:58       5    0.00    0.00    0.00    0.00    0.00    0.00    0.00    0.00    0.00  100.00
12:58:58       6    0.00    0.00    0.00    0.00    0.00    0.00    0.00    0.00    0.00  100.00
12:58:58       7    0.00    0.00    0.00    0.00    0.00    0.00    0.00    0.00    0.00  100.00

12:58:58     CPU    %usr   %nice    %sys %iowait    %irq   %soft  %steal  %guest  %gnice   %idle
12:58:59     all    0.00    0.00    0.38    0.00    0.00    0.00    0.00    0.00    0.00   99.62
12:58:59       0    0.00    0.00    0.00    0.00    0.00    0.00    0.00    0.00    0.00  100.00
12:58:59       1    0.00    0.00    0.00    0.00    0.00    0.00    0.00    0.00    0.00  100.00
12:58:59       2    0.00    0.00    0.00    0.00    0.00    0.00    0.00    0.00    0.00  100.00
12:58:59       3    0.00    0.00    0.00    0.00    0.00    0.00    0.00    0.00    0.00  100.00
12:58:59       4    0.00    0.00    3.12    0.00    0.00    0.00    0.00    0.00    0.00   96.88
12:58:59       5    0.00    0.00    0.00    0.00    0.00    0.00    0.00    0.00    0.00  100.00
12:58:59       6    0.00    0.00    0.00    0.00    0.00    0.00    0.00    0.00    0.00  100.00
12:58:59       7    0.00    0.00    0.00    0.00    0.00    0.00    0.00    0.00    0.00  100.00

12:58:59     CPU    %usr   %nice    %sys %iowait    %irq   %soft  %steal  %guest  %gnice   %idle
12:59:00     all    0.00    0.00    0.38    0.00    0.00    0.00    0.00    0.00    0.00   99.62
12:59:00       0    0.00    0.00    0.00    0.00    0.00    0.00    0.00    0.00    0.00  100.00
12:59:00       1    0.00    0.00    0.00    0.00    0.00    0.00    0.00    0.00    0.00  100.00
12:59:00       2    0.00    0.00    0.00    0.00    0.00    0.00    0.00    0.00    0.00  100.00
12:59:00       3    0.00    0.00    0.00    0.00    0.00    0.00    0.00    0.00    0.00  100.00
12:59:00       4    0.00    0.00    3.09    0.00    0.00    0.00    0.00    0.00    0.00   96.91
12:59:00       5    0.00    0.00    0.00    0.00    0.00    0.00    0.00    0.00    0.00  100.00
12:59:00       6    0.00    0.00    0.00    0.00    0.00    0.00    0.00    0.00    0.00  100.00
12:59:00       7    0.00    0.00    0.00    0.00    0.00    0.00    0.00    0.00    0.00  100.00

12:59:00     CPU    %usr   %nice    %sys %iowait    %irq   %soft  %steal  %guest  %gnice   %idle
12:59:01     all    0.00    0.00    0.63    0.00    0.00    0.00    0.00    0.00    0.00   99.37
12:59:01       0    0.00    0.00    0.00    0.00    0.00    0.00    0.00    0.00    0.00  100.00
12:59:01       1    0.00    0.00    0.00    0.00    0.00    0.00    0.00    0.00    0.00  100.00
12:59:01       2    0.00    0.00    0.00    0.00    0.00    0.00    0.00    0.00    0.00  100.00
12:59:01       3    0.00    0.00    0.00    0.00    0.00    0.00    0.00    0.00    0.00  100.00
12:59:01       4    0.00    0.00    5.10    0.00    0.00    0.00    0.00    0.00    0.00   94.90
12:59:01       5    0.00    0.00    0.00    0.00    0.00    0.00    0.00    0.00    0.00  100.00
12:59:01       6    0.00    0.00    0.00    0.00    0.00    0.00    0.00    0.00    0.00  100.00
12:59:01       7    0.00    0.00    0.00    0.00    0.00    0.00    0.00    0.00    0.00  100.00

12:59:01     CPU    %usr   %nice    %sys %iowait    %irq   %soft  %steal  %guest  %gnice   %idle
12:59:02     all    0.13    0.00    0.38    0.00    0.00    0.00    0.00    0.00    0.00   99.50
12:59:02       0    0.00    0.00    0.00    0.00    0.00    0.00    0.00    0.00    0.00  100.00
12:59:02       1    0.00    0.00    0.00    0.00    0.00    0.00    0.00    0.00    0.00  100.00
12:59:02       2    0.99    0.00    0.00    0.00    0.00    0.00    0.00    0.00    0.00   99.01
12:59:02       3    0.00    0.00    0.00    0.00    0.00    0.00    0.00    0.00    0.00  100.00
12:59:02       4    0.00    0.00    1.02    0.00    0.00    0.00    0.00    0.00    0.00   98.98
12:59:02       5    0.00    0.00    2.04    0.00    0.00    0.00    0.00    0.00    0.00   97.96
12:59:02       6    0.00    0.00    0.00    0.00    0.00    0.00    0.00    0.00    0.00  100.00
12:59:02       7    0.00    0.00    0.00    0.00    0.00    0.00    0.00    0.00    0.00  100.00

12:59:02     CPU    %usr   %nice    %sys %iowait    %irq   %soft  %steal  %guest  %gnice   %idle
12:59:03     all    0.12    0.00    0.75    0.00    0.00    0.12    0.00    0.00    0.00   99.00
12:59:03       0    0.00    0.00    0.00    0.00    0.00    0.00    0.00    0.00    0.00  100.00
12:59:03       1    0.00    0.00    0.00    0.00    0.00    0.00    0.00    0.00    0.00  100.00
12:59:03       2    0.00    0.00    0.00    0.00    0.00    0.00    0.00    0.00    0.00  100.00
12:59:03       3    0.00    0.00    0.00    0.00    0.00    0.00    0.00    0.00    0.00  100.00
12:59:03       4    0.00    0.00    0.00    0.00    0.00    0.00    0.00    0.00    0.00  100.00
12:59:03       5    0.98    0.00    5.88    0.00    0.00    0.98    0.00    0.00    0.00   92.16
12:59:03       6    0.00    0.00    0.00    0.00    0.00    0.00    0.00    0.00    0.00  100.00
12:59:03       7    0.00    0.00    0.00    0.00    0.00    0.00    0.00    0.00    0.00  100.00

12:59:03     CPU    %usr   %nice    %sys %iowait    %irq   %soft  %steal  %guest  %gnice   %idle
12:59:04     all    0.00    0.00    0.38    0.00    0.00    0.00    0.00    0.00    0.00   99.62
12:59:04       0    0.00    0.00    0.00    0.00    0.00    0.00    0.00    0.00    0.00  100.00
12:59:04       1    0.00    0.00    0.00    0.00    0.00    0.00    0.00    0.00    0.00  100.00
12:59:04       2    0.00    0.00    0.00    0.00    0.00    0.00    0.00    0.00    0.00  100.00
12:59:04       3    0.00    0.00    0.00    0.00    0.00    0.00    0.00    0.00    0.00  100.00
12:59:04       4    0.00    0.00    0.00    0.00    0.00    0.00    0.00    0.00    0.00  100.00
12:59:04       5    0.00    0.00    3.12    0.00    0.00    0.00    0.00    0.00    0.00   96.88
12:59:04       6    0.00    0.00    0.00    0.00    0.00    0.00    0.00    0.00    0.00  100.00
12:59:04       7    0.00    0.00    0.00    0.00    0.00    0.00    0.00    0.00    0.00  100.00

12:59:04     CPU    %usr   %nice    %sys %iowait    %irq   %soft  %steal  %guest  %gnice   %idle
12:59:05     all    0.00    0.00    0.63    0.00    0.00    0.00    0.00    0.00    0.00   99.37
12:59:05       0    0.00    0.00    0.00    0.00    0.00    0.00    0.00    0.00    0.00  100.00
12:59:05       1    0.00    0.00    0.00    0.00    0.00    0.00    0.00    0.00    0.00  100.00
12:59:05       2    0.00    0.00    0.00    0.00    0.00    0.00    0.00    0.00    0.00  100.00
12:59:05       3    0.00    0.00    0.00    0.00    0.00    0.00    0.00    0.00    0.00  100.00
12:59:05       4    0.00    0.00    5.05    0.00    0.00    0.00    0.00    0.00    0.00   94.95
12:59:05       5    0.00    0.00    0.00    0.00    0.00    0.00    0.00    0.00    0.00  100.00
12:59:05       6    0.00    0.00    0.00    0.00    0.00    0.00    0.00    0.00    0.00  100.00
12:59:05       7    0.00    0.00    0.00    0.00    0.00    0.00    0.00    0.00    0.00  100.00

12:59:05     CPU    %usr   %nice    %sys %iowait    %irq   %soft  %steal  %guest  %gnice   %idle
12:59:06     all    0.00    0.00    0.50    0.00    0.00    0.13    0.00    0.00    0.00   99.37
12:59:06       0    0.00    0.00    0.00    0.00    0.00    0.00    0.00    0.00    0.00  100.00
12:59:06       1    0.00    0.00    0.00    0.00    0.00    0.00    0.00    0.00    0.00  100.00
12:59:06       2    0.00    0.00    0.00    0.00    0.00    0.00    0.00    0.00    0.00  100.00
12:59:06       3    0.00    0.00    0.00    0.00    0.00    0.00    0.00    0.00    0.00  100.00
12:59:06       4    0.00    0.00    4.08    0.00    0.00    1.02    0.00    0.00    0.00   94.90
12:59:06       5    0.00    0.00    0.00    0.00    0.00    0.00    0.00    0.00    0.00  100.00
12:59:06       6    0.00    0.00    0.00    0.00    0.00    0.00    0.00    0.00    0.00  100.00
12:59:06       7    0.00    0.00    0.00    0.00    0.00    0.00    0.00    0.00    0.00  100.00

12:59:06     CPU    %usr   %nice    %sys %iowait    %irq   %soft  %steal  %guest  %gnice   %idle
12:59:07     all    0.00    0.00    0.63    0.00    0.00    0.00    0.00    0.00    0.00   99.37
12:59:07       0    0.00    0.00    0.00    0.00    0.00    0.00    0.00    0.00    0.00  100.00
12:59:07       1    0.00    0.00    0.00    0.00    0.00    0.00    0.00    0.00    0.00  100.00
12:59:07       2    0.00    0.00    0.00    0.00    0.00    0.00    0.00    0.00    0.00  100.00
12:59:07       3    0.00    0.00    0.00    0.00    0.00    0.00    0.00    0.00    0.00  100.00
12:59:07       4    0.00    0.00    5.05    0.00    0.00    0.00    0.00    0.00    0.00   94.95
12:59:07       5    0.00    0.00    0.00    0.00    0.00    0.00    0.00    0.00    0.00  100.00
12:59:07       6    0.00    0.00    0.00    0.00    0.00    0.00    0.00    0.00    0.00  100.00
12:59:07       7    0.00    0.00    0.00    0.00    0.00    0.00    0.00    0.00    0.00  100.00

12:59:07     CPU    %usr   %nice    %sys %iowait    %irq   %soft  %steal  %guest  %gnice   %idle
12:59:08     all    0.13    0.00    0.63    0.00    0.00    0.00    0.00    0.00    0.00   99.25
12:59:08       0    0.00    0.00    0.00    0.00    0.00    0.00    0.00    0.00    0.00  100.00
12:59:08       1    0.00    0.00    0.00    0.00    0.00    0.00    0.00    0.00    0.00  100.00
12:59:08       2    0.00    0.00    0.00    0.00    0.00    0.00    0.00    0.00    0.00  100.00
12:59:08       3    0.00    0.00    0.00    0.00    0.00    0.00    0.00    0.00    0.00  100.00
12:59:08       4    1.01    0.00    5.05    0.00    0.00    0.00    0.00    0.00    0.00   93.94
12:59:08       5    0.00    0.00    0.00    0.00    0.00    0.00    0.00    0.00    0.00  100.00
12:59:08       6    0.00    0.00    0.00    0.00    0.00    0.00    0.00    0.00    0.00  100.00
12:59:08       7    0.00    0.00    0.00    0.00    0.00    0.00    0.00    0.00    0.00  100.00

12:59:08     CPU    %usr   %nice    %sys %iowait    %irq   %soft  %steal  %guest  %gnice   %idle
12:59:09     all    0.00    0.00    0.25    0.00    0.00    0.00    0.00    0.00    0.00   99.75
12:59:09       0    0.00    0.00    0.00    0.00    0.00    0.00    0.00    0.00    0.00  100.00
12:59:09       1    0.00    0.00    0.00    0.00    0.00    0.00    0.00    0.00    0.00  100.00
12:59:09       2    0.00    0.00    0.00    0.00    0.00    0.00    0.00    0.00    0.00  100.00
12:59:09       3    0.00    0.00    0.00    0.00    0.00    0.00    0.00    0.00    0.00  100.00
12:59:09       4    0.00    0.00    2.08    0.00    0.00    0.00    0.00    0.00    0.00   97.92
12:59:09       5    0.00    0.00    0.00    0.00    0.00    0.00    0.00    0.00    0.00  100.00
12:59:09       6    0.00    0.00    0.00    0.00    0.00    0.00    0.00    0.00    0.00  100.00
12:59:09       7    0.00    0.00    0.00    0.00    0.00    0.00    0.00    0.00    0.00  100.00

12:59:09     CPU    %usr   %nice    %sys %iowait    %irq   %soft  %steal  %guest  %gnice   %idle
12:59:10     all    0.00    0.00    0.75    0.00    0.00    0.00    0.00    0.00    0.00   99.25
12:59:10       0    0.00    0.00    0.00    0.00    0.00    0.00    0.00    0.00    0.00  100.00
12:59:10       1    0.00    0.00    0.00    0.00    0.00    0.00    0.00    0.00    0.00  100.00
12:59:10       2    0.00    0.00    0.00    0.00    0.00    0.00    0.00    0.00    0.00  100.00
12:59:10       3    0.00    0.00    0.00    0.00    0.00    0.00    0.00    0.00    0.00  100.00
12:59:10       4    0.00    0.00    6.06    0.00    0.00    0.00    0.00    0.00    0.00   93.94
12:59:10       5    0.00    0.00    0.00    0.00    0.00    0.00    0.00    0.00    0.00  100.00
12:59:10       6    0.00    0.00    0.00    0.00    0.00    0.00    0.00    0.00    0.00  100.00
12:59:10       7    0.00    0.00    0.00    0.00    0.00    0.00    0.00    0.00    0.00  100.00

12:59:10     CPU    %usr   %nice    %sys %iowait    %irq   %soft  %steal  %guest  %gnice   %idle
12:59:11     all    0.13    0.00    0.38    0.00    0.00    0.00    0.00    0.00    0.00   99.50
12:59:11       0    0.00    0.00    0.00    0.00    0.00    0.00    0.00    0.00    0.00  100.00
12:59:11       1    0.00    0.00    0.00    0.00    0.00    0.00    0.00    0.00    0.00  100.00
12:59:11       2    0.00    0.00    0.00    0.00    0.00    0.00    0.00    0.00    0.00  100.00
12:59:11       3    0.00    0.00    0.00    0.00    0.00    0.00    0.00    0.00    0.00  100.00
12:59:11       4    0.00    0.00    3.12    0.00    0.00    0.00    0.00    0.00    0.00   96.88
12:59:11       5    1.00    0.00    0.00    0.00    0.00    0.00    0.00    0.00    0.00   99.00
12:59:11       6    0.00    0.00    0.00    0.00    0.00    0.00    0.00    0.00    0.00  100.00
12:59:11       7    0.00    0.00    0.00    0.00    0.00    0.00    0.00    0.00    0.00  100.00

12:59:11     CPU    %usr   %nice    %sys %iowait    %irq   %soft  %steal  %guest  %gnice   %idle
12:59:12     all    0.00    0.00    0.50    0.00    0.00    0.00    0.00    0.00    0.00   99.50
12:59:12       0    0.00    0.00    0.00    0.00    0.00    0.00    0.00    0.00    0.00  100.00
12:59:12       1    0.00    0.00    0.00    0.00    0.00    0.00    0.00    0.00    0.00  100.00
12:59:12       2    0.00    0.00    0.00    0.00    0.00    0.00    0.00    0.00    0.00  100.00
12:59:12       3    0.00    0.00    0.00    0.00    0.00    0.00    0.00    0.00    0.00  100.00
12:59:12       4    0.00    0.00    3.00    0.00    0.00    0.00    0.00    0.00    0.00   97.00
12:59:12       5    0.00    0.00    1.02    0.00    0.00    0.00    0.00    0.00    0.00   98.98
12:59:12       6    0.00    0.00    0.00    0.00    0.00    0.00    0.00    0.00    0.00  100.00
12:59:12       7    0.00    0.00    0.00    0.00    0.00    0.00    0.00    0.00    0.00  100.00

12:59:12     CPU    %usr   %nice    %sys %iowait    %irq   %soft  %steal  %guest  %gnice   %idle
12:59:13     all    0.00    0.00    0.50    0.00    0.00    0.00    0.00    0.00    0.00   99.50
12:59:13       0    0.00    0.00    0.00    0.00    0.00    0.00    0.00    0.00    0.00  100.00
12:59:13       1    0.00    0.00    0.00    0.00    0.00    0.00    0.00    0.00    0.00  100.00
12:59:13       2    0.00    0.00    0.00    0.00    0.00    0.00    0.00    0.00    0.00  100.00
12:59:13       3    0.00    0.00    0.99    0.00    0.00    0.00    0.00    0.00    0.00   99.01
12:59:13       4    0.00    0.00    0.00    0.00    0.00    0.00    0.00    0.00    0.00  100.00
12:59:13       5    0.00    0.00    3.12    0.00    0.00    0.00    0.00    0.00    0.00   96.88
12:59:13       6    0.00    0.00    0.00    0.00    0.00    0.00    0.00    0.00    0.00  100.00
12:59:13       7    0.00    0.00    0.00    0.00    0.00    0.00    0.00    0.00    0.00  100.00

12:59:13     CPU    %usr   %nice    %sys %iowait    %irq   %soft  %steal  %guest  %gnice   %idle
12:59:14     all    0.00    0.00    0.63    0.00    0.00    0.00    0.00    0.00    0.00   99.37
12:59:14       0    0.00    0.00    0.99    0.00    0.00    0.00    0.00    0.00    0.00   99.01
12:59:14       1    0.00    0.00    0.00    0.00    0.00    0.00    0.00    0.00    0.00  100.00
12:59:14       2    0.00    0.00    0.00    0.00    0.00    0.00    0.00    0.00    0.00  100.00
12:59:14       3    0.00    0.00    0.00    0.00    0.00    0.00    0.00    0.00    0.00  100.00
12:59:14       4    0.00    0.00    0.00    0.00    0.00    0.00    0.00    0.00    0.00  100.00
12:59:14       5    0.00    0.00    4.08    0.00    0.00    0.00    0.00    0.00    0.00   95.92
12:59:14       6    0.00    0.00    0.00    0.00    0.00    0.00    0.00    0.00    0.00  100.00
12:59:14       7    0.00    0.00    0.00    0.00    0.00    0.00    0.00    0.00    0.00  100.00

12:59:14     CPU    %usr   %nice    %sys %iowait    %irq   %soft  %steal  %guest  %gnice   %idle
12:59:15     all    0.00    0.00    0.50    0.00    0.00    0.13    0.00    0.00    0.00   99.37
12:59:15       0    0.00    0.00    0.00    0.00    0.00    0.00    0.00    0.00    0.00  100.00
12:59:15       1    0.00    0.00    0.00    0.00    0.00    0.00    0.00    0.00    0.00  100.00
12:59:15       2    0.00    0.00    0.00    0.00    0.00    0.00    0.00    0.00    0.00  100.00
12:59:15       3    0.00    0.00    0.00    0.00    0.00    0.00    0.00    0.00    0.00  100.00
12:59:15       4    0.00    0.00    0.00    0.00    0.00    0.00    0.00    0.00    0.00  100.00
12:59:15       5    0.00    0.00    4.08    0.00    0.00    1.02    0.00    0.00    0.00   94.90
12:59:15       6    0.00    0.00    0.00    0.00    0.00    0.00    0.00    0.00    0.00  100.00
12:59:15       7    0.00    0.00    0.00    0.00    0.00    0.00    0.00    0.00    0.00  100.00

12:59:15     CPU    %usr   %nice    %sys %iowait    %irq   %soft  %steal  %guest  %gnice   %idle
12:59:16     all    0.00    0.00    0.38    0.00    0.00    0.00    0.00    0.00    0.00   99.62
12:59:16       0    0.00    0.00    0.00    0.00    0.00    0.00    0.00    0.00    0.00  100.00
12:59:16       1    0.00    0.00    0.00    0.00    0.00    0.00    0.00    0.00    0.00  100.00
12:59:16       2    0.00    0.00    0.00    0.00    0.00    0.00    0.00    0.00    0.00  100.00
12:59:16       3    0.00    0.00    0.00    0.00    0.00    0.00    0.00    0.00    0.00  100.00
12:59:16       4    0.00    0.00    0.00    0.00    0.00    0.00    0.00    0.00    0.00  100.00
12:59:16       5    0.00    0.00    3.09    0.00    0.00    0.00    0.00    0.00    0.00   96.91
12:59:16       6    0.00    0.00    0.00    0.00    0.00    0.00    0.00    0.00    0.00  100.00
12:59:16       7    0.00    0.00    0.00    0.00    0.00    0.00    0.00    0.00    0.00  100.00

12:59:16     CPU    %usr   %nice    %sys %iowait    %irq   %soft  %steal  %guest  %gnice   %idle
12:59:17     all    0.00    0.00    0.50    0.00    0.00    0.00    0.00    0.00    0.00   99.50
12:59:17       0    0.00    0.00    0.00    0.00    0.00    0.00    0.00    0.00    0.00  100.00
12:59:17       1    0.00    0.00    0.00    0.00    0.00    0.00    0.00    0.00    0.00  100.00
12:59:17       2    0.00    0.00    0.00    0.00    0.00    0.00    0.00    0.00    0.00  100.00
12:59:17       3    0.00    0.00    0.00    0.00    0.00    0.00    0.00    0.00    0.00  100.00
12:59:17       4    0.00    0.00    0.00    0.00    0.00    0.00    0.00    0.00    0.00  100.00
12:59:17       5    0.00    0.00    4.12    0.00    0.00    0.00    0.00    0.00    0.00   95.88
12:59:17       6    0.00    0.00    0.00    0.00    0.00    0.00    0.00    0.00    0.00  100.00
12:59:17       7    0.00    0.00    0.00    0.00    0.00    0.00    0.00    0.00    0.00  100.00

12:59:17     CPU    %usr   %nice    %sys %iowait    %irq   %soft  %steal  %guest  %gnice   %idle
12:59:18     all    0.00    0.00    0.38    0.00    0.00    0.00    0.00    0.00    0.00   99.62
12:59:18       0    0.00    0.00    0.00    0.00    0.00    0.00    0.00    0.00    0.00  100.00
12:59:18       1    0.00    0.00    0.00    0.00    0.00    0.00    0.00    0.00    0.00  100.00
12:59:18       2    0.00    0.00    0.00    0.00    0.00    0.00    0.00    0.00    0.00  100.00
12:59:18       3    0.00    0.00    0.00    0.00    0.00    0.00    0.00    0.00    0.00  100.00
12:59:18       4    0.00    0.00    0.00    0.00    0.00    0.00    0.00    0.00    0.00  100.00
12:59:18       5    0.00    0.00    3.12    0.00    0.00    0.00    0.00    0.00    0.00   96.88
12:59:18       6    0.00    0.00    0.00    0.00    0.00    0.00    0.00    0.00    0.00  100.00
12:59:18       7    0.00    0.00    0.00    0.00    0.00    0.00    0.00    0.00    0.00  100.00

12:59:18     CPU    %usr   %nice    %sys %iowait    %irq   %soft  %steal  %guest  %gnice   %idle
12:59:19     all    0.00    0.00    0.50    0.00    0.00    0.00    0.00    0.00    0.00   99.50
12:59:19       0    0.00    0.00    0.00    0.00    0.00    0.00    0.00    0.00    0.00  100.00
12:59:19       1    0.00    0.00    0.00    0.00    0.00    0.00    0.00    0.00    0.00  100.00
12:59:19       2    0.00    0.00    0.00    0.00    0.00    0.00    0.00    0.00    0.00  100.00
12:59:19       3    0.00    0.00    0.00    0.00    0.00    0.00    0.00    0.00    0.00  100.00
12:59:19       4    0.00    0.00    4.12    0.00    0.00    0.00    0.00    0.00    0.00   95.88
12:59:19       5    0.00    0.00    0.00    0.00    0.00    0.00    0.00    0.00    0.00  100.00
12:59:19       6    0.00    0.00    0.00    0.00    0.00    0.00    0.00    0.00    0.00  100.00
12:59:19       7    0.00    0.00    0.00    0.00    0.00    0.00    0.00    0.00    0.00  100.00

12:59:19     CPU    %usr   %nice    %sys %iowait    %irq   %soft  %steal  %guest  %gnice   %idle
12:59:20     all    0.00    0.00    0.50    0.00    0.00    0.00    0.00    0.00    0.00   99.50
12:59:20       0    0.00    0.00    0.00    0.00    0.00    0.00    0.00    0.00    0.00  100.00
12:59:20       1    0.00    0.00    0.00    0.00    0.00    0.00    0.00    0.00    0.00  100.00
12:59:20       2    0.00    0.00    0.00    0.00    0.00    0.00    0.00    0.00    0.00  100.00
12:59:20       3    0.00    0.00    0.00    0.00    0.00    0.00    0.00    0.00    0.00  100.00
12:59:20       4    0.00    0.00    3.09    0.00    0.00    0.00    0.00    0.00    0.00   96.91
12:59:20       5    0.00    0.00    1.01    0.00    0.00    0.00    0.00    0.00    0.00   98.99
12:59:20       6    0.00    0.00    0.00    0.00    0.00    0.00    0.00    0.00    0.00  100.00
12:59:20       7    0.00    0.00    0.00    0.00    0.00    0.00    0.00    0.00    0.00  100.00

12:59:20     CPU    %usr   %nice    %sys %iowait    %irq   %soft  %steal  %guest  %gnice   %idle
12:59:21     all    0.13    0.00    0.50    0.00    0.00    0.00    0.00    0.00    0.00   99.37
12:59:21       0    0.00    0.00    0.00    0.00    0.00    0.00    0.00    0.00    0.00  100.00
12:59:21       1    0.00    0.00    0.00    0.00    0.00    0.00    0.00    0.00    0.00  100.00
12:59:21       2    0.00    0.00    0.00    0.00    0.00    0.00    0.00    0.00    0.00  100.00
12:59:21       3    0.00    0.00    0.00    0.00    0.00    0.00    0.00    0.00    0.00  100.00
12:59:21       4    0.00    0.00    0.00    0.00    0.00    0.00    0.00    0.00    0.00  100.00
12:59:21       5    1.02    0.00    4.08    0.00    0.00    0.00    0.00    0.00    0.00   94.90
12:59:21       6    0.00    0.00    0.00    0.00    0.00    0.00    0.00    0.00    0.00  100.00
12:59:21       7    0.00    0.00    0.00    0.00    0.00    0.00    0.00    0.00    0.00  100.00

12:59:21     CPU    %usr   %nice    %sys %iowait    %irq   %soft  %steal  %guest  %gnice   %idle
12:59:22     all    0.00    0.00    0.63    0.00    0.00    0.00    0.00    0.00    0.00   99.37
12:59:22       0    0.00    0.00    0.00    0.00    0.00    0.00    0.00    0.00    0.00  100.00
12:59:22       1    0.00    0.00    0.00    0.00    0.00    0.00    0.00    0.00    0.00  100.00
12:59:22       2    0.00    0.00    0.00    0.00    0.00    0.00    0.00    0.00    0.00  100.00
12:59:22       3    0.00    0.00    0.00    0.00    0.00    0.00    0.00    0.00    0.00  100.00
12:59:22       4    0.00    0.00    0.00    0.00    0.00    0.00    0.00    0.00    0.00  100.00
12:59:22       5    0.00    0.00    5.05    0.00    0.00    0.00    0.00    0.00    0.00   94.95
12:59:22       6    0.00    0.00    0.00    0.00    0.00    0.00    0.00    0.00    0.00  100.00
12:59:22       7    0.00    0.00    0.00    0.00    0.00    0.00    0.00    0.00    0.00  100.00

12:59:22     CPU    %usr   %nice    %sys %iowait    %irq   %soft  %steal  %guest  %gnice   %idle
12:59:23     all    0.00    0.00    0.63    0.00    0.00    0.00    0.00    0.00    0.00   99.37
12:59:23       0    0.00    0.00    0.00    0.00    0.00    0.00    0.00    0.00    0.00  100.00
12:59:23       1    0.00    0.00    0.00    0.00    0.00    0.00    0.00    0.00    0.00  100.00
12:59:23       2    0.00    0.00    0.00    0.00    0.00    0.00    0.00    0.00    0.00  100.00
12:59:23       3    0.00    0.00    0.00    0.00    0.00    0.00    0.00    0.00    0.00  100.00
12:59:23       4    0.00    0.00    0.00    0.00    0.00    0.00    0.00    0.00    0.00  100.00
12:59:23       5    0.00    0.00    4.12    0.00    0.00    0.00    0.00    0.00    0.00   95.88
12:59:23       6    0.00    0.00    0.99    0.00    0.00    0.00    0.00    0.00    0.00   99.01
12:59:23       7    0.00    0.00    0.00    0.00    0.00    0.00    0.00    0.00    0.00  100.00

12:59:23     CPU    %usr   %nice    %sys %iowait    %irq   %soft  %steal  %guest  %gnice   %idle
12:59:24     all    0.13    0.00    0.50    0.00    0.00    0.00    0.00    0.00    0.00   99.37
12:59:24       0    0.00    0.00    0.00    0.00    0.00    0.00    0.00    0.00    0.00  100.00
12:59:24       1    0.00    0.00    0.00    0.00    0.00    0.00    0.00    0.00    0.00  100.00
12:59:24       2    0.00    0.00    0.00    0.00    0.00    0.00    0.00    0.00    0.00  100.00
12:59:24       3    0.99    0.00    0.00    0.00    0.00    0.00    0.00    0.00    0.00   99.01
12:59:24       4    0.00    0.00    0.00    0.00    0.00    0.00    0.00    0.00    0.00  100.00
12:59:24       5    0.00    0.00    4.08    0.00    0.00    0.00    0.00    0.00    0.00   95.92
12:59:24       6    0.00    0.00    0.00    0.00    0.00    0.00    0.00    0.00    0.00  100.00
12:59:24       7    0.00    0.00    0.00    0.00    0.00    0.00    0.00    0.00    0.00  100.00

12:59:24     CPU    %usr   %nice    %sys %iowait    %irq   %soft  %steal  %guest  %gnice   %idle
12:59:25     all    0.00    0.00    0.38    0.00    0.00    0.00    0.00    0.00    0.00   99.62
12:59:25       0    0.00    0.00    0.00    0.00    0.00    0.00    0.00    0.00    0.00  100.00
12:59:25       1    0.00    0.00    0.00    0.00    0.00    0.00    0.00    0.00    0.00  100.00
12:59:25       2    0.00    0.00    0.00    0.00    0.00    0.00    0.00    0.00    0.00  100.00
12:59:25       3    0.00    0.00    0.00    0.00    0.00    0.00    0.00    0.00    0.00  100.00
12:59:25       4    0.00    0.00    0.00    0.00    0.00    0.00    0.00    0.00    0.00  100.00
12:59:25       5    0.00    0.00    3.12    0.00    0.00    0.00    0.00    0.00    0.00   96.88
12:59:25       6    0.00    0.00    0.00    0.00    0.00    0.00    0.00    0.00    0.00  100.00
12:59:25       7    0.00    0.00    0.00    0.00    0.00    0.00    0.00    0.00    0.00  100.00

12:59:25     CPU    %usr   %nice    %sys %iowait    %irq   %soft  %steal  %guest  %gnice   %idle
12:59:26     all    0.00    0.00    0.75    0.00    0.00    0.00    0.00    0.00    0.00   99.25
12:59:26       0    0.00    0.00    0.00    0.00    0.00    0.00    0.00    0.00    0.00  100.00
12:59:26       1    0.00    0.00    0.00    0.00    0.00    0.00    0.00    0.00    0.00  100.00
12:59:26       2    0.00    0.00    0.00    0.00    0.00    0.00    0.00    0.00    0.00  100.00
12:59:26       3    0.00    0.00    0.99    0.00    0.00    0.00    0.00    0.00    0.00   99.01
12:59:26       4    0.00    0.00    0.00    0.00    0.00    0.00    0.00    0.00    0.00  100.00
12:59:26       5    0.00    0.00    5.05    0.00    0.00    0.00    0.00    0.00    0.00   94.95
12:59:26       6    0.00    0.00    0.00    0.00    0.00    0.00    0.00    0.00    0.00  100.00
12:59:26       7    0.00    0.00    0.00    0.00    0.00    0.00    0.00    0.00    0.00  100.00

12:59:26     CPU    %usr   %nice    %sys %iowait    %irq   %soft  %steal  %guest  %gnice   %idle
12:59:27     all    0.00    0.00    0.25    0.00    0.00    0.00    0.00    0.00    0.00   99.75
12:59:27       0    0.00    0.00    0.00    0.00    0.00    0.00    0.00    0.00    0.00  100.00
12:59:27       1    0.00    0.00    0.00    0.00    0.00    0.00    0.00    0.00    0.00  100.00
12:59:27       2    0.00    0.00    0.00    0.00    0.00    0.00    0.00    0.00    0.00  100.00
12:59:27       3    0.00    0.00    0.00    0.00    0.00    0.00    0.00    0.00    0.00  100.00
12:59:27       4    0.00    0.00    0.00    0.00    0.00    0.00    0.00    0.00    0.00  100.00
12:59:27       5    0.00    0.00    2.11    0.00    0.00    0.00    0.00    0.00    0.00   97.89
12:59:27       6    0.00    0.00    0.00    0.00    0.00    0.00    0.00    0.00    0.00  100.00
12:59:27       7    0.00    0.00    0.00    0.00    0.00    0.00    0.00    0.00    0.00  100.00

12:59:27     CPU    %usr   %nice    %sys %iowait    %irq   %soft  %steal  %guest  %gnice   %idle
12:59:28     all    0.13    0.00    0.50    0.00    0.00    0.13    0.00    0.00    0.00   99.25
12:59:28       0    0.00    0.00    0.00    0.00    0.00    0.00    0.00    0.00    0.00  100.00
12:59:28       1    0.00    0.00    0.00    0.00    0.00    0.00    0.00    0.00    0.00  100.00
12:59:28       2    0.00    0.00    0.00    0.00    0.00    0.00    0.00    0.00    0.00  100.00
12:59:28       3    0.00    0.00    0.00    0.00    0.00    0.00    0.00    0.00    0.00  100.00
12:59:28       4    0.00    0.00    0.00    0.00    0.00    0.00    0.00    0.00    0.00  100.00
12:59:28       5    1.01    0.00    4.04    0.00    0.00    1.01    0.00    0.00    0.00   93.94
12:59:28       6    0.00    0.00    0.00    0.00    0.00    0.00    0.00    0.00    0.00  100.00
12:59:28       7    0.00    0.00    0.00    0.00    0.00    0.00    0.00    0.00    0.00  100.00

12:59:28     CPU    %usr   %nice    %sys %iowait    %irq   %soft  %steal  %guest  %gnice   %idle
12:59:29     all    0.00    0.00    0.63    0.00    0.00    0.00    0.00    0.00    0.00   99.37
12:59:29       0    0.00    0.00    0.00    0.00    0.00    0.00    0.00    0.00    0.00  100.00
12:59:29       1    0.00    0.00    0.00    0.00    0.00    0.00    0.00    0.00    0.00  100.00
12:59:29       2    0.00    0.00    0.00    0.00    0.00    0.00    0.00    0.00    0.00  100.00
12:59:29       3    0.00    0.00    0.00    0.00    0.00    0.00    0.00    0.00    0.00  100.00
12:59:29       4    0.00    0.00    0.00    0.00    0.00    0.00    0.00    0.00    0.00  100.00
12:59:29       5    0.00    0.00    5.05    0.00    0.00    0.00    0.00    0.00    0.00   94.95
12:59:29       6    0.00    0.00    0.00    0.00    0.00    0.00    0.00    0.00    0.00  100.00
12:59:29       7    0.00    0.00    0.00    0.00    0.00    0.00    0.00    0.00    0.00  100.00

12:59:29     CPU    %usr   %nice    %sys %iowait    %irq   %soft  %steal  %guest  %gnice   %idle
12:59:30     all    0.00    0.00    0.38    0.00    0.00    0.00    0.00    0.00    0.00   99.62
12:59:30       0    0.00    0.00    0.00    0.00    0.00    0.00    0.00    0.00    0.00  100.00
12:59:30       1    0.00    0.00    0.00    0.00    0.00    0.00    0.00    0.00    0.00  100.00
12:59:30       2    0.00    0.00    0.00    0.00    0.00    0.00    0.00    0.00    0.00  100.00
12:59:30       3    0.00    0.00    0.00    0.00    0.00    0.00    0.00    0.00    0.00  100.00
12:59:30       4    0.00    0.00    0.00    0.00    0.00    0.00    0.00    0.00    0.00  100.00
12:59:30       5    0.00    0.00    3.12    0.00    0.00    0.00    0.00    0.00    0.00   96.88
12:59:30       6    0.00    0.00    0.00    0.00    0.00    0.00    0.00    0.00    0.00  100.00
12:59:30       7    0.00    0.00    0.00    0.00    0.00    0.00    0.00    0.00    0.00  100.00

12:59:30     CPU    %usr   %nice    %sys %iowait    %irq   %soft  %steal  %guest  %gnice   %idle
12:59:31     all    0.00    0.00    0.75    0.00    0.00    0.00    0.00    0.00    0.00   99.25
12:59:31       0    0.00    0.00    0.00    0.00    0.00    0.00    0.00    0.00    0.00  100.00
12:59:31       1    0.00    0.00    0.00    0.00    0.00    0.00    0.00    0.00    0.00  100.00
12:59:31       2    0.00    0.00    0.00    0.00    0.00    0.00    0.00    0.00    0.00  100.00
12:59:31       3    0.00    0.00    0.00    0.00    0.00    0.00    0.00    0.00    0.00  100.00
12:59:31       4    0.00    0.00    0.00    0.00    0.00    0.00    0.00    0.00    0.00  100.00
12:59:31       5    0.00    0.00    6.00    0.00    0.00    0.00    0.00    0.00    0.00   94.00
12:59:31       6    0.00    0.00    0.00    0.00    0.00    0.00    0.00    0.00    0.00  100.00
12:59:31       7    0.00    0.00    0.00    0.00    0.00    0.00    0.00    0.00    0.00  100.00

12:59:31     CPU    %usr   %nice    %sys %iowait    %irq   %soft  %steal  %guest  %gnice   %idle
12:59:32     all    0.00    0.00    0.38    0.00    0.00    0.00    0.00    0.00    0.00   99.62
12:59:32       0    0.00    0.00    0.00    0.00    0.00    0.00    0.00    0.00    0.00  100.00
12:59:32       1    0.00    0.00    0.00    0.00    0.00    0.00    0.00    0.00    0.00  100.00
12:59:32       2    0.00    0.00    0.00    0.00    0.00    0.00    0.00    0.00    0.00  100.00
12:59:32       3    0.00    0.00    0.00    0.00    0.00    0.00    0.00    0.00    0.00  100.00
12:59:32       4    0.00    0.00    0.00    0.00    0.00    0.00    0.00    0.00    0.00  100.00
12:59:32       5    0.00    0.00    3.12    0.00    0.00    0.00    0.00    0.00    0.00   96.88
12:59:32       6    0.00    0.00    0.00    0.00    0.00    0.00    0.00    0.00    0.00  100.00
12:59:32       7    0.00    0.00    0.00    0.00    0.00    0.00    0.00    0.00    0.00  100.00

12:59:32     CPU    %usr   %nice    %sys %iowait    %irq   %soft  %steal  %guest  %gnice   %idle
12:59:33     all    0.00    0.00    0.50    0.00    0.00    0.00    0.00    0.00    0.00   99.50
12:59:33       0    0.00    0.00    0.00    0.00    0.00    0.00    0.00    0.00    0.00  100.00
12:59:33       1    0.00    0.00    0.00    0.00    0.00    0.00    0.00    0.00    0.00  100.00
12:59:33       2    0.00    0.00    0.00    0.00    0.00    0.00    0.00    0.00    0.00  100.00
12:59:33       3    0.00    0.00    0.00    0.00    0.00    0.00    0.00    0.00    0.00  100.00
12:59:33       4    0.00    0.00    0.00    0.00    0.00    0.00    0.00    0.00    0.00  100.00
12:59:33       5    0.00    0.00    4.08    0.00    0.00    0.00    0.00    0.00    0.00   95.92
12:59:33       6    0.00    0.00    0.00    0.00    0.00    0.00    0.00    0.00    0.00  100.00
12:59:33       7    0.00    0.00    0.00    0.00    0.00    0.00    0.00    0.00    0.00  100.00

12:59:33     CPU    %usr   %nice    %sys %iowait    %irq   %soft  %steal  %guest  %gnice   %idle
12:59:34     all    0.00    0.00    0.38    0.00    0.00    0.00    0.00    0.00    0.00   99.62
12:59:34       0    0.00    0.00    0.00    0.00    0.00    0.00    0.00    0.00    0.00  100.00
12:59:34       1    0.00    0.00    0.00    0.00    0.00    0.00    0.00    0.00    0.00  100.00
12:59:34       2    0.00    0.00    0.00    0.00    0.00    0.00    0.00    0.00    0.00  100.00
12:59:34       3    0.00    0.00    0.00    0.00    0.00    0.00    0.00    0.00    0.00  100.00
12:59:34       4    0.00    0.00    0.00    0.00    0.00    0.00    0.00    0.00    0.00  100.00
12:59:34       5    0.00    0.00    3.12    0.00    0.00    0.00    0.00    0.00    0.00   96.88
12:59:34       6    0.00    0.00    0.00    0.00    0.00    0.00    0.00    0.00    0.00  100.00
12:59:34       7    0.00    0.00    0.00    0.00    0.00    0.00    0.00    0.00    0.00  100.00

12:59:34     CPU    %usr   %nice    %sys %iowait    %irq   %soft  %steal  %guest  %gnice   %idle
12:59:35     all    0.13    0.00    0.63    0.00    0.00    0.00    0.00    0.00    0.00   99.25
12:59:35       0    0.00    0.00    0.00    0.00    0.00    0.00    0.00    0.00    0.00  100.00
12:59:35       1    0.00    0.00    0.99    0.00    0.00    0.00    0.00    0.00    0.00   99.01
12:59:35       2    0.00    0.00    0.00    0.00    0.00    0.00    0.00    0.00    0.00  100.00
12:59:35       3    0.00    0.00    0.00    0.00    0.00    0.00    0.00    0.00    0.00  100.00
12:59:35       4    0.00    0.00    0.00    0.00    0.00    0.00    0.00    0.00    0.00  100.00
12:59:35       5    1.01    0.00    4.04    0.00    0.00    0.00    0.00    0.00    0.00   94.95
12:59:35       6    0.00    0.00    0.00    0.00    0.00    0.00    0.00    0.00    0.00  100.00
12:59:35       7    0.00    0.00    0.00    0.00    0.00    0.00    0.00    0.00    0.00  100.00

12:59:35     CPU    %usr   %nice    %sys %iowait    %irq   %soft  %steal  %guest  %gnice   %idle
12:59:36     all    0.00    0.00    0.38    0.00    0.00    0.00    0.00    0.00    0.00   99.62
12:59:36       0    0.00    0.00    0.00    0.00    0.00    0.00    0.00    0.00    0.00  100.00
12:59:36       1    0.00    0.00    0.00    0.00    0.00    0.00    0.00    0.00    0.00  100.00
12:59:36       2    0.00    0.00    0.00    0.00    0.00    0.00    0.00    0.00    0.00  100.00
12:59:36       3    0.00    0.00    0.00    0.00    0.00    0.00    0.00    0.00    0.00  100.00
12:59:36       4    0.00    0.00    0.00    0.00    0.00    0.00    0.00    0.00    0.00  100.00
12:59:36       5    0.00    0.00    3.12    0.00    0.00    0.00    0.00    0.00    0.00   96.88
12:59:36       6    0.00    0.00    0.00    0.00    0.00    0.00    0.00    0.00    0.00  100.00
12:59:36       7    0.00    0.00    0.00    0.00    0.00    0.00    0.00    0.00    0.00  100.00

12:59:36     CPU    %usr   %nice    %sys %iowait    %irq   %soft  %steal  %guest  %gnice   %idle
12:59:37     all    0.00    0.00    0.38    0.00    0.00    0.00    0.00    0.00    0.00   99.62
12:59:37       0    0.00    0.00    0.00    0.00    0.00    0.00    0.00    0.00    0.00  100.00
12:59:37       1    0.00    0.00    0.00    0.00    0.00    0.00    0.00    0.00    0.00  100.00
12:59:37       2    0.00    0.00    0.00    0.00    0.00    0.00    0.00    0.00    0.00  100.00
12:59:37       3    0.00    0.00    0.00    0.00    0.00    0.00    0.00    0.00    0.00  100.00
12:59:37       4    0.00    0.00    0.00    0.00    0.00    0.00    0.00    0.00    0.00  100.00
12:59:37       5    0.00    0.00    3.12    0.00    0.00    0.00    0.00    0.00    0.00   96.88
12:59:37       6    0.00    0.00    0.00    0.00    0.00    0.00    0.00    0.00    0.00  100.00
12:59:37       7    0.00    0.00    0.00    0.00    0.00    0.00    0.00    0.00    0.00  100.00

12:59:37     CPU    %usr   %nice    %sys %iowait    %irq   %soft  %steal  %guest  %gnice   %idle
12:59:38     all    0.00    0.00    0.63    0.00    0.00    0.00    0.00    0.00    0.00   99.37
12:59:38       0    0.00    0.00    0.00    0.00    0.00    0.00    0.00    0.00    0.00  100.00
12:59:38       1    0.00    0.00    0.00    0.00    0.00    0.00    0.00    0.00    0.00  100.00
12:59:38       2    0.00    0.00    0.00    0.00    0.00    0.00    0.00    0.00    0.00  100.00
12:59:38       3    0.00    0.00    0.00    0.00    0.00    0.00    0.00    0.00    0.00  100.00
12:59:38       4    0.00    0.00    0.00    0.00    0.00    0.00    0.00    0.00    0.00  100.00
12:59:38       5    0.00    0.00    5.00    0.00    0.00    0.00    0.00    0.00    0.00   95.00
12:59:38       6    0.00    0.00    0.00    0.00    0.00    0.00    0.00    0.00    0.00  100.00
12:59:38       7    0.00    0.00    0.00    0.00    0.00    0.00    0.00    0.00    0.00  100.00

12:59:38     CPU    %usr   %nice    %sys %iowait    %irq   %soft  %steal  %guest  %gnice   %idle
12:59:39     all    0.13    0.00    0.38    0.00    0.00    0.13    0.00    0.00    0.00   99.37
12:59:39       0    0.00    0.00    0.00    0.00    0.00    0.00    0.00    0.00    0.00  100.00
12:59:39       1    0.00    0.00    1.02    0.00    0.00    1.02    0.00    0.00    0.00   97.96
12:59:39       2    0.00    0.00    1.00    0.00    0.00    0.00    0.00    0.00    0.00   99.00
12:59:39       3    0.00    0.00    0.00    0.00    0.00    0.00    0.00    0.00    0.00  100.00
12:59:39       4    1.00    0.00    1.00    0.00    0.00    0.00    0.00    0.00    0.00   98.00
12:59:39       5    0.00    0.00    0.00    0.00    0.00    0.00    0.00    0.00    0.00  100.00
12:59:39       6    0.00    0.00    0.00    0.00    0.00    0.00    0.00    0.00    0.00  100.00
12:59:39       7    0.00    0.00    0.00    0.00    0.00    0.00    0.00    0.00    0.00  100.00

12:59:39     CPU    %usr   %nice    %sys %iowait    %irq   %soft  %steal  %guest  %gnice   %idle
12:59:40     all    0.00    0.00    0.50    0.00    0.00    0.00    0.00    0.00    0.00   99.50
12:59:40       0    0.00    0.00    0.00    0.00    0.00    0.00    0.00    0.00    0.00  100.00
12:59:40       1    0.00    0.00    0.00    0.00    0.00    0.00    0.00    0.00    0.00  100.00
12:59:40       2    0.00    0.00    4.08    0.00    0.00    0.00    0.00    0.00    0.00   95.92
12:59:40       3    0.00    0.00    0.00    0.00    0.00    0.00    0.00    0.00    0.00  100.00
12:59:40       4    0.00    0.00    0.00    0.00    0.00    0.00    0.00    0.00    0.00  100.00
12:59:40       5    0.00    0.00    0.00    0.00    0.00    0.00    0.00    0.00    0.00  100.00
12:59:40       6    0.00    0.00    0.00    0.00    0.00    0.00    0.00    0.00    0.00  100.00
12:59:40       7    0.00    0.00    0.00    0.00    0.00    0.00    0.00    0.00    0.00  100.00

12:59:40     CPU    %usr   %nice    %sys %iowait    %irq   %soft  %steal  %guest  %gnice   %idle
12:59:41     all    0.00    0.00    0.50    0.00    0.00    0.00    0.00    0.00    0.00   99.50
12:59:41       0    0.00    0.00    0.00    0.00    0.00    0.00    0.00    0.00    0.00  100.00
12:59:41       1    0.00    0.00    0.00    0.00    0.00    0.00    0.00    0.00    0.00  100.00
12:59:41       2    0.00    0.00    0.00    0.00    0.00    0.00    0.00    0.00    0.00  100.00
12:59:41       3    0.00    0.00    0.99    0.00    0.00    0.00    0.00    0.00    0.00   99.01
12:59:41       4    0.00    0.00    0.00    0.00    0.00    0.00    0.00    0.00    0.00  100.00
12:59:41       5    0.00    0.00    3.09    0.00    0.00    0.00    0.00    0.00    0.00   96.91
12:59:41       6    0.00    0.00    0.00    0.00    0.00    0.00    0.00    0.00    0.00  100.00
12:59:41       7    0.00    0.00    0.00    0.00    0.00    0.00    0.00    0.00    0.00  100.00

12:59:41     CPU    %usr   %nice    %sys %iowait    %irq   %soft  %steal  %guest  %gnice   %idle
12:59:42     all    0.00    0.00    0.63    0.00    0.00    0.13    0.00    0.00    0.00   99.25
12:59:42       0    0.00    0.00    0.00    0.00    0.00    0.00    0.00    0.00    0.00  100.00
12:59:42       1    0.00    0.00    0.00    0.00    0.00    0.00    0.00    0.00    0.00  100.00
12:59:42       2    0.00    0.00    0.00    0.00    0.00    0.00    0.00    0.00    0.00  100.00
12:59:42       3    0.00    0.00    0.00    0.00    0.00    0.00    0.00    0.00    0.00  100.00
12:59:42       4    0.00    0.00    0.00    0.00    0.00    0.00    0.00    0.00    0.00  100.00
12:59:42       5    0.00    0.00    5.05    0.00    0.00    1.01    0.00    0.00    0.00   93.94
12:59:42       6    0.00    0.00    0.00    0.00    0.00    0.00    0.00    0.00    0.00  100.00
12:59:42       7    0.00    0.00    0.00    0.00    0.00    0.00    0.00    0.00    0.00  100.00

12:59:42     CPU    %usr   %nice    %sys %iowait    %irq   %soft  %steal  %guest  %gnice   %idle
12:59:43     all    0.00    0.00    0.50    0.00    0.00    0.00    0.00    0.00    0.00   99.50
12:59:43       0    0.00    0.00    0.00    0.00    0.00    0.00    0.00    0.00    0.00  100.00
12:59:43       1    0.00    0.00    0.00    0.00    0.00    0.00    0.00    0.00    0.00  100.00
12:59:43       2    0.00    0.00    0.00    0.00    0.00    0.00    0.00    0.00    0.00  100.00
12:59:43       3    0.00    0.00    0.00    0.00    0.00    0.00    0.00    0.00    0.00  100.00
12:59:43       4    0.00    0.00    0.00    0.00    0.00    0.00    0.00    0.00    0.00  100.00
12:59:43       5    0.00    0.00    4.08    0.00    0.00    0.00    0.00    0.00    0.00   95.92
12:59:43       6    0.00    0.00    0.00    0.00    0.00    0.00    0.00    0.00    0.00  100.00
12:59:43       7    0.00    0.00    0.00    0.00    0.00    0.00    0.00    0.00    0.00  100.00

12:59:43     CPU    %usr   %nice    %sys %iowait    %irq   %soft  %steal  %guest  %gnice   %idle
12:59:44     all    0.00    0.00    0.25    0.00    0.00    0.00    0.00    0.00    0.00   99.75
12:59:44       0    0.00    0.00    0.00    0.00    0.00    0.00    0.00    0.00    0.00  100.00
12:59:44       1    0.00    0.00    0.00    0.00    0.00    0.00    0.00    0.00    0.00  100.00
12:59:44       2    0.00    0.00    0.00    0.00    0.00    0.00    0.00    0.00    0.00  100.00
12:59:44       3    0.00    0.00    0.00    0.00    0.00    0.00    0.00    0.00    0.00  100.00
12:59:44       4    0.00    0.00    0.00    0.00    0.00    0.00    0.00    0.00    0.00  100.00
12:59:44       5    0.00    0.00    2.11    0.00    0.00    0.00    0.00    0.00    0.00   97.89
12:59:44       6    0.00    0.00    0.00    0.00    0.00    0.00    0.00    0.00    0.00  100.00
12:59:44       7    0.00    0.00    0.00    0.00    0.00    0.00    0.00    0.00    0.00  100.00

Average:     CPU    %usr   %nice    %sys %iowait    %irq   %soft  %steal  %guest  %gnice   %idle
Average:     all    0.11    0.00    0.50    2.99    0.00    0.02    0.00    0.00    0.00   96.38
Average:       0    0.19    0.00    0.13    0.33    0.00    0.00    0.00    0.00    0.00   99.36
Average:       1    0.00    0.00    0.10    2.78    0.00    0.01    0.00    0.00    0.00   97.11
Average:       2    0.01    0.00    0.27    0.00    0.00    0.01    0.00    0.00    0.00   99.70
Average:       3    0.39    0.00    0.20    9.07    0.00    0.03    0.00    0.00    0.00   90.31
Average:       4    0.19    0.00    1.43    8.68    0.00    0.04    0.00    0.00    0.00   89.65
Average:       5    0.07    0.00    1.82    3.14    0.00    0.07    0.00    0.00    0.00   94.89
Average:       6    0.00    0.00    0.04    0.00    0.00    0.00    0.00    0.00    0.00   99.96
Average:       7    0.00    0.00    0.03    0.00    0.00    0.00    0.00    0.00    0.00   99.97
