Device            r/s     rkB/s   rrqm/s  %rrqm r_await rareq-sz     w/s     wkB/s   wrqm/s  %wrqm w_await wareq-sz     d/s     dkB/s   drqm/s  %drqm d_await dareq-sz     f/s f_await  aqu-sz  %util
md0            434.36   6750.92     0.00   0.00    4.98    15.54  215.72   5796.44     0.00   0.00    9.10    26.87    0.00      0.00     0.00   0.00    0.00     0.00    0.00    0.00    4.13   7.81
nvme11n1        79.31   3924.16    12.49  13.61    3.33    49.48   76.07   4630.87    27.85  26.80    5.32    60.88    0.00      0.00     0.00   0.00    0.00     0.00    0.00    0.00    0.67   5.57
nvme12n1       103.07   4124.04    12.99  11.19    1.86    40.01   47.10   1448.75     6.44  12.03    3.84    30.76    0.00      0.00     0.00   0.00    0.00     0.00    0.00    0.00    0.37   6.07
nvme15n1        78.84   3930.01    12.98  14.14    2.86    49.85   74.85   4631.12    28.41  27.51    3.59    61.87    0.00      0.00     0.00   0.00    0.00     0.00    0.00    0.00    0.49   5.43
nvme2n1        103.70   4130.27    12.63  10.86    2.64    39.83   48.20   1450.22     6.26  11.49    7.03    30.09    0.00      0.00     0.00   0.00    0.00     0.00    0.00    0.00    0.61   6.01
nvme3n1         79.32   3925.94    12.53  13.64    3.70    49.49   74.43   4632.59    29.75  28.56    5.69    62.24    0.00      0.00     0.00   0.00    0.00     0.00    0.00    0.00    0.72   5.56
nvme5n1        102.69   4124.30    13.41  11.55    6.01    40.16   47.16   1448.99     6.41  11.97   11.78    30.73    0.00      0.00     0.00   0.00    0.00     0.00    0.00    0.00    1.17   6.30
nvme8n1         78.58   3931.18    13.39  14.56    8.31    50.03   75.26   4631.36    28.04  27.14    8.56    61.54    0.00      0.00     0.00   0.00    0.00     0.00    0.00    0.00    1.30   5.70
nvme9n1        103.90   4133.21    12.60  10.82    2.16    39.78   47.95   1448.51     6.25  11.53    6.53    30.21    0.00      0.00     0.00   0.00    0.00     0.00    0.00    0.00    0.54   6.21
Device            r/s     rkB/s   rrqm/s  %rrqm r_await rareq-sz     w/s     wkB/s   wrqm/s  %wrqm w_await wareq-sz     d/s     dkB/s   drqm/s  %drqm d_await dareq-sz     f/s f_await  aqu-sz  %util
Device            r/s     rkB/s   rrqm/s  %rrqm r_await rareq-sz     w/s     wkB/s   wrqm/s  %wrqm w_await wareq-sz     d/s     dkB/s   drqm/s  %drqm d_await dareq-sz     f/s f_await  aqu-sz  %util
Device            r/s     rkB/s   rrqm/s  %rrqm r_await rareq-sz     w/s     wkB/s   wrqm/s  %wrqm w_await wareq-sz     d/s     dkB/s   drqm/s  %drqm d_await dareq-sz     f/s f_await  aqu-sz  %util
md0              0.00      0.00     0.00   0.00    0.00     0.00 10989.00 680192.00     0.00   0.00    1.94    61.90    0.00      0.00     0.00   0.00    0.00     0.00    0.00    0.00   21.34  62.40
nvme11n1         0.00      0.00     0.00   0.00    0.00     0.00 1738.00 171008.50  1032.00  37.26    1.98    98.39    0.00      0.00     0.00   0.00    0.00     0.00    0.00    0.00    3.44  37.00
nvme12n1         0.00      0.00     0.00   0.00    0.00     0.00 1784.00 168960.50   951.00  34.77    1.69    94.71    0.00      0.00     0.00   0.00    0.00     0.00    0.00    0.00    3.01  38.30
nvme15n1         0.00      0.00     0.00   0.00    0.00     0.00 1786.00 168960.50   949.00  34.70    1.68    94.60    0.00      0.00     0.00   0.00    0.00     0.00    0.00    0.00    3.00  38.50
nvme2n1          0.00      0.00     0.00   0.00    0.00     0.00 1733.00 171328.50  1040.00  37.50    2.05    98.86    0.00      0.00     0.00   0.00    0.00     0.00    0.00    0.00    3.55  37.50
nvme3n1          0.00      0.00     0.00   0.00    0.00     0.00 1731.00 171136.50  1040.00  37.53    1.96    98.87    0.00      0.00     0.00   0.00    0.00     0.00    0.00    0.00    3.40  37.00
nvme5n1          0.00      0.00     0.00   0.00    0.00     0.00 1793.00 168960.50   943.00  34.47    1.67    94.23    0.00      0.00     0.00   0.00    0.00     0.00    0.00    0.00    2.99  36.60
nvme8n1          0.00      0.00     0.00   0.00    0.00     0.00 1784.00 168960.50   952.00  34.80    1.68    94.71    0.00      0.00     0.00   0.00    0.00     0.00    0.00    0.00    3.00  37.30
nvme9n1          0.00      0.00     0.00   0.00    0.00     0.00 1736.00 171136.50  1035.00  37.35    1.97    98.58    0.00      0.00     0.00   0.00    0.00     0.00    0.00    0.00    3.42  36.60
Device            r/s     rkB/s   rrqm/s  %rrqm r_await rareq-sz     w/s     wkB/s   wrqm/s  %wrqm w_await wareq-sz     d/s     dkB/s   drqm/s  %drqm d_await dareq-sz     f/s f_await  aqu-sz  %util
md0              0.00      0.00     0.00   0.00    0.00     0.00 9932.00 635648.00     0.00   0.00    3.93    64.00    0.00      0.00     0.00   0.00    0.00     0.00    0.00    0.00   39.03 100.00
nvme11n1         0.00      0.00     0.00   0.00    0.00     0.00 1677.00 158208.00   794.00  32.13    6.02    94.34    0.00      0.00     0.00   0.00    0.00     0.00    0.00    0.00   10.09  89.90
nvme12n1         0.00      0.00     0.00   0.00    0.00     0.00 1537.00 159744.00   959.00  38.42    1.76   103.93    0.00      0.00     0.00   0.00    0.00     0.00    0.00    0.00    2.70  27.40
nvme15n1         0.00      0.00     0.00   0.00    0.00     0.00 1534.00 159744.00   962.00  38.54    1.77   104.14    0.00      0.00     0.00   0.00    0.00     0.00    0.00    0.00    2.71  28.20
nvme2n1          0.00      0.00     0.00   0.00    0.00     0.00 1671.00 157888.00   797.00  32.29    5.94    94.49    0.00      0.00     0.00   0.00    0.00     0.00    0.00    0.00    9.92  89.20
nvme3n1          0.00      0.00     0.00   0.00    0.00     0.00 1675.00 158080.00   795.00  32.19    5.95    94.38    0.00      0.00     0.00   0.00    0.00     0.00    0.00    0.00    9.97  89.60
nvme5n1          0.00      0.00     0.00   0.00    0.00     0.00 1542.00 159744.00   954.00  38.22    1.75   103.60    0.00      0.00     0.00   0.00    0.00     0.00    0.00    0.00    2.69  26.30
nvme8n1          0.00      0.00     0.00   0.00    0.00     0.00 1540.00 159744.00   956.00  38.30    1.75   103.73    0.00      0.00     0.00   0.00    0.00     0.00    0.00    0.00    2.70  26.50
nvme9n1          0.00      0.00     0.00   0.00    0.00     0.00 1683.00 158080.00   787.00  31.86    6.07    93.93    0.00      0.00     0.00   0.00    0.00     0.00    0.00    0.00   10.21  89.80
Device            r/s     rkB/s   rrqm/s  %rrqm r_await rareq-sz     w/s     wkB/s   wrqm/s  %wrqm w_await wareq-sz     d/s     dkB/s   drqm/s  %drqm d_await dareq-sz     f/s f_await  aqu-sz  %util
md0              0.00      0.00     0.00   0.00    0.00     0.00 7917.00 506688.00     0.00   0.00    4.85    64.00    0.00      0.00     0.00   0.00    0.00     0.00    0.00    0.00   38.43 100.00
nvme11n1         0.00      0.00     0.00   0.00    0.00     0.00 1401.00 126464.00   566.00  28.77    7.56    90.27    0.00      0.00     0.00   0.00    0.00     0.00    0.00    0.00   10.60  93.80
nvme12n1         0.00      0.00     0.00   0.00    0.00     0.00 1200.00 126976.00   784.00  39.52    1.77   105.81    0.00      0.00     0.00   0.00    0.00     0.00    0.00    0.00    2.13  22.60
nvme15n1         0.00      0.00     0.00   0.00    0.00     0.00 1196.00 126656.00   785.00  39.63    1.89   105.90    0.00      0.00     0.00   0.00    0.00     0.00    0.00    0.00    2.26  23.00
nvme2n1          0.00      0.00     0.00   0.00    0.00     0.00 1399.00 126464.00   568.00  28.88    7.53    90.40    0.00      0.00     0.00   0.00    0.00     0.00    0.00    0.00   10.54  94.00
nvme3n1          0.00      0.00     0.00   0.00    0.00     0.00 1400.00 126464.00   567.00  28.83    7.47    90.33    0.00      0.00     0.00   0.00    0.00     0.00    0.00    0.00   10.46  93.80
nvme5n1          0.00      0.00     0.00   0.00    0.00     0.00 1201.00 126976.00   783.00  39.47    1.76   105.73    0.00      0.00     0.00   0.00    0.00     0.00    0.00    0.00    2.12  21.50
nvme8n1          0.00      0.00     0.00   0.00    0.00     0.00 1201.00 126976.00   783.00  39.47    1.76   105.73    0.00      0.00     0.00   0.00    0.00     0.00    0.00    0.00    2.12  21.70
nvme9n1          0.00      0.00     0.00   0.00    0.00     0.00 1401.00 126464.00   566.00  28.77    7.64    90.27    0.00      0.00     0.00   0.00    0.00     0.00    0.00    0.00   10.70  93.70
Device            r/s     rkB/s   rrqm/s  %rrqm r_await rareq-sz     w/s     wkB/s   wrqm/s  %wrqm w_await wareq-sz     d/s     dkB/s   drqm/s  %drqm d_await dareq-sz     f/s f_await  aqu-sz  %util
md0              0.00      0.00     0.00   0.00    0.00     0.00 7956.00 509184.00     0.00   0.00    4.79    64.00    0.00      0.00     0.00   0.00    0.00     0.00    0.00    0.00   38.13 100.10
nvme11n1         0.00      0.00     0.00   0.00    0.00     0.00 1431.00 129728.00   596.00  29.40    7.40    90.66    0.00      0.00     0.00   0.00    0.00     0.00    0.00    0.00   10.59  94.00
nvme12n1         0.00      0.00     0.00   0.00    0.00     0.00 1199.00 124864.00   760.00  38.80    1.77   104.14    0.00      0.00     0.00   0.00    0.00     0.00    0.00    0.00    2.12  22.10
nvme15n1         0.00      0.00     0.00   0.00    0.00     0.00 1201.00 125056.00   760.00  38.76    1.66   104.13    0.00      0.00     0.00   0.00    0.00     0.00    0.00    0.00    1.99  21.90
nvme2n1          0.00      0.00     0.00   0.00    0.00     0.00 1434.00 129792.00   595.00  29.32    7.35    90.51    0.00      0.00     0.00   0.00    0.00     0.00    0.00    0.00   10.54  94.50
nvme3n1          0.00      0.00     0.00   0.00    0.00     0.00 1433.00 129728.00   595.00  29.34    7.31    90.53    0.00      0.00     0.00   0.00    0.00     0.00    0.00    0.00   10.47  94.40
nvme5n1          0.00      0.00     0.00   0.00    0.00     0.00 1202.00 124864.00   759.00  38.70    1.75   103.88    0.00      0.00     0.00   0.00    0.00     0.00    0.00    0.00    2.10  20.70
nvme8n1          0.00      0.00     0.00   0.00    0.00     0.00 1200.00 124864.00   761.00  38.81    1.76   104.05    0.00      0.00     0.00   0.00    0.00     0.00    0.00    0.00    2.11  21.00
nvme9n1          0.00      0.00     0.00   0.00    0.00     0.00 1432.00 129728.00   595.00  29.35    7.47    90.59    0.00      0.00     0.00   0.00    0.00     0.00    0.00    0.00   10.70  94.30
Device            r/s     rkB/s   rrqm/s  %rrqm r_await rareq-sz     w/s     wkB/s   wrqm/s  %wrqm w_await wareq-sz     d/s     dkB/s   drqm/s  %drqm d_await dareq-sz     f/s f_await  aqu-sz  %util
md0              0.00      0.00     0.00   0.00    0.00     0.00 8071.00 516544.00     0.00   0.00    4.70    64.00    0.00      0.00     0.00   0.00    0.00     0.00    0.00    0.00   37.91  99.90
nvme11n1         0.00      0.00     0.00   0.00    0.00     0.00 1409.00 128000.00   594.00  29.66    7.47    90.84    0.00      0.00     0.00   0.00    0.00     0.00    0.00    0.00   10.53  93.20
nvme12n1         0.00      0.00     0.00   0.00    0.00     0.00 1284.00 130112.00   741.00  36.59    1.74   101.33    0.00      0.00     0.00   0.00    0.00     0.00    0.00    0.00    2.23  23.20
nvme15n1         0.00      0.00     0.00   0.00    0.00     0.00 1283.00 130240.00   743.00  36.67    1.74   101.51    0.00      0.00     0.00   0.00    0.00     0.00    0.00    0.00    2.23  23.20
nvme2n1          0.00      0.00     0.00   0.00    0.00     0.00 1409.00 128064.00   593.00  29.62    7.44    90.89    0.00      0.00     0.00   0.00    0.00     0.00    0.00    0.00   10.48  93.20
nvme3n1          0.00      0.00     0.00   0.00    0.00     0.00 1411.00 128128.00   592.00  29.56    7.38    90.81    0.00      0.00     0.00   0.00    0.00     0.00    0.00    0.00   10.42  93.50
nvme5n1          0.00      0.00     0.00   0.00    0.00     0.00 1286.00 130112.00   737.00  36.43    1.72   101.18    0.00      0.00     0.00   0.00    0.00     0.00    0.00    0.00    2.22  22.00
nvme8n1          0.00      0.00     0.00   0.00    0.00     0.00 1284.00 130112.00   739.00  36.53    1.73   101.33    0.00      0.00     0.00   0.00    0.00     0.00    0.00    0.00    2.23  22.30
nvme9n1          0.00      0.00     0.00   0.00    0.00     0.00 1410.00 128000.00   593.00  29.61    7.54    90.78    0.00      0.00     0.00   0.00    0.00     0.00    0.00    0.00   10.63  93.40
Device            r/s     rkB/s   rrqm/s  %rrqm r_await rareq-sz     w/s     wkB/s   wrqm/s  %wrqm w_await wareq-sz     d/s     dkB/s   drqm/s  %drqm d_await dareq-sz     f/s f_await  aqu-sz  %util
md0              0.00      0.00     0.00   0.00    0.00     0.00 7989.00 511296.00     0.00   0.00    4.88    64.00    0.00      0.00     0.00   0.00    0.00     0.00    0.00    0.00   38.95 100.10
nvme11n1         0.00      0.00     0.00   0.00    0.00     0.00 1387.00 128192.00   612.00  30.62    7.67    92.42    0.00      0.00     0.00   0.00    0.00     0.00    0.00    0.00   10.63  94.00
nvme12n1         0.00      0.00     0.00   0.00    0.00     0.00 1245.00 127680.00   758.00  37.84    1.75   102.55    0.00      0.00     0.00   0.00    0.00     0.00    0.00    0.00    2.17  22.60
nvme15n1         0.00      0.00     0.00   0.00    0.00     0.00 1242.00 127616.00   759.00  37.93    1.76   102.75    0.00      0.00     0.00   0.00    0.00     0.00    0.00    0.00    2.18  22.70
nvme2n1          0.00      0.00     0.00   0.00    0.00     0.00 1389.00 128064.00   609.00  30.48    7.58    92.20    0.00      0.00     0.00   0.00    0.00     0.00    0.00    0.00   10.53  94.00
nvme3n1          0.00      0.00     0.00   0.00    0.00     0.00 1384.00 127936.00   613.00  30.70    7.58    92.44    0.00      0.00     0.00   0.00    0.00     0.00    0.00    0.00   10.49  94.00
nvme5n1          0.00      0.00     0.00   0.00    0.00     0.00 1247.00 127680.00   756.00  37.74    1.74   102.39    0.00      0.00     0.00   0.00    0.00     0.00    0.00    0.00    2.17  22.00
nvme8n1          0.00      0.00     0.00   0.00    0.00     0.00 1243.00 127616.00   759.00  37.91    1.74   102.67    0.00      0.00     0.00   0.00    0.00     0.00    0.00    0.00    2.17  22.40
nvme9n1          0.00      0.00     0.00   0.00    0.00     0.00 1386.00 128192.00   613.00  30.67    7.75    92.49    0.00      0.00     0.00   0.00    0.00     0.00    0.00    0.00   10.74  93.90
Device            r/s     rkB/s   rrqm/s  %rrqm r_await rareq-sz     w/s     wkB/s   wrqm/s  %wrqm w_await wareq-sz     d/s     dkB/s   drqm/s  %drqm d_await dareq-sz     f/s f_await  aqu-sz  %util
md0              0.00      0.00     0.00   0.00    0.00     0.00 7887.00 504768.00     0.00   0.00    4.87    64.00    0.00      0.00     0.00   0.00    0.00     0.00    0.00    0.00   38.40  99.90
nvme11n1         0.00      0.00     0.00   0.00    0.00     0.00 1390.00 128000.00   616.00  30.71    7.63    92.09    0.00      0.00     0.00   0.00    0.00     0.00    0.00    0.00   10.61  93.90
nvme12n1         0.00      0.00     0.00   0.00    0.00     0.00 1180.00 124224.00   754.00  38.99    1.77   105.27    0.00      0.00     0.00   0.00    0.00     0.00    0.00    0.00    2.09  21.50
nvme15n1         0.00      0.00     0.00   0.00    0.00     0.00 1179.00 124288.00   757.00  39.10    1.77   105.42    0.00      0.00     0.00   0.00    0.00     0.00    0.00    0.00    2.09  21.90
nvme2n1          0.00      0.00     0.00   0.00    0.00     0.00 1388.00 128000.00   618.00  30.81    7.59    92.22    0.00      0.00     0.00   0.00    0.00     0.00    0.00    0.00   10.53  93.70
nvme3n1          0.00      0.00     0.00   0.00    0.00     0.00 1390.00 128128.00   617.00  30.74    7.55    92.18    0.00      0.00     0.00   0.00    0.00     0.00    0.00    0.00   10.49  93.90
nvme5n1          0.00      0.00     0.00   0.00    0.00     0.00 1183.00 124224.00   751.00  38.83    1.76   105.01    0.00      0.00     0.00   0.00    0.00     0.00    0.00    0.00    2.08  20.40
nvme8n1          0.00      0.00     0.00   0.00    0.00     0.00 1183.00 124288.00   752.00  38.86    1.76   105.06    0.00      0.00     0.00   0.00    0.00     0.00    0.00    0.00    2.08  20.70
nvme9n1          0.00      0.00     0.00   0.00    0.00     0.00 1388.00 128000.00   618.00  30.81    7.72    92.22    0.00      0.00     0.00   0.00    0.00     0.00    0.00    0.00   10.71  93.70
Device            r/s     rkB/s   rrqm/s  %rrqm r_await rareq-sz     w/s     wkB/s   wrqm/s  %wrqm w_await wareq-sz     d/s     dkB/s   drqm/s  %drqm d_await dareq-sz     f/s f_await  aqu-sz  %util
md0              0.00      0.00     0.00   0.00    0.00     0.00 10522.00 527240.00     0.00   0.00    3.63    50.11    0.00      0.00     0.00   0.00    0.00     0.00    0.00    0.00   38.18 100.10
nvme11n1         0.00      0.00     0.00   0.00    0.00     0.00 2847.00 127176.00   277.00   8.87    4.34    44.67    0.00      0.00     0.00   0.00    0.00     0.00    0.00    0.00   12.35  96.80
nvme12n1         0.00      0.00     0.00   0.00    0.00     0.00 1705.00 136448.00   427.00  20.03    1.61    80.03    0.00      0.00     0.00   0.00    0.00     0.00    0.00    0.00    2.75  52.40
nvme15n1         0.00      0.00     0.00   0.00    0.00     0.00 1707.00 136512.00   426.00  19.97    1.62    79.97    0.00      0.00     0.00   0.00    0.00     0.00    0.00    0.00    2.76  52.60
nvme2n1          0.00      0.00     0.00   0.00    0.00     0.00 2844.00 127168.00   276.00   8.85    4.25    44.71    0.00      0.00     0.00   0.00    0.00     0.00    0.00    0.00   12.07  97.00
nvme3n1          0.00      0.00     0.00   0.00    0.00     0.00 2844.00 127168.00   276.00   8.85    4.20    44.71    0.00      0.00     0.00   0.00    0.00     0.00    0.00    0.00   11.94  97.10
nvme5n1          0.00      0.00     0.00   0.00    0.00     0.00 1714.00 136512.00   419.00  19.64    1.60    79.65    0.00      0.00     0.00   0.00    0.00     0.00    0.00    0.00    2.75  51.90
nvme8n1          0.00      0.00     0.00   0.00    0.00     0.00 1714.00 136448.00   418.00  19.61    1.60    79.61    0.00      0.00     0.00   0.00    0.00     0.00    0.00    0.00    2.75  52.20
nvme9n1          0.00      0.00     0.00   0.00    0.00     0.00 2847.00 127176.00   277.00   8.87    4.40    44.67    0.00      0.00     0.00   0.00    0.00     0.00    0.00    0.00   12.54  97.00
Device            r/s     rkB/s   rrqm/s  %rrqm r_await rareq-sz     w/s     wkB/s   wrqm/s  %wrqm w_await wareq-sz     d/s     dkB/s   drqm/s  %drqm d_await dareq-sz     f/s f_await  aqu-sz  %util
md0              0.00      0.00     0.00   0.00    0.00     0.00 10896.00 509352.00     0.00   0.00    3.60    46.75    0.00      0.00     0.00   0.00    0.00     0.00    0.00    0.00   39.26 100.00
nvme11n1         0.00      0.00     0.00   0.00    0.00     0.00 2204.00 126712.00    51.00   2.26    3.10    57.49    0.00      0.00     0.00   0.00    0.00     0.00    0.00    0.00    6.83  71.00
nvme12n1         0.00      0.00     0.00   0.00    0.00     0.00 3177.00 128080.00    22.00   0.69    3.51    40.31    0.00      0.00     0.00   0.00    0.00     0.00    0.00    0.00   11.16  83.40
nvme15n1         0.00      0.00     0.00   0.00    0.00     0.00 3175.00 127960.00    22.00   0.69    3.46    40.30    0.00      0.00     0.00   0.00    0.00     0.00    0.00    0.00   10.97  83.60
nvme2n1          0.00      0.00     0.00   0.00    0.00     0.00 2206.00 126592.00    42.00   1.87    3.08    57.39    0.00      0.00     0.00   0.00    0.00     0.00    0.00    0.00    6.78  70.40
nvme3n1          0.00      0.00     0.00   0.00    0.00     0.00 2204.00 126592.00    44.00   1.96    3.07    57.44    0.00      0.00     0.00   0.00    0.00     0.00    0.00    0.00    6.77  70.40
nvme5n1          0.00      0.00     0.00   0.00    0.00     0.00 3169.00 127992.00    26.00   0.81    3.43    40.39    0.00      0.00     0.00   0.00    0.00     0.00    0.00    0.00   10.87  83.20
nvme8n1          0.00      0.00     0.00   0.00    0.00     0.00 3167.00 128056.00    29.00   0.91    3.36    40.43    0.00      0.00     0.00   0.00    0.00     0.00    0.00    0.00   10.65  84.10
nvme9n1          0.00      0.00     0.00   0.00    0.00     0.00 2209.00 126712.00    46.00   2.04    3.13    57.36    0.00      0.00     0.00   0.00    0.00     0.00    0.00    0.00    6.92  70.90
Device            r/s     rkB/s   rrqm/s  %rrqm r_await rareq-sz     w/s     wkB/s   wrqm/s  %wrqm w_await wareq-sz     d/s     dkB/s   drqm/s  %drqm d_await dareq-sz     f/s f_await  aqu-sz  %util
md0              0.00      0.00     0.00   0.00    0.00     0.00 7721.00 341980.00     0.00   0.00    4.75    44.29    0.00      0.00     0.00   0.00    0.00     0.00    0.00    0.00   36.71  66.40
nvme11n1         0.00      0.00     0.00   0.00    0.00     0.00 1554.00  87232.00    42.00   2.63    6.53    56.13    0.00      0.00     0.00   0.00    0.00     0.00    0.00    0.00   10.15  64.40
nvme12n1         0.00      0.00     0.00   0.00    0.00     0.00 2210.00  83644.00    54.00   2.39    3.25    37.85    0.00      0.00     0.00   0.00    0.00     0.00    0.00    0.00    7.18  56.40
nvme15n1         0.00      0.00     0.00   0.00    0.00     0.00 2207.00  83700.00    58.00   2.56    3.22    37.92    0.00      0.00     0.00   0.00    0.00     0.00    0.00    0.00    7.10  56.40
nvme2n1          0.00      0.00     0.00   0.00    0.00     0.00 1566.00  87360.00    34.00   2.12    6.41    55.79    0.00      0.00     0.00   0.00    0.00     0.00    0.00    0.00   10.04  64.30
nvme3n1          0.00      0.00     0.00   0.00    0.00     0.00 1565.00  87360.00    35.00   2.19    6.41    55.82    0.00      0.00     0.00   0.00    0.00     0.00    0.00    0.00   10.03  64.20
nvme5n1          0.00      0.00     0.00   0.00    0.00     0.00 2204.00  83656.00    55.00   2.43    3.11    37.96    0.00      0.00     0.00   0.00    0.00     0.00    0.00    0.00    6.84  56.80
nvme8n1          0.00      0.00     0.00   0.00    0.00     0.00 2197.00  83656.00    62.00   2.74    3.09    38.08    0.00      0.00     0.00   0.00    0.00     0.00    0.00    0.00    6.79  56.50
nvme9n1          0.00      0.00     0.00   0.00    0.00     0.00 1556.00  87232.00    40.00   2.51    6.59    56.06    0.00      0.00     0.00   0.00    0.00     0.00    0.00    0.00   10.25  64.40
Device            r/s     rkB/s   rrqm/s  %rrqm r_await rareq-sz     w/s     wkB/s   wrqm/s  %wrqm w_await wareq-sz     d/s     dkB/s   drqm/s  %drqm d_await dareq-sz     f/s f_await  aqu-sz  %util
md0           1630.00  13040.00     0.00   0.00    0.59     8.00    0.00      0.00     0.00   0.00    0.00     0.00    0.00      0.00     0.00   0.00    0.00     0.00    0.00    0.00    0.96  96.00
nvme11n1         0.00      0.00     0.00   0.00    0.00     0.00    1.00      0.50     0.00   0.00    0.00     0.50    0.00      0.00     0.00   0.00    0.00     0.00    0.00    0.00    0.00   0.00
nvme12n1       414.00   3312.00     0.00   0.00    0.58     8.00    1.00      0.50     0.00   0.00    1.00     0.50    0.00      0.00     0.00   0.00    0.00     0.00    0.00    0.00    0.24  24.90
nvme15n1         0.00      0.00     0.00   0.00    0.00     0.00    1.00      0.50     0.00   0.00    1.00     0.50    0.00      0.00     0.00   0.00    0.00     0.00    0.00    0.00    0.00   0.00
nvme2n1        392.00   3136.00     0.00   0.00    0.59     8.00    1.00      0.50     0.00   0.00    1.00     0.50    0.00      0.00     0.00   0.00    0.00     0.00    0.00    0.00    0.23  23.40
nvme3n1          0.00      0.00     0.00   0.00    0.00     0.00    1.00      0.50     0.00   0.00    0.00     0.50    0.00      0.00     0.00   0.00    0.00     0.00    0.00    0.00    0.00   0.00
nvme5n1        415.00   3320.00     0.00   0.00    0.60     8.00    1.00      0.50     0.00   0.00    1.00     0.50    0.00      0.00     0.00   0.00    0.00     0.00    0.00    0.00    0.25  24.20
nvme8n1          0.00      0.00     0.00   0.00    0.00     0.00    1.00      0.50     0.00   0.00    0.00     0.50    0.00      0.00     0.00   0.00    0.00     0.00    0.00    0.00    0.00   0.00
nvme9n1        409.00   3272.00     0.00   0.00    0.59     8.00    1.00      0.50     0.00   0.00    1.00     0.50    0.00      0.00     0.00   0.00    0.00     0.00    0.00    0.00    0.24  23.40
Device            r/s     rkB/s   rrqm/s  %rrqm r_await rareq-sz     w/s     wkB/s   wrqm/s  %wrqm w_await wareq-sz     d/s     dkB/s   drqm/s  %drqm d_await dareq-sz     f/s f_await  aqu-sz  %util
md0           1693.00  13544.00     0.00   0.00    0.59     8.00    0.00      0.00     0.00   0.00    0.00     0.00    0.00      0.00     0.00   0.00    0.00     0.00    0.00    0.00    0.99  99.30
nvme12n1       421.00   3368.00     0.00   0.00    0.58     8.00    0.00      0.00     0.00   0.00    0.00     0.00    0.00      0.00     0.00   0.00    0.00     0.00    0.00    0.00    0.25  23.60
nvme2n1        448.00   3584.00     0.00   0.00    0.59     8.00    0.00      0.00     0.00   0.00    0.00     0.00    0.00      0.00     0.00   0.00    0.00     0.00    0.00    0.00    0.26  26.30
nvme5n1        424.00   3400.00     0.00   0.00    0.59     8.02    0.00      0.00     0.00   0.00    0.00     0.00    0.00      0.00     0.00   0.00    0.00     0.00    0.00    0.00    0.25  25.60
nvme9n1        400.00   3200.00     0.00   0.00    0.59     8.00    0.00      0.00     0.00   0.00    0.00     0.00    0.00      0.00     0.00   0.00    0.00     0.00    0.00    0.00    0.24  23.80
Device            r/s     rkB/s   rrqm/s  %rrqm r_await rareq-sz     w/s     wkB/s   wrqm/s  %wrqm w_await wareq-sz     d/s     dkB/s   drqm/s  %drqm d_await dareq-sz     f/s f_await  aqu-sz  %util
md0           1695.00  13560.00     0.00   0.00    0.58     8.00    0.00      0.00     0.00   0.00    0.00     0.00    0.00      0.00     0.00   0.00    0.00     0.00    0.00    0.00    0.99  99.10
nvme12n1       415.00   3320.00     0.00   0.00    0.59     8.00    0.00      0.00     0.00   0.00    0.00     0.00    0.00      0.00     0.00   0.00    0.00     0.00    0.00    0.00    0.24  25.80
nvme2n1        427.00   3416.00     0.00   0.00    0.59     8.00    0.00      0.00     0.00   0.00    0.00     0.00    0.00      0.00     0.00   0.00    0.00     0.00    0.00    0.00    0.25  26.20
nvme5n1        413.00   3296.00     0.00   0.00    0.58     7.98    0.00      0.00     0.00   0.00    0.00     0.00    0.00      0.00     0.00   0.00    0.00     0.00    0.00    0.00    0.24  23.20
nvme9n1        441.00   3528.00     0.00   0.00    0.59     8.00    0.00      0.00     0.00   0.00    0.00     0.00    0.00      0.00     0.00   0.00    0.00     0.00    0.00    0.00    0.26  23.90
Device            r/s     rkB/s   rrqm/s  %rrqm r_await rareq-sz     w/s     wkB/s   wrqm/s  %wrqm w_await wareq-sz     d/s     dkB/s   drqm/s  %drqm d_await dareq-sz     f/s f_await  aqu-sz  %util
md0           1698.00  13584.00     0.00   0.00    0.58     8.00    0.00      0.00     0.00   0.00    0.00     0.00    0.00      0.00     0.00   0.00    0.00     0.00    0.00    0.00    0.99  99.10
nvme12n1       422.00   3376.00     0.00   0.00    0.58     8.00    0.00      0.00     0.00   0.00    0.00     0.00    0.00      0.00     0.00   0.00    0.00     0.00    0.00    0.00    0.25  25.10
nvme2n1        455.00   3640.00     0.00   0.00    0.59     8.00    0.00      0.00     0.00   0.00    0.00     0.00    0.00      0.00     0.00   0.00    0.00     0.00    0.00    0.00    0.27  25.50
nvme5n1        418.00   3344.00     0.00   0.00    0.58     8.00    0.00      0.00     0.00   0.00    0.00     0.00    0.00      0.00     0.00   0.00    0.00     0.00    0.00    0.00    0.24  25.80
nvme9n1        402.00   3216.00     0.00   0.00    0.59     8.00    0.00      0.00     0.00   0.00    0.00     0.00    0.00      0.00     0.00   0.00    0.00     0.00    0.00    0.00    0.24  22.60
Device            r/s     rkB/s   rrqm/s  %rrqm r_await rareq-sz     w/s     wkB/s   wrqm/s  %wrqm w_await wareq-sz     d/s     dkB/s   drqm/s  %drqm d_await dareq-sz     f/s f_await  aqu-sz  %util
md0           1689.00  13512.00     0.00   0.00    0.58     8.00    0.00      0.00     0.00   0.00    0.00     0.00    0.00      0.00     0.00   0.00    0.00     0.00    0.00    0.00    0.99  98.80
nvme12n1       406.00   3248.00     0.00   0.00    0.58     8.00    0.00      0.00     0.00   0.00    0.00     0.00    0.00      0.00     0.00   0.00    0.00     0.00    0.00    0.00    0.24  25.20
nvme2n1        422.00   3376.00     0.00   0.00    0.59     8.00    0.00      0.00     0.00   0.00    0.00     0.00    0.00      0.00     0.00   0.00    0.00     0.00    0.00    0.00    0.25  22.80
nvme5n1        434.00   3472.00     0.00   0.00    0.59     8.00    0.00      0.00     0.00   0.00    0.00     0.00    0.00      0.00     0.00   0.00    0.00     0.00    0.00    0.00    0.26  26.60
nvme9n1        427.00   3416.00     0.00   0.00    0.59     8.00    0.00      0.00     0.00   0.00    0.00     0.00    0.00      0.00     0.00   0.00    0.00     0.00    0.00    0.00    0.25  24.20
Device            r/s     rkB/s   rrqm/s  %rrqm r_await rareq-sz     w/s     wkB/s   wrqm/s  %wrqm w_await wareq-sz     d/s     dkB/s   drqm/s  %drqm d_await dareq-sz     f/s f_await  aqu-sz  %util
md0           1690.00  13520.00     0.00   0.00    0.59     8.00    0.00      0.00     0.00   0.00    0.00     0.00    0.00      0.00     0.00   0.00    0.00     0.00    0.00    0.00    0.99  99.40
nvme12n1       401.00   3208.00     0.00   0.00    0.59     8.00    0.00      0.00     0.00   0.00    0.00     0.00    0.00      0.00     0.00   0.00    0.00     0.00    0.00    0.00    0.23  25.90
nvme2n1        416.00   3328.00     0.00   0.00    0.59     8.00    0.00      0.00     0.00   0.00    0.00     0.00    0.00      0.00     0.00   0.00    0.00     0.00    0.00    0.00    0.25  25.20
nvme5n1        432.00   3456.00     0.00   0.00    0.59     8.00    0.00      0.00     0.00   0.00    0.00     0.00    0.00      0.00     0.00   0.00    0.00     0.00    0.00    0.00    0.25  24.30
nvme9n1        441.00   3528.00     0.00   0.00    0.59     8.00    0.00      0.00     0.00   0.00    0.00     0.00    0.00      0.00     0.00   0.00    0.00     0.00    0.00    0.00    0.26  24.00
Device            r/s     rkB/s   rrqm/s  %rrqm r_await rareq-sz     w/s     wkB/s   wrqm/s  %wrqm w_await wareq-sz     d/s     dkB/s   drqm/s  %drqm d_await dareq-sz     f/s f_await  aqu-sz  %util
md0           1676.00  13408.00     0.00   0.00    0.59     8.00    0.00      0.00     0.00   0.00    0.00     0.00    0.00      0.00     0.00   0.00    0.00     0.00    0.00    0.00    0.99  98.80
nvme12n1       391.00   3128.00     0.00   0.00    0.59     8.00    0.00      0.00     0.00   0.00    0.00     0.00    0.00      0.00     0.00   0.00    0.00     0.00    0.00    0.00    0.23  22.60
nvme2n1        423.00   3384.00     0.00   0.00    0.59     8.00    0.00      0.00     0.00   0.00    0.00     0.00    0.00      0.00     0.00   0.00    0.00     0.00    0.00    0.00    0.25  25.50
nvme5n1        403.00   3224.00     0.00   0.00    0.61     8.00    0.00      0.00     0.00   0.00    0.00     0.00    0.00      0.00     0.00   0.00    0.00     0.00    0.00    0.00    0.25  24.80
nvme9n1        459.00   3672.00     0.00   0.00    0.59     8.00    0.00      0.00     0.00   0.00    0.00     0.00    0.00      0.00     0.00   0.00    0.00     0.00    0.00    0.00    0.27  25.80
Device            r/s     rkB/s   rrqm/s  %rrqm r_await rareq-sz     w/s     wkB/s   wrqm/s  %wrqm w_await wareq-sz     d/s     dkB/s   drqm/s  %drqm d_await dareq-sz     f/s f_await  aqu-sz  %util
md0           1692.00  13536.00     0.00   0.00    0.59     8.00    0.00      0.00     0.00   0.00    0.00     0.00    0.00      0.00     0.00   0.00    0.00     0.00    0.00    0.00    0.99  99.40
nvme12n1       422.00   3376.00     0.00   0.00    0.59     8.00    0.00      0.00     0.00   0.00    0.00     0.00    0.00      0.00     0.00   0.00    0.00     0.00    0.00    0.00    0.25  23.30
nvme2n1        407.00   3256.00     0.00   0.00    0.59     8.00    0.00      0.00     0.00   0.00    0.00     0.00    0.00      0.00     0.00   0.00    0.00     0.00    0.00    0.00    0.24  24.10
nvme5n1        393.00   3144.00     0.00   0.00    0.59     8.00    0.00      0.00     0.00   0.00    0.00     0.00    0.00      0.00     0.00   0.00    0.00     0.00    0.00    0.00    0.23  23.90
nvme9n1        470.00   3760.00     0.00   0.00    0.59     8.00    0.00      0.00     0.00   0.00    0.00     0.00    0.00      0.00     0.00   0.00    0.00     0.00    0.00    0.00    0.28  28.10
Device            r/s     rkB/s   rrqm/s  %rrqm r_await rareq-sz     w/s     wkB/s   wrqm/s  %wrqm w_await wareq-sz     d/s     dkB/s   drqm/s  %drqm d_await dareq-sz     f/s f_await  aqu-sz  %util
md0           1681.00  13448.00     0.00   0.00    0.59     8.00    0.00      0.00     0.00   0.00    0.00     0.00    0.00      0.00     0.00   0.00    0.00     0.00    0.00    0.00    0.99  99.40
nvme12n1       410.00   3280.00     0.00   0.00    0.59     8.00    0.00      0.00     0.00   0.00    0.00     0.00    0.00      0.00     0.00   0.00    0.00     0.00    0.00    0.00    0.24  23.80
nvme2n1        422.00   3376.00     0.00   0.00    0.59     8.00    0.00      0.00     0.00   0.00    0.00     0.00    0.00      0.00     0.00   0.00    0.00     0.00    0.00    0.00    0.25  24.00
nvme5n1        447.00   3576.00     0.00   0.00    0.60     8.00    0.00      0.00     0.00   0.00    0.00     0.00    0.00      0.00     0.00   0.00    0.00     0.00    0.00    0.00    0.27  26.30
nvme9n1        402.00   3216.00     0.00   0.00    0.59     8.00    0.00      0.00     0.00   0.00    0.00     0.00    0.00      0.00     0.00   0.00    0.00     0.00    0.00    0.00    0.24  25.30
Device            r/s     rkB/s   rrqm/s  %rrqm r_await rareq-sz     w/s     wkB/s   wrqm/s  %wrqm w_await wareq-sz     d/s     dkB/s   drqm/s  %drqm d_await dareq-sz     f/s f_await  aqu-sz  %util
md0           1687.00  13496.00     0.00   0.00    0.59     8.00    0.00      0.00     0.00   0.00    0.00     0.00    0.00      0.00     0.00   0.00    0.00     0.00    0.00    0.00    0.99  99.30
nvme12n1       410.00   3280.00     0.00   0.00    0.59     8.00    0.00      0.00     0.00   0.00    0.00     0.00    0.00      0.00     0.00   0.00    0.00     0.00    0.00    0.00    0.24  24.50
nvme2n1        429.00   3432.00     0.00   0.00    0.59     8.00    0.00      0.00     0.00   0.00    0.00     0.00    0.00      0.00     0.00   0.00    0.00     0.00    0.00    0.00    0.25  24.70
nvme5n1        415.00   3320.00     0.00   0.00    0.59     8.00    0.00      0.00     0.00   0.00    0.00     0.00    0.00      0.00     0.00   0.00    0.00     0.00    0.00    0.00    0.25  24.90
nvme9n1        433.00   3464.00     0.00   0.00    0.59     8.00    0.00      0.00     0.00   0.00    0.00     0.00    0.00      0.00     0.00   0.00    0.00     0.00    0.00    0.00    0.26  25.10
Device            r/s     rkB/s   rrqm/s  %rrqm r_await rareq-sz     w/s     wkB/s   wrqm/s  %wrqm w_await wareq-sz     d/s     dkB/s   drqm/s  %drqm d_await dareq-sz     f/s f_await  aqu-sz  %util
md0           1681.00  13448.00     0.00   0.00    0.59     8.00    0.00      0.00     0.00   0.00    0.00     0.00    0.00      0.00     0.00   0.00    0.00     0.00    0.00    0.00    0.99  99.30
nvme12n1       429.00   3432.00     0.00   0.00    0.58     8.00    0.00      0.00     0.00   0.00    0.00     0.00    0.00      0.00     0.00   0.00    0.00     0.00    0.00    0.00    0.25  25.90
nvme2n1        424.00   3392.00     0.00   0.00    0.59     8.00    0.00      0.00     0.00   0.00    0.00     0.00    0.00      0.00     0.00   0.00    0.00     0.00    0.00    0.00    0.25  24.40
nvme5n1        436.00   3488.00     0.00   0.00    0.60     8.00    0.00      0.00     0.00   0.00    0.00     0.00    0.00      0.00     0.00   0.00    0.00     0.00    0.00    0.00    0.26  24.90
nvme9n1        392.00   3136.00     0.00   0.00    0.59     8.00    0.00      0.00     0.00   0.00    0.00     0.00    0.00      0.00     0.00   0.00    0.00     0.00    0.00    0.00    0.23  24.00
Device            r/s     rkB/s   rrqm/s  %rrqm r_await rareq-sz     w/s     wkB/s   wrqm/s  %wrqm w_await wareq-sz     d/s     dkB/s   drqm/s  %drqm d_await dareq-sz     f/s f_await  aqu-sz  %util
md0           1664.00  13312.00     0.00   0.00    0.60     8.00    0.00      0.00     0.00   0.00    0.00     0.00    0.00      0.00     0.00   0.00    0.00     0.00    0.00    0.00    0.99  99.40
nvme12n1       392.00   3136.00     0.00   0.00    0.59     8.00    0.00      0.00     0.00   0.00    0.00     0.00    0.00      0.00     0.00   0.00    0.00     0.00    0.00    0.00    0.23  21.60
nvme2n1        386.00   3088.00     0.00   0.00    0.59     8.00    0.00      0.00     0.00   0.00    0.00     0.00    0.00      0.00     0.00   0.00    0.00     0.00    0.00    0.00    0.23  23.40
nvme5n1        433.00   3464.00     0.00   0.00    0.63     8.00    0.00      0.00     0.00   0.00    0.00     0.00    0.00      0.00     0.00   0.00    0.00     0.00    0.00    0.00    0.27  27.30
nvme9n1        453.00   3624.00     0.00   0.00    0.59     8.00    0.00      0.00     0.00   0.00    0.00     0.00    0.00      0.00     0.00   0.00    0.00     0.00    0.00    0.00    0.27  26.90
Device            r/s     rkB/s   rrqm/s  %rrqm r_await rareq-sz     w/s     wkB/s   wrqm/s  %wrqm w_await wareq-sz     d/s     dkB/s   drqm/s  %drqm d_await dareq-sz     f/s f_await  aqu-sz  %util
md0           1682.00  13456.00     0.00   0.00    0.59     8.00    0.00      0.00     0.00   0.00    0.00     0.00    0.00      0.00     0.00   0.00    0.00     0.00    0.00    0.00    0.99  99.40
nvme12n1       436.00   3488.00     0.00   0.00    0.58     8.00    0.00      0.00     0.00   0.00    0.00     0.00    0.00      0.00     0.00   0.00    0.00     0.00    0.00    0.00    0.25  26.20
nvme2n1        432.00   3456.00     0.00   0.00    0.59     8.00    0.00      0.00     0.00   0.00    0.00     0.00    0.00      0.00     0.00   0.00    0.00     0.00    0.00    0.00    0.25  24.30
nvme5n1        401.00   3208.00     0.00   0.00    0.60     8.00    0.00      0.00     0.00   0.00    0.00     0.00    0.00      0.00     0.00   0.00    0.00     0.00    0.00    0.00    0.24  24.30
nvme9n1        413.00   3304.00     0.00   0.00    0.59     8.00    0.00      0.00     0.00   0.00    0.00     0.00    0.00      0.00     0.00   0.00    0.00     0.00    0.00    0.00    0.24  24.50
Device            r/s     rkB/s   rrqm/s  %rrqm r_await rareq-sz     w/s     wkB/s   wrqm/s  %wrqm w_await wareq-sz     d/s     dkB/s   drqm/s  %drqm d_await dareq-sz     f/s f_await  aqu-sz  %util
md0           1691.00  13528.00     0.00   0.00    0.59     8.00    0.00      0.00     0.00   0.00    0.00     0.00    0.00      0.00     0.00   0.00    0.00     0.00    0.00    0.00    0.99  99.40
nvme12n1       434.00   3472.00     0.00   0.00    0.59     8.00    0.00      0.00     0.00   0.00    0.00     0.00    0.00      0.00     0.00   0.00    0.00     0.00    0.00    0.00    0.25  26.40
nvme2n1        396.00   3168.00     0.00   0.00    0.59     8.00    0.00      0.00     0.00   0.00    0.00     0.00    0.00      0.00     0.00   0.00    0.00     0.00    0.00    0.00    0.23  21.70
nvme5n1        399.00   3192.00     0.00   0.00    0.59     8.00    0.00      0.00     0.00   0.00    0.00     0.00    0.00      0.00     0.00   0.00    0.00     0.00    0.00    0.00    0.23  25.30
nvme9n1        462.00   3696.00     0.00   0.00    0.59     8.00    0.00      0.00     0.00   0.00    0.00     0.00    0.00      0.00     0.00   0.00    0.00     0.00    0.00    0.00    0.27  26.00
Device            r/s     rkB/s   rrqm/s  %rrqm r_await rareq-sz     w/s     wkB/s   wrqm/s  %wrqm w_await wareq-sz     d/s     dkB/s   drqm/s  %drqm d_await dareq-sz     f/s f_await  aqu-sz  %util
md0           1683.00  13464.00     0.00   0.00    0.59     8.00   13.00     64.00     0.00   0.00    1.00     4.92    0.00      0.00     0.00   0.00    0.00     0.00    0.00    0.00    1.00  98.90
nvme11n1         0.00      0.00     0.00   0.00    0.00     0.00    2.00      1.00     0.00   0.00    1.00     0.50    0.00      0.00     0.00   0.00    0.00     0.00    0.00    0.00    0.00   0.00
nvme12n1       426.00   3408.00     0.00   0.00    0.59     8.00    3.00      5.00     0.00   0.00    0.67     1.67    0.00      0.00     0.00   0.00    0.00     0.00    0.00    0.00    0.25  23.90
nvme15n1         1.00      8.00     0.00   0.00    1.00     8.00    3.00      5.00     0.00   0.00    0.67     1.67    0.00      0.00     0.00   0.00    0.00     0.00    0.00    0.00    0.00   0.10
nvme2n1        414.00   3312.00     0.00   0.00    0.59     8.00   12.00     45.00     1.00   7.69    0.67     3.75    0.00      0.00     0.00   0.00    0.00     0.00    0.00    0.00    0.25  24.70
nvme3n1          0.00      0.00     0.00   0.00    0.00     0.00   12.00     45.00     1.00   7.69    0.67     3.75    0.00      0.00     0.00   0.00    0.00     0.00    0.00    0.00    0.01   0.10
nvme5n1        404.00   3232.00     0.00   0.00    0.60     8.00    3.00     17.00     0.00   0.00    0.67     5.67    0.00      0.00     0.00   0.00    0.00     0.00    0.00    0.00    0.24  23.50
nvme8n1          0.00      0.00     0.00   0.00    0.00     0.00    3.00     17.00     0.00   0.00    1.00     5.67    0.00      0.00     0.00   0.00    0.00     0.00    0.00    0.00    0.00   0.10
nvme9n1        438.00   3504.00     0.00   0.00    0.59     8.00    2.00      1.00     0.00   0.00    0.50     0.50    0.00      0.00     0.00   0.00    0.00     0.00    0.00    0.00    0.26  26.80
Device            r/s     rkB/s   rrqm/s  %rrqm r_await rareq-sz     w/s     wkB/s   wrqm/s  %wrqm w_await wareq-sz     d/s     dkB/s   drqm/s  %drqm d_await dareq-sz     f/s f_await  aqu-sz  %util
md0           1693.00  13544.00     0.00   0.00    0.59     8.00    0.00      0.00     0.00   0.00    0.00     0.00    0.00      0.00     0.00   0.00    0.00     0.00    0.00    0.00    0.99  99.20
nvme12n1       435.00   3480.00     0.00   0.00    0.59     8.00    0.00      0.00     0.00   0.00    0.00     0.00    0.00      0.00     0.00   0.00    0.00     0.00    0.00    0.00    0.25  25.10
nvme2n1        428.00   3424.00     0.00   0.00    0.59     8.00    0.00      0.00     0.00   0.00    0.00     0.00    0.00      0.00     0.00   0.00    0.00     0.00    0.00    0.00    0.25  25.30
nvme5n1        444.00   3552.00     0.00   0.00    0.59     8.00    0.00      0.00     0.00   0.00    0.00     0.00    0.00      0.00     0.00   0.00    0.00     0.00    0.00    0.00    0.26  26.00
nvme9n1        386.00   3088.00     0.00   0.00    0.59     8.00    0.00      0.00     0.00   0.00    0.00     0.00    0.00      0.00     0.00   0.00    0.00     0.00    0.00    0.00    0.23  22.80
Device            r/s     rkB/s   rrqm/s  %rrqm r_await rareq-sz     w/s     wkB/s   wrqm/s  %wrqm w_await wareq-sz     d/s     dkB/s   drqm/s  %drqm d_await dareq-sz     f/s f_await  aqu-sz  %util
md0           1685.00  13480.00     0.00   0.00    0.59     8.00    0.00      0.00     0.00   0.00    0.00     0.00    0.00      0.00     0.00   0.00    0.00     0.00    0.00    0.00    0.99  99.10
nvme12n1       412.00   3296.00     0.00   0.00    0.59     8.00    0.00      0.00     0.00   0.00    0.00     0.00    0.00      0.00     0.00   0.00    0.00     0.00    0.00    0.00    0.24  24.80
nvme2n1        421.00   3368.00     0.00   0.00    0.59     8.00    0.00      0.00     0.00   0.00    0.00     0.00    0.00      0.00     0.00   0.00    0.00     0.00    0.00    0.00    0.25  23.90
nvme5n1        407.00   3256.00     0.00   0.00    0.60     8.00    0.00      0.00     0.00   0.00    0.00     0.00    0.00      0.00     0.00   0.00    0.00     0.00    0.00    0.00    0.24  24.80
nvme9n1        445.00   3560.00     0.00   0.00    0.59     8.00    0.00      0.00     0.00   0.00    0.00     0.00    0.00      0.00     0.00   0.00    0.00     0.00    0.00    0.00    0.26  25.70
Device            r/s     rkB/s   rrqm/s  %rrqm r_await rareq-sz     w/s     wkB/s   wrqm/s  %wrqm w_await wareq-sz     d/s     dkB/s   drqm/s  %drqm d_await dareq-sz     f/s f_await  aqu-sz  %util
md0           1687.00  13496.00     0.00   0.00    0.59     8.00    0.00      0.00     0.00   0.00    0.00     0.00    0.00      0.00     0.00   0.00    0.00     0.00    0.00    0.00    0.99  99.50
nvme12n1       431.00   3448.00     0.00   0.00    0.58     8.00    0.00      0.00     0.00   0.00    0.00     0.00    0.00      0.00     0.00   0.00    0.00     0.00    0.00    0.00    0.25  25.30
nvme2n1        407.00   3256.00     0.00   0.00    0.59     8.00    0.00      0.00     0.00   0.00    0.00     0.00    0.00      0.00     0.00   0.00    0.00     0.00    0.00    0.00    0.24  23.20
nvme5n1        408.00   3264.00     0.00   0.00    0.60     8.00    0.00      0.00     0.00   0.00    0.00     0.00    0.00      0.00     0.00   0.00    0.00     0.00    0.00    0.00    0.25  24.40
nvme9n1        441.00   3528.00     0.00   0.00    0.59     8.00    0.00      0.00     0.00   0.00    0.00     0.00    0.00      0.00     0.00   0.00    0.00     0.00    0.00    0.00    0.26  26.60
Device            r/s     rkB/s   rrqm/s  %rrqm r_await rareq-sz     w/s     wkB/s   wrqm/s  %wrqm w_await wareq-sz     d/s     dkB/s   drqm/s  %drqm d_await dareq-sz     f/s f_await  aqu-sz  %util
md0           1687.00  13496.00     0.00   0.00    0.59     8.00    0.00      0.00     0.00   0.00    0.00     0.00    0.00      0.00     0.00   0.00    0.00     0.00    0.00    0.00    0.99  99.50
nvme12n1       425.00   3400.00     0.00   0.00    0.58     8.00    0.00      0.00     0.00   0.00    0.00     0.00    0.00      0.00     0.00   0.00    0.00     0.00    0.00    0.00    0.25  25.30
nvme2n1        426.00   3408.00     0.00   0.00    0.59     8.00    0.00      0.00     0.00   0.00    0.00     0.00    0.00      0.00     0.00   0.00    0.00     0.00    0.00    0.00    0.25  24.70
nvme5n1        431.00   3448.00     0.00   0.00    0.59     8.00    0.00      0.00     0.00   0.00    0.00     0.00    0.00      0.00     0.00   0.00    0.00     0.00    0.00    0.00    0.26  24.60
nvme9n1        405.00   3240.00     0.00   0.00    0.59     8.00    0.00      0.00     0.00   0.00    0.00     0.00    0.00      0.00     0.00   0.00    0.00     0.00    0.00    0.00    0.24  24.90
Device            r/s     rkB/s   rrqm/s  %rrqm r_await rareq-sz     w/s     wkB/s   wrqm/s  %wrqm w_await wareq-sz     d/s     dkB/s   drqm/s  %drqm d_await dareq-sz     f/s f_await  aqu-sz  %util
md0           1691.00  13528.00     0.00   0.00    0.59     8.00    0.00      0.00     0.00   0.00    0.00     0.00    0.00      0.00     0.00   0.00    0.00     0.00    0.00    0.00    0.99  99.40
nvme12n1       442.00   3536.00     0.00   0.00    0.59     8.00    0.00      0.00     0.00   0.00    0.00     0.00    0.00      0.00     0.00   0.00    0.00     0.00    0.00    0.00    0.26  25.80
nvme2n1        426.00   3408.00     0.00   0.00    0.59     8.00    0.00      0.00     0.00   0.00    0.00     0.00    0.00      0.00     0.00   0.00    0.00     0.00    0.00    0.00    0.25  24.90
nvme5n1        421.00   3368.00     0.00   0.00    0.59     8.00    0.00      0.00     0.00   0.00    0.00     0.00    0.00      0.00     0.00   0.00    0.00     0.00    0.00    0.00    0.25  24.60
nvme9n1        402.00   3216.00     0.00   0.00    0.59     8.00    0.00      0.00     0.00   0.00    0.00     0.00    0.00      0.00     0.00   0.00    0.00     0.00    0.00    0.00    0.24  24.00
Device            r/s     rkB/s   rrqm/s  %rrqm r_await rareq-sz     w/s     wkB/s   wrqm/s  %wrqm w_await wareq-sz     d/s     dkB/s   drqm/s  %drqm d_await dareq-sz     f/s f_await  aqu-sz  %util
md0           1692.00  13536.00     0.00   0.00    0.59     8.00    0.00      0.00     0.00   0.00    0.00     0.00    0.00      0.00     0.00   0.00    0.00     0.00    0.00    0.00    0.99  99.30
nvme12n1       422.00   3376.00     0.00   0.00    0.58     8.00    0.00      0.00     0.00   0.00    0.00     0.00    0.00      0.00     0.00   0.00    0.00     0.00    0.00    0.00    0.25  24.90
nvme2n1        423.00   3384.00     0.00   0.00    0.59     8.00    0.00      0.00     0.00   0.00    0.00     0.00    0.00      0.00     0.00   0.00    0.00     0.00    0.00    0.00    0.25  24.20
nvme5n1        439.00   3512.00     0.00   0.00    0.59     8.00    0.00      0.00     0.00   0.00    0.00     0.00    0.00      0.00     0.00   0.00    0.00     0.00    0.00    0.00    0.26  25.70
nvme9n1        408.00   3264.00     0.00   0.00    0.59     8.00    0.00      0.00     0.00   0.00    0.00     0.00    0.00      0.00     0.00   0.00    0.00     0.00    0.00    0.00    0.24  24.50
Device            r/s     rkB/s   rrqm/s  %rrqm r_await rareq-sz     w/s     wkB/s   wrqm/s  %wrqm w_await wareq-sz     d/s     dkB/s   drqm/s  %drqm d_await dareq-sz     f/s f_await  aqu-sz  %util
md0           1692.00  13536.00     0.00   0.00    0.58     8.00    0.00      0.00     0.00   0.00    0.00     0.00    0.00      0.00     0.00   0.00    0.00     0.00    0.00    0.00    0.99  98.90
nvme12n1       426.00   3408.00     0.00   0.00    0.59     8.00    0.00      0.00     0.00   0.00    0.00     0.00    0.00      0.00     0.00   0.00    0.00     0.00    0.00    0.00    0.25  23.90
nvme2n1        440.00   3520.00     0.00   0.00    0.59     8.00    0.00      0.00     0.00   0.00    0.00     0.00    0.00      0.00     0.00   0.00    0.00     0.00    0.00    0.00    0.26  27.60
nvme5n1        406.00   3248.00     0.00   0.00    0.59     8.00    0.00      0.00     0.00   0.00    0.00     0.00    0.00      0.00     0.00   0.00    0.00     0.00    0.00    0.00    0.24  22.70
nvme9n1        420.00   3360.00     0.00   0.00    0.59     8.00    0.00      0.00     0.00   0.00    0.00     0.00    0.00      0.00     0.00   0.00    0.00     0.00    0.00    0.00    0.25  24.70
Device            r/s     rkB/s   rrqm/s  %rrqm r_await rareq-sz     w/s     wkB/s   wrqm/s  %wrqm w_await wareq-sz     d/s     dkB/s   drqm/s  %drqm d_await dareq-sz     f/s f_await  aqu-sz  %util
md0           1687.00  13496.00     0.00   0.00    0.59     8.00    0.00      0.00     0.00   0.00    0.00     0.00    0.00      0.00     0.00   0.00    0.00     0.00    0.00    0.00    0.99  99.30
nvme12n1       442.00   3536.00     0.00   0.00    0.58     8.00    0.00      0.00     0.00   0.00    0.00     0.00    0.00      0.00     0.00   0.00    0.00     0.00    0.00    0.00    0.26  26.20
nvme2n1        430.00   3440.00     0.00   0.00    0.59     8.00    0.00      0.00     0.00   0.00    0.00     0.00    0.00      0.00     0.00   0.00    0.00     0.00    0.00    0.00    0.25  26.70
nvme5n1        395.00   3160.00     0.00   0.00    0.60     8.00    0.00      0.00     0.00   0.00    0.00     0.00    0.00      0.00     0.00   0.00    0.00     0.00    0.00    0.00    0.24  22.50
nvme9n1        420.00   3360.00     0.00   0.00    0.59     8.00    0.00      0.00     0.00   0.00    0.00     0.00    0.00      0.00     0.00   0.00    0.00     0.00    0.00    0.00    0.25  23.90
Device            r/s     rkB/s   rrqm/s  %rrqm r_await rareq-sz     w/s     wkB/s   wrqm/s  %wrqm w_await wareq-sz     d/s     dkB/s   drqm/s  %drqm d_await dareq-sz     f/s f_await  aqu-sz  %util
md0           1702.00  13616.00     0.00   0.00    0.58     8.00    0.00      0.00     0.00   0.00    0.00     0.00    0.00      0.00     0.00   0.00    0.00     0.00    0.00    0.00    0.99  99.20
nvme12n1       439.00   3512.00     0.00   0.00    0.59     8.00    0.00      0.00     0.00   0.00    0.00     0.00    0.00      0.00     0.00   0.00    0.00     0.00    0.00    0.00    0.26  26.50
nvme2n1        403.00   3224.00     0.00   0.00    0.59     8.00    0.00      0.00     0.00   0.00    0.00     0.00    0.00      0.00     0.00   0.00    0.00     0.00    0.00    0.00    0.24  24.50
nvme5n1        421.00   3368.00     0.00   0.00    0.57     8.00    0.00      0.00     0.00   0.00    0.00     0.00    0.00      0.00     0.00   0.00    0.00     0.00    0.00    0.00    0.24  23.60
nvme9n1        439.00   3512.00     0.00   0.00    0.59     8.00    0.00      0.00     0.00   0.00    0.00     0.00    0.00      0.00     0.00   0.00    0.00     0.00    0.00    0.00    0.26  24.60
Device            r/s     rkB/s   rrqm/s  %rrqm r_await rareq-sz     w/s     wkB/s   wrqm/s  %wrqm w_await wareq-sz     d/s     dkB/s   drqm/s  %drqm d_await dareq-sz     f/s f_await  aqu-sz  %util
md0           1703.00  13624.00     0.00   0.00    0.58     8.00    0.00      0.00     0.00   0.00    0.00     0.00    0.00      0.00     0.00   0.00    0.00     0.00    0.00    0.00    0.99  99.10
nvme12n1       423.00   3384.00     0.00   0.00    0.59     8.00    0.00      0.00     0.00   0.00    0.00     0.00    0.00      0.00     0.00   0.00    0.00     0.00    0.00    0.00    0.25  24.90
nvme2n1        418.00   3344.00     0.00   0.00    0.59     8.00    0.00      0.00     0.00   0.00    0.00     0.00    0.00      0.00     0.00   0.00    0.00     0.00    0.00    0.00    0.25  22.90
nvme5n1        424.00   3392.00     0.00   0.00    0.57     8.00    0.00      0.00     0.00   0.00    0.00     0.00    0.00      0.00     0.00   0.00    0.00     0.00    0.00    0.00    0.24  24.10
nvme9n1        438.00   3504.00     0.00   0.00    0.59     8.00    0.00      0.00     0.00   0.00    0.00     0.00    0.00      0.00     0.00   0.00    0.00     0.00    0.00    0.00    0.26  27.10
Device            r/s     rkB/s   rrqm/s  %rrqm r_await rareq-sz     w/s     wkB/s   wrqm/s  %wrqm w_await wareq-sz     d/s     dkB/s   drqm/s  %drqm d_await dareq-sz     f/s f_await  aqu-sz  %util
md0           1715.00  13720.00     0.00   0.00    0.58     8.00    0.00      0.00     0.00   0.00    0.00     0.00    0.00      0.00     0.00   0.00    0.00     0.00    0.00    0.00    0.99  99.50
nvme12n1       408.00   3264.00     0.00   0.00    0.58     8.00    0.00      0.00     0.00   0.00    0.00     0.00    0.00      0.00     0.00   0.00    0.00     0.00    0.00    0.00    0.24  24.60
nvme2n1        469.00   3752.00     0.00   0.00    0.59     8.00    0.00      0.00     0.00   0.00    0.00     0.00    0.00      0.00     0.00   0.00    0.00     0.00    0.00    0.00    0.28  26.60
nvme5n1        404.00   3232.00     0.00   0.00    0.56     8.00    0.00      0.00     0.00   0.00    0.00     0.00    0.00      0.00     0.00   0.00    0.00     0.00    0.00    0.00    0.23  21.80
nvme9n1        434.00   3472.00     0.00   0.00    0.59     8.00    0.00      0.00     0.00   0.00    0.00     0.00    0.00      0.00     0.00   0.00    0.00     0.00    0.00    0.00    0.26  26.40
Device            r/s     rkB/s   rrqm/s  %rrqm r_await rareq-sz     w/s     wkB/s   wrqm/s  %wrqm w_await wareq-sz     d/s     dkB/s   drqm/s  %drqm d_await dareq-sz     f/s f_await  aqu-sz  %util
md0           1710.00  13680.00     0.00   0.00    0.58     8.00    0.00      0.00     0.00   0.00    0.00     0.00    0.00      0.00     0.00   0.00    0.00     0.00    0.00    0.00    0.99  99.00
nvme12n1       418.00   3344.00     0.00   0.00    0.58     8.00    0.00      0.00     0.00   0.00    0.00     0.00    0.00      0.00     0.00   0.00    0.00     0.00    0.00    0.00    0.24  24.60
nvme2n1        427.00   3416.00     0.00   0.00    0.59     8.00    0.00      0.00     0.00   0.00    0.00     0.00    0.00      0.00     0.00   0.00    0.00     0.00    0.00    0.00    0.25  24.80
nvme5n1        427.00   3416.00     0.00   0.00    0.56     8.00    0.00      0.00     0.00   0.00    0.00     0.00    0.00      0.00     0.00   0.00    0.00     0.00    0.00    0.00    0.24  24.30
nvme9n1        438.00   3504.00     0.00   0.00    0.59     8.00    0.00      0.00     0.00   0.00    0.00     0.00    0.00      0.00     0.00   0.00    0.00     0.00    0.00    0.00    0.26  25.30
Device            r/s     rkB/s   rrqm/s  %rrqm r_await rareq-sz     w/s     wkB/s   wrqm/s  %wrqm w_await wareq-sz     d/s     dkB/s   drqm/s  %drqm d_await dareq-sz     f/s f_await  aqu-sz  %util
md0           1701.00  13608.00     0.00   0.00    0.58     8.00    0.00      0.00     0.00   0.00    0.00     0.00    0.00      0.00     0.00   0.00    0.00     0.00    0.00    0.00    0.99  99.40
nvme12n1       414.00   3312.00     0.00   0.00    0.58     8.00    0.00      0.00     0.00   0.00    0.00     0.00    0.00      0.00     0.00   0.00    0.00     0.00    0.00    0.00    0.24  23.60
nvme2n1        430.00   3440.00     0.00   0.00    0.59     8.00    0.00      0.00     0.00   0.00    0.00     0.00    0.00      0.00     0.00   0.00    0.00     0.00    0.00    0.00    0.25  25.70
nvme5n1        409.00   3272.00     0.00   0.00    0.58     8.00    0.00      0.00     0.00   0.00    0.00     0.00    0.00      0.00     0.00   0.00    0.00     0.00    0.00    0.00    0.23  23.20
nvme9n1        448.00   3584.00     0.00   0.00    0.59     8.00    0.00      0.00     0.00   0.00    0.00     0.00    0.00      0.00     0.00   0.00    0.00     0.00    0.00    0.00    0.26  26.70
Device            r/s     rkB/s   rrqm/s  %rrqm r_await rareq-sz     w/s     wkB/s   wrqm/s  %wrqm w_await wareq-sz     d/s     dkB/s   drqm/s  %drqm d_await dareq-sz     f/s f_await  aqu-sz  %util
md0           1698.00  13584.00     0.00   0.00    0.58     8.00    0.00      0.00     0.00   0.00    0.00     0.00    0.00      0.00     0.00   0.00    0.00     0.00    0.00    0.00    0.99  99.10
nvme12n1       445.00   3560.00     0.00   0.00    0.59     8.00    0.00      0.00     0.00   0.00    0.00     0.00    0.00      0.00     0.00   0.00    0.00     0.00    0.00    0.00    0.26  26.50
nvme2n1        446.00   3568.00     0.00   0.00    0.59     8.00    0.00      0.00     0.00   0.00    0.00     0.00    0.00      0.00     0.00   0.00    0.00     0.00    0.00    0.00    0.26  26.00
nvme5n1        400.00   3200.00     0.00   0.00    0.58     8.00    0.00      0.00     0.00   0.00    0.00     0.00    0.00      0.00     0.00   0.00    0.00     0.00    0.00    0.00    0.23  23.20
nvme9n1        407.00   3256.00     0.00   0.00    0.59     8.00    0.00      0.00     0.00   0.00    0.00     0.00    0.00      0.00     0.00   0.00    0.00     0.00    0.00    0.00    0.24  23.40
Device            r/s     rkB/s   rrqm/s  %rrqm r_await rareq-sz     w/s     wkB/s   wrqm/s  %wrqm w_await wareq-sz     d/s     dkB/s   drqm/s  %drqm d_await dareq-sz     f/s f_await  aqu-sz  %util
md0           1676.00  13408.00     0.00   0.00    0.59     8.00    0.00      0.00     0.00   0.00    0.00     0.00    0.00      0.00     0.00   0.00    0.00     0.00    0.00    0.00    0.99  98.90
nvme12n1       366.00   2928.00     0.00   0.00    0.59     8.00    0.00      0.00     0.00   0.00    0.00     0.00    0.00      0.00     0.00   0.00    0.00     0.00    0.00    0.00    0.21  21.70
nvme2n1        461.00   3688.00     0.00   0.00    0.59     8.00    0.00      0.00     0.00   0.00    0.00     0.00    0.00      0.00     0.00   0.00    0.00     0.00    0.00    0.00    0.27  26.60
nvme5n1        436.00   3488.00     0.00   0.00    0.61     8.00    0.00      0.00     0.00   0.00    0.00     0.00    0.00      0.00     0.00   0.00    0.00     0.00    0.00    0.00    0.27  26.10
nvme9n1        413.00   3304.00     0.00   0.00    0.59     8.00    0.00      0.00     0.00   0.00    0.00     0.00    0.00      0.00     0.00   0.00    0.00     0.00    0.00    0.00    0.24  24.50
Device            r/s     rkB/s   rrqm/s  %rrqm r_await rareq-sz     w/s     wkB/s   wrqm/s  %wrqm w_await wareq-sz     d/s     dkB/s   drqm/s  %drqm d_await dareq-sz     f/s f_await  aqu-sz  %util
md0           1692.00  13536.00     0.00   0.00    0.59     8.00    0.00      0.00     0.00   0.00    0.00     0.00    0.00      0.00     0.00   0.00    0.00     0.00    0.00    0.00    0.99  99.60
nvme12n1       438.00   3504.00     0.00   0.00    0.58     8.00    0.00      0.00     0.00   0.00    0.00     0.00    0.00      0.00     0.00   0.00    0.00     0.00    0.00    0.00    0.26  25.90
nvme2n1        410.00   3280.00     0.00   0.00    0.59     8.00    0.00      0.00     0.00   0.00    0.00     0.00    0.00      0.00     0.00   0.00    0.00     0.00    0.00    0.00    0.24  24.10
nvme5n1        410.00   3280.00     0.00   0.00    0.59     8.00    0.00      0.00     0.00   0.00    0.00     0.00    0.00      0.00     0.00   0.00    0.00     0.00    0.00    0.00    0.24  24.70
nvme9n1        434.00   3472.00     0.00   0.00    0.59     8.00    0.00      0.00     0.00   0.00    0.00     0.00    0.00      0.00     0.00   0.00    0.00     0.00    0.00    0.00    0.26  24.90
Device            r/s     rkB/s   rrqm/s  %rrqm r_await rareq-sz     w/s     wkB/s   wrqm/s  %wrqm w_await wareq-sz     d/s     dkB/s   drqm/s  %drqm d_await dareq-sz     f/s f_await  aqu-sz  %util
md0           1683.00  13464.00     0.00   0.00    0.59     8.00    0.00      0.00     0.00   0.00    0.00     0.00    0.00      0.00     0.00   0.00    0.00     0.00    0.00    0.00    0.99  99.10
nvme12n1       404.00   3232.00     0.00   0.00    0.58     8.00    0.00      0.00     0.00   0.00    0.00     0.00    0.00      0.00     0.00   0.00    0.00     0.00    0.00    0.00    0.24  24.60
nvme2n1        444.00   3552.00     0.00   0.00    0.59     8.00    0.00      0.00     0.00   0.00    0.00     0.00    0.00      0.00     0.00   0.00    0.00     0.00    0.00    0.00    0.26  25.30
nvme5n1        423.00   3384.00     0.00   0.00    0.60     8.00    0.00      0.00     0.00   0.00    0.00     0.00    0.00      0.00     0.00   0.00    0.00     0.00    0.00    0.00    0.25  26.10
nvme9n1        412.00   3296.00     0.00   0.00    0.59     8.00    0.00      0.00     0.00   0.00    0.00     0.00    0.00      0.00     0.00   0.00    0.00     0.00    0.00    0.00    0.24  23.10
Device            r/s     rkB/s   rrqm/s  %rrqm r_await rareq-sz     w/s     wkB/s   wrqm/s  %wrqm w_await wareq-sz     d/s     dkB/s   drqm/s  %drqm d_await dareq-sz     f/s f_await  aqu-sz  %util
md0           1692.00  13536.00     0.00   0.00    0.59     8.00    0.00      0.00     0.00   0.00    0.00     0.00    0.00      0.00     0.00   0.00    0.00     0.00    0.00    0.00    0.99  99.30
nvme12n1       452.00   3616.00     0.00   0.00    0.59     8.00    0.00      0.00     0.00   0.00    0.00     0.00    0.00      0.00     0.00   0.00    0.00     0.00    0.00    0.00    0.27  27.00
nvme2n1        427.00   3416.00     0.00   0.00    0.59     8.00    0.00      0.00     0.00   0.00    0.00     0.00    0.00      0.00     0.00   0.00    0.00     0.00    0.00    0.00    0.25  25.90
nvme5n1        404.00   3232.00     0.00   0.00    0.59     8.00    0.00      0.00     0.00   0.00    0.00     0.00    0.00      0.00     0.00   0.00    0.00     0.00    0.00    0.00    0.24  23.10
nvme9n1        409.00   3272.00     0.00   0.00    0.59     8.00    0.00      0.00     0.00   0.00    0.00     0.00    0.00      0.00     0.00   0.00    0.00     0.00    0.00    0.00    0.24  23.30
Device            r/s     rkB/s   rrqm/s  %rrqm r_await rareq-sz     w/s     wkB/s   wrqm/s  %wrqm w_await wareq-sz     d/s     dkB/s   drqm/s  %drqm d_await dareq-sz     f/s f_await  aqu-sz  %util
md0           1688.00  13504.00     0.00   0.00    0.59     8.00    0.00      0.00     0.00   0.00    0.00     0.00    0.00      0.00     0.00   0.00    0.00     0.00    0.00    0.00    0.99  99.20
nvme12n1       402.00   3216.00     0.00   0.00    0.58     8.00    0.00      0.00     0.00   0.00    0.00     0.00    0.00      0.00     0.00   0.00    0.00     0.00    0.00    0.00    0.23  21.90
nvme2n1        441.00   3528.00     0.00   0.00    0.59     8.00    0.00      0.00     0.00   0.00    0.00     0.00    0.00      0.00     0.00   0.00    0.00     0.00    0.00    0.00    0.26  25.00
nvme5n1        409.00   3272.00     0.00   0.00    0.60     8.00    0.00      0.00     0.00   0.00    0.00     0.00    0.00      0.00     0.00   0.00    0.00     0.00    0.00    0.00    0.25  26.10
nvme9n1        436.00   3488.00     0.00   0.00    0.59     8.00    0.00      0.00     0.00   0.00    0.00     0.00    0.00      0.00     0.00   0.00    0.00     0.00    0.00    0.00    0.26  26.20
Device            r/s     rkB/s   rrqm/s  %rrqm r_await rareq-sz     w/s     wkB/s   wrqm/s  %wrqm w_await wareq-sz     d/s     dkB/s   drqm/s  %drqm d_await dareq-sz     f/s f_await  aqu-sz  %util
md0           1685.00  13480.00     0.00   0.00    0.59     8.00    0.00      0.00     0.00   0.00    0.00     0.00    0.00      0.00     0.00   0.00    0.00     0.00    0.00    0.00    0.99  98.80
nvme12n1       401.00   3208.00     0.00   0.00    0.59     8.00    0.00      0.00     0.00   0.00    0.00     0.00    0.00      0.00     0.00   0.00    0.00     0.00    0.00    0.00    0.23  22.10
nvme2n1        422.00   3376.00     0.00   0.00    0.59     8.00    0.00      0.00     0.00   0.00    0.00     0.00    0.00      0.00     0.00   0.00    0.00     0.00    0.00    0.00    0.25  25.70
nvme5n1        418.00   3344.00     0.00   0.00    0.60     8.00    0.00      0.00     0.00   0.00    0.00     0.00    0.00      0.00     0.00   0.00    0.00     0.00    0.00    0.00    0.25  25.50
nvme9n1        444.00   3552.00     0.00   0.00    0.59     8.00    0.00      0.00     0.00   0.00    0.00     0.00    0.00      0.00     0.00   0.00    0.00     0.00    0.00    0.00    0.26  25.50
Device            r/s     rkB/s   rrqm/s  %rrqm r_await rareq-sz     w/s     wkB/s   wrqm/s  %wrqm w_await wareq-sz     d/s     dkB/s   drqm/s  %drqm d_await dareq-sz     f/s f_await  aqu-sz  %util
md0           1693.00  13544.00     0.00   0.00    0.59     8.00    0.00      0.00     0.00   0.00    0.00     0.00    0.00      0.00     0.00   0.00    0.00     0.00    0.00    0.00    1.00  99.60
nvme12n1       445.00   3560.00     0.00   0.00    0.58     8.00    0.00      0.00     0.00   0.00    0.00     0.00    0.00      0.00     0.00   0.00    0.00     0.00    0.00    0.00    0.26  26.60
nvme2n1        410.00   3280.00     0.00   0.00    0.59     8.00    0.00      0.00     0.00   0.00    0.00     0.00    0.00      0.00     0.00   0.00    0.00     0.00    0.00    0.00    0.24  23.20
nvme5n1        393.00   3144.00     0.00   0.00    0.59     8.00    0.00      0.00     0.00   0.00    0.00     0.00    0.00      0.00     0.00   0.00    0.00     0.00    0.00    0.00    0.23  22.70
nvme9n1        445.00   3560.00     0.00   0.00    0.59     8.00    0.00      0.00     0.00   0.00    0.00     0.00    0.00      0.00     0.00   0.00    0.00     0.00    0.00    0.00    0.26  27.00
Device            r/s     rkB/s   rrqm/s  %rrqm r_await rareq-sz     w/s     wkB/s   wrqm/s  %wrqm w_await wareq-sz     d/s     dkB/s   drqm/s  %drqm d_await dareq-sz     f/s f_await  aqu-sz  %util
md0           1695.00  13560.00     0.00   0.00    0.59     8.00    0.00      0.00     0.00   0.00    0.00     0.00    0.00      0.00     0.00   0.00    0.00     0.00    0.00    0.00    0.99  99.40
nvme12n1       422.00   3376.00     0.00   0.00    0.59     8.00    0.00      0.00     0.00   0.00    0.00     0.00    0.00      0.00     0.00   0.00    0.00     0.00    0.00    0.00    0.25  25.70
nvme2n1        420.00   3360.00     0.00   0.00    0.59     8.00    0.00      0.00     0.00   0.00    0.00     0.00    0.00      0.00     0.00   0.00    0.00     0.00    0.00    0.00    0.25  24.10
nvme5n1        436.00   3488.00     0.00   0.00    0.58     8.00    0.00      0.00     0.00   0.00    0.00     0.00    0.00      0.00     0.00   0.00    0.00     0.00    0.00    0.00    0.25  26.10
nvme9n1        417.00   3336.00     0.00   0.00    0.59     8.00    0.00      0.00     0.00   0.00    0.00     0.00    0.00      0.00     0.00   0.00    0.00     0.00    0.00    0.00    0.25  23.50
Device            r/s     rkB/s   rrqm/s  %rrqm r_await rareq-sz     w/s     wkB/s   wrqm/s  %wrqm w_await wareq-sz     d/s     dkB/s   drqm/s  %drqm d_await dareq-sz     f/s f_await  aqu-sz  %util
md0           1685.00  13480.00     0.00   0.00    0.59     8.00    0.00      0.00     0.00   0.00    0.00     0.00    0.00      0.00     0.00   0.00    0.00     0.00    0.00    0.00    0.99  99.30
nvme12n1       438.00   3504.00     0.00   0.00    0.58     8.00    0.00      0.00     0.00   0.00    0.00     0.00    0.00      0.00     0.00   0.00    0.00     0.00    0.00    0.00    0.26  25.70
nvme2n1        406.00   3248.00     0.00   0.00    0.59     8.00    0.00      0.00     0.00   0.00    0.00     0.00    0.00      0.00     0.00   0.00    0.00     0.00    0.00    0.00    0.24  24.30
nvme5n1        419.00   3352.00     0.00   0.00    0.60     8.00    0.00      0.00     0.00   0.00    0.00     0.00    0.00      0.00     0.00   0.00    0.00     0.00    0.00    0.00    0.25  25.30
nvme9n1        422.00   3376.00     0.00   0.00    0.59     8.00    0.00      0.00     0.00   0.00    0.00     0.00    0.00      0.00     0.00   0.00    0.00     0.00    0.00    0.00    0.25  24.00
Device            r/s     rkB/s   rrqm/s  %rrqm r_await rareq-sz     w/s     wkB/s   wrqm/s  %wrqm w_await wareq-sz     d/s     dkB/s   drqm/s  %drqm d_await dareq-sz     f/s f_await  aqu-sz  %util
md0           1685.00  13480.00     0.00   0.00    0.59     8.00    0.00      0.00     0.00   0.00    0.00     0.00    0.00      0.00     0.00   0.00    0.00     0.00    0.00    0.00    0.99  99.40
nvme12n1       410.00   3280.00     0.00   0.00    0.59     8.00    0.00      0.00     0.00   0.00    0.00     0.00    0.00      0.00     0.00   0.00    0.00     0.00    0.00    0.00    0.24  23.60
nvme2n1        406.00   3248.00     0.00   0.00    0.59     8.00    0.00      0.00     0.00   0.00    0.00     0.00    0.00      0.00     0.00   0.00    0.00     0.00    0.00    0.00    0.24  25.20
nvme5n1        462.00   3696.00     0.00   0.00    0.60     8.00    0.00      0.00     0.00   0.00    0.00     0.00    0.00      0.00     0.00   0.00    0.00     0.00    0.00    0.00    0.28  27.50
nvme9n1        407.00   3256.00     0.00   0.00    0.59     8.00    0.00      0.00     0.00   0.00    0.00     0.00    0.00      0.00     0.00   0.00    0.00     0.00    0.00    0.00    0.24  23.10
Device            r/s     rkB/s   rrqm/s  %rrqm r_await rareq-sz     w/s     wkB/s   wrqm/s  %wrqm w_await wareq-sz     d/s     dkB/s   drqm/s  %drqm d_await dareq-sz     f/s f_await  aqu-sz  %util
md0           1690.00  13520.00     0.00   0.00    0.59     8.00    0.00      0.00     0.00   0.00    0.00     0.00    0.00      0.00     0.00   0.00    0.00     0.00    0.00    0.00    1.00  99.60
nvme12n1       429.00   3432.00     0.00   0.00    0.59     8.00    0.00      0.00     0.00   0.00    0.00     0.00    0.00      0.00     0.00   0.00    0.00     0.00    0.00    0.00    0.25  25.10
nvme2n1        390.00   3120.00     0.00   0.00    0.59     8.00    0.00      0.00     0.00   0.00    0.00     0.00    0.00      0.00     0.00   0.00    0.00     0.00    0.00    0.00    0.23  23.00
nvme5n1        436.00   3488.00     0.00   0.00    0.59     8.00    0.00      0.00     0.00   0.00    0.00     0.00    0.00      0.00     0.00   0.00    0.00     0.00    0.00    0.00    0.26  26.60
nvme9n1        435.00   3480.00     0.00   0.00    0.59     8.00    0.00      0.00     0.00   0.00    0.00     0.00    0.00      0.00     0.00   0.00    0.00     0.00    0.00    0.00    0.26  24.80
Device            r/s     rkB/s   rrqm/s  %rrqm r_await rareq-sz     w/s     wkB/s   wrqm/s  %wrqm w_await wareq-sz     d/s     dkB/s   drqm/s  %drqm d_await dareq-sz     f/s f_await  aqu-sz  %util
md0           1688.00  13504.00     0.00   0.00    0.59     8.00    0.00      0.00     0.00   0.00    0.00     0.00    0.00      0.00     0.00   0.00    0.00     0.00    0.00    0.00    0.99  99.30
nvme12n1       435.00   3480.00     0.00   0.00    0.58     8.00    0.00      0.00     0.00   0.00    0.00     0.00    0.00      0.00     0.00   0.00    0.00     0.00    0.00    0.00    0.25  25.40
nvme2n1        429.00   3432.00     0.00   0.00    0.59     8.00    0.00      0.00     0.00   0.00    0.00     0.00    0.00      0.00     0.00   0.00    0.00     0.00    0.00    0.00    0.25  26.10
nvme5n1        413.00   3304.00     0.00   0.00    0.60     8.00    0.00      0.00     0.00   0.00    0.00     0.00    0.00      0.00     0.00   0.00    0.00     0.00    0.00    0.00    0.25  25.90
nvme9n1        411.00   3288.00     0.00   0.00    0.59     8.00    0.00      0.00     0.00   0.00    0.00     0.00    0.00      0.00     0.00   0.00    0.00     0.00    0.00    0.00    0.24  21.90
Device            r/s     rkB/s   rrqm/s  %rrqm r_await rareq-sz     w/s     wkB/s   wrqm/s  %wrqm w_await wareq-sz     d/s     dkB/s   drqm/s  %drqm d_await dareq-sz     f/s f_await  aqu-sz  %util
md0           1697.00  13576.00     0.00   0.00    0.59     8.00    0.00      0.00     0.00   0.00    0.00     0.00    0.00      0.00     0.00   0.00    0.00     0.00    0.00    0.00    0.99  99.40
nvme12n1       413.00   3304.00     0.00   0.00    0.59     8.00    0.00      0.00     0.00   0.00    0.00     0.00    0.00      0.00     0.00   0.00    0.00     0.00    0.00    0.00    0.24  23.80
nvme2n1        454.00   3632.00     0.00   0.00    0.59     8.00    0.00      0.00     0.00   0.00    0.00     0.00    0.00      0.00     0.00   0.00    0.00     0.00    0.00    0.00    0.27  27.90
nvme5n1        416.00   3328.00     0.00   0.00    0.58     8.00    0.00      0.00     0.00   0.00    0.00     0.00    0.00      0.00     0.00   0.00    0.00     0.00    0.00    0.00    0.24  23.90
nvme9n1        414.00   3312.00     0.00   0.00    0.59     8.00    0.00      0.00     0.00   0.00    0.00     0.00    0.00      0.00     0.00   0.00    0.00     0.00    0.00    0.00    0.24  23.80
Device            r/s     rkB/s   rrqm/s  %rrqm r_await rareq-sz     w/s     wkB/s   wrqm/s  %wrqm w_await wareq-sz     d/s     dkB/s   drqm/s  %drqm d_await dareq-sz     f/s f_await  aqu-sz  %util
md0           1696.00  13568.00     0.00   0.00    0.59     8.00    0.00      0.00     0.00   0.00    0.00     0.00    0.00      0.00     0.00   0.00    0.00     0.00    0.00    0.00    0.99  99.50
nvme12n1       440.00   3520.00     0.00   0.00    0.58     8.00    0.00      0.00     0.00   0.00    0.00     0.00    0.00      0.00     0.00   0.00    0.00     0.00    0.00    0.00    0.26  26.20
nvme2n1        420.00   3360.00     0.00   0.00    0.59     8.00    0.00      0.00     0.00   0.00    0.00     0.00    0.00      0.00     0.00   0.00    0.00     0.00    0.00    0.00    0.25  22.50
nvme5n1        417.00   3336.00     0.00   0.00    0.58     8.00    0.00      0.00     0.00   0.00    0.00     0.00    0.00      0.00     0.00   0.00    0.00     0.00    0.00    0.00    0.24  24.80
nvme9n1        418.00   3344.00     0.00   0.00    0.59     8.00    0.00      0.00     0.00   0.00    0.00     0.00    0.00      0.00     0.00   0.00    0.00     0.00    0.00    0.00    0.25  25.90
Device            r/s     rkB/s   rrqm/s  %rrqm r_await rareq-sz     w/s     wkB/s   wrqm/s  %wrqm w_await wareq-sz     d/s     dkB/s   drqm/s  %drqm d_await dareq-sz     f/s f_await  aqu-sz  %util
md0           1692.00  13536.00     0.00   0.00    0.58     8.00    0.00      0.00     0.00   0.00    0.00     0.00    0.00      0.00     0.00   0.00    0.00     0.00    0.00    0.00    0.99  99.00
nvme12n1       415.00   3320.00     0.00   0.00    0.59     8.00    0.00      0.00     0.00   0.00    0.00     0.00    0.00      0.00     0.00   0.00    0.00     0.00    0.00    0.00    0.24  25.90
nvme2n1        421.00   3368.00     0.00   0.00    0.59     8.00    0.00      0.00     0.00   0.00    0.00     0.00    0.00      0.00     0.00   0.00    0.00     0.00    0.00    0.00    0.25  25.00
nvme5n1        424.00   3392.00     0.00   0.00    0.58     8.00    0.00      0.00     0.00   0.00    0.00     0.00    0.00      0.00     0.00   0.00    0.00     0.00    0.00    0.00    0.25  22.80
nvme9n1        433.00   3464.00     0.00   0.00    0.59     8.00    0.00      0.00     0.00   0.00    0.00     0.00    0.00      0.00     0.00   0.00    0.00     0.00    0.00    0.00    0.25  25.30
Device            r/s     rkB/s   rrqm/s  %rrqm r_await rareq-sz     w/s     wkB/s   wrqm/s  %wrqm w_await wareq-sz     d/s     dkB/s   drqm/s  %drqm d_await dareq-sz     f/s f_await  aqu-sz  %util
md0           1699.00  13592.00     0.00   0.00    0.58     8.00    2.00     12.00     0.00   0.00    1.00     6.00    0.00      0.00     0.00   0.00    0.00     0.00    0.00    0.00    0.99  99.20
nvme11n1         0.00      0.00     0.00   0.00    0.00     0.00    2.00      1.00     0.00   0.00    0.50     0.50    0.00      0.00     0.00   0.00    0.00     0.00    0.00    0.00    0.00   0.00
nvme12n1       440.00   3520.00     0.00   0.00    0.59     8.00    3.00      9.00     0.00   0.00    0.67     3.00    0.00      0.00     0.00   0.00    0.00     0.00    0.00    0.00    0.26  24.90
nvme15n1         0.00      0.00     0.00   0.00    0.00     0.00    3.00      9.00     0.00   0.00    0.67     3.00    0.00      0.00     0.00   0.00    0.00     0.00    0.00    0.00    0.00   0.10
nvme2n1        413.00   3304.00     0.00   0.00    0.59     8.00    3.00      5.00     0.00   0.00    0.67     1.67    0.00      0.00     0.00   0.00    0.00     0.00    0.00    0.00    0.25  25.10
nvme3n1          1.00      8.00     0.00   0.00    1.00     8.00    3.00      5.00     0.00   0.00    1.00     1.67    0.00      0.00     0.00   0.00    0.00     0.00    0.00    0.00    0.00   0.20
nvme5n1        440.00   3520.00     0.00   0.00    0.58     8.00    2.00      1.00     0.00   0.00    0.50     0.50    0.00      0.00     0.00   0.00    0.00     0.00    0.00    0.00    0.26  24.90
nvme8n1          0.00      0.00     0.00   0.00    0.00     0.00    2.00      1.00     0.00   0.00    0.50     0.50    0.00      0.00     0.00   0.00    0.00     0.00    0.00    0.00    0.00   0.00
nvme9n1        405.00   3240.00     0.00   0.00    0.59     8.00    2.00      1.00     0.00   0.00    1.00     0.50    0.00      0.00     0.00   0.00    0.00     0.00    0.00    0.00    0.24  24.40
Device            r/s     rkB/s   rrqm/s  %rrqm r_await rareq-sz     w/s     wkB/s   wrqm/s  %wrqm w_await wareq-sz     d/s     dkB/s   drqm/s  %drqm d_await dareq-sz     f/s f_await  aqu-sz  %util
md0           1690.00  13520.00     0.00   0.00    0.59     8.00    0.00      0.00     0.00   0.00    0.00     0.00    0.00      0.00     0.00   0.00    0.00     0.00    0.00    0.00    0.99  99.30
nvme12n1       418.00   3344.00     0.00   0.00    0.59     8.00    0.00      0.00     0.00   0.00    0.00     0.00    0.00      0.00     0.00   0.00    0.00     0.00    0.00    0.00    0.25  24.10
nvme2n1        429.00   3432.00     0.00   0.00    0.59     8.00    0.00      0.00     0.00   0.00    0.00     0.00    0.00      0.00     0.00   0.00    0.00     0.00    0.00    0.00    0.25  26.10
nvme5n1        398.00   3184.00     0.00   0.00    0.59     8.00    0.00      0.00     0.00   0.00    0.00     0.00    0.00      0.00     0.00   0.00    0.00     0.00    0.00    0.00    0.23  22.10
nvme9n1        445.00   3560.00     0.00   0.00    0.59     8.00    0.00      0.00     0.00   0.00    0.00     0.00    0.00      0.00     0.00   0.00    0.00     0.00    0.00    0.00    0.26  27.00
Device            r/s     rkB/s   rrqm/s  %rrqm r_await rareq-sz     w/s     wkB/s   wrqm/s  %wrqm w_await wareq-sz     d/s     dkB/s   drqm/s  %drqm d_await dareq-sz     f/s f_await  aqu-sz  %util
md0           1704.00  13632.00     0.00   0.00    0.58     8.00    0.00      0.00     0.00   0.00    0.00     0.00    0.00      0.00     0.00   0.00    0.00     0.00    0.00    0.00    0.99  99.30
nvme12n1       409.00   3272.00     0.00   0.00    0.58     8.00    0.00      0.00     0.00   0.00    0.00     0.00    0.00      0.00     0.00   0.00    0.00     0.00    0.00    0.00    0.24  23.20
nvme2n1        446.00   3568.00     0.00   0.00    0.59     8.00    0.00      0.00     0.00   0.00    0.00     0.00    0.00      0.00     0.00   0.00    0.00     0.00    0.00    0.00    0.26  24.80
nvme5n1        424.00   3392.00     0.00   0.00    0.57     8.00    0.00      0.00     0.00   0.00    0.00     0.00    0.00      0.00     0.00   0.00    0.00     0.00    0.00    0.00    0.24  24.20
nvme9n1        425.00   3400.00     0.00   0.00    0.59     8.00    0.00      0.00     0.00   0.00    0.00     0.00    0.00      0.00     0.00   0.00    0.00     0.00    0.00    0.00    0.25  27.00
Device            r/s     rkB/s   rrqm/s  %rrqm r_await rareq-sz     w/s     wkB/s   wrqm/s  %wrqm w_await wareq-sz     d/s     dkB/s   drqm/s  %drqm d_await dareq-sz     f/s f_await  aqu-sz  %util
md0           1701.00  13608.00     0.00   0.00    0.59     8.00    0.00      0.00     0.00   0.00    0.00     0.00    0.00      0.00     0.00   0.00    0.00     0.00    0.00    0.00    1.00  99.70
nvme12n1       446.00   3568.00     0.00   0.00    0.59     8.00    0.00      0.00     0.00   0.00    0.00     0.00    0.00      0.00     0.00   0.00    0.00     0.00    0.00    0.00    0.26  25.60
nvme2n1        384.00   3072.00     0.00   0.00    0.59     8.00    0.00      0.00     0.00   0.00    0.00     0.00    0.00      0.00     0.00   0.00    0.00     0.00    0.00    0.00    0.23  23.50
nvme5n1        441.00   3528.00     0.00   0.00    0.58     8.00    0.00      0.00     0.00   0.00    0.00     0.00    0.00      0.00     0.00   0.00    0.00     0.00    0.00    0.00    0.25  25.20
nvme9n1        430.00   3440.00     0.00   0.00    0.59     8.00    0.00      0.00     0.00   0.00    0.00     0.00    0.00      0.00     0.00   0.00    0.00     0.00    0.00    0.00    0.25  25.30
Device            r/s     rkB/s   rrqm/s  %rrqm r_await rareq-sz     w/s     wkB/s   wrqm/s  %wrqm w_await wareq-sz     d/s     dkB/s   drqm/s  %drqm d_await dareq-sz     f/s f_await  aqu-sz  %util
md0           1688.00  13504.00     0.00   0.00    0.59     8.00    0.00      0.00     0.00   0.00    0.00     0.00    0.00      0.00     0.00   0.00    0.00     0.00    0.00    0.00    0.99  99.10
nvme12n1       413.00   3304.00     0.00   0.00    0.58     8.00    0.00      0.00     0.00   0.00    0.00     0.00    0.00      0.00     0.00   0.00    0.00     0.00    0.00    0.00    0.24  23.60
nvme2n1        395.00   3160.00     0.00   0.00    0.59     8.00    0.00      0.00     0.00   0.00    0.00     0.00    0.00      0.00     0.00   0.00    0.00     0.00    0.00    0.00    0.23  24.30
nvme5n1        431.00   3448.00     0.00   0.00    0.59     8.00    0.00      0.00     0.00   0.00    0.00     0.00    0.00      0.00     0.00   0.00    0.00     0.00    0.00    0.00    0.26  25.20
nvme9n1        449.00   3592.00     0.00   0.00    0.59     8.00    0.00      0.00     0.00   0.00    0.00     0.00    0.00      0.00     0.00   0.00    0.00     0.00    0.00    0.00    0.27  25.80
Device            r/s     rkB/s   rrqm/s  %rrqm r_await rareq-sz     w/s     wkB/s   wrqm/s  %wrqm w_await wareq-sz     d/s     dkB/s   drqm/s  %drqm d_await dareq-sz     f/s f_await  aqu-sz  %util
md0           1693.00  13544.00     0.00   0.00    0.59     8.00    0.00      0.00     0.00   0.00    0.00     0.00    0.00      0.00     0.00   0.00    0.00     0.00    0.00    0.00    0.99  99.50
nvme12n1       458.00   3664.00     0.00   0.00    0.59     8.00    0.00      0.00     0.00   0.00    0.00     0.00    0.00      0.00     0.00   0.00    0.00     0.00    0.00    0.00    0.27  27.20
nvme2n1        379.00   3032.00     0.00   0.00    0.59     8.00    0.00      0.00     0.00   0.00    0.00     0.00    0.00      0.00     0.00   0.00    0.00     0.00    0.00    0.00    0.22  24.00
nvme5n1        395.00   3160.00     0.00   0.00    0.59     8.00    0.00      0.00     0.00   0.00    0.00     0.00    0.00      0.00     0.00   0.00    0.00     0.00    0.00    0.00    0.23  21.90
nvme9n1        461.00   3688.00     0.00   0.00    0.59     8.00    0.00      0.00     0.00   0.00    0.00     0.00    0.00      0.00     0.00   0.00    0.00     0.00    0.00    0.00    0.27  26.20
Device            r/s     rkB/s   rrqm/s  %rrqm r_await rareq-sz     w/s     wkB/s   wrqm/s  %wrqm w_await wareq-sz     d/s     dkB/s   drqm/s  %drqm d_await dareq-sz     f/s f_await  aqu-sz  %util
md0           1704.00  13632.00     0.00   0.00    0.59     8.00    0.00      0.00     0.00   0.00    0.00     0.00    0.00      0.00     0.00   0.00    0.00     0.00    0.00    0.00    1.00  99.70
nvme12n1       402.00   3216.00     0.00   0.00    0.58     8.00    0.00      0.00     0.00   0.00    0.00     0.00    0.00      0.00     0.00   0.00    0.00     0.00    0.00    0.00    0.23  23.90
nvme2n1        434.00   3472.00     0.00   0.00    0.59     8.00    0.00      0.00     0.00   0.00    0.00     0.00    0.00      0.00     0.00   0.00    0.00     0.00    0.00    0.00    0.26  26.00
nvme5n1        427.00   3416.00     0.00   0.00    0.57     8.00    0.00      0.00     0.00   0.00    0.00     0.00    0.00      0.00     0.00   0.00    0.00     0.00    0.00    0.00    0.25  24.40
nvme9n1        441.00   3528.00     0.00   0.00    0.59     8.00    0.00      0.00     0.00   0.00    0.00     0.00    0.00      0.00     0.00   0.00    0.00     0.00    0.00    0.00    0.26  25.40
Device            r/s     rkB/s   rrqm/s  %rrqm r_await rareq-sz     w/s     wkB/s   wrqm/s  %wrqm w_await wareq-sz     d/s     dkB/s   drqm/s  %drqm d_await dareq-sz     f/s f_await  aqu-sz  %util
md0           1685.00  13480.00     0.00   0.00    0.59     8.00    0.00      0.00     0.00   0.00    0.00     0.00    0.00      0.00     0.00   0.00    0.00     0.00    0.00    0.00    0.99  99.20
nvme12n1       403.00   3224.00     0.00   0.00    0.59     8.00    0.00      0.00     0.00   0.00    0.00     0.00    0.00      0.00     0.00   0.00    0.00     0.00    0.00    0.00    0.24  25.20
nvme2n1        445.00   3560.00     0.00   0.00    0.59     8.00    0.00      0.00     0.00   0.00    0.00     0.00    0.00      0.00     0.00   0.00    0.00     0.00    0.00    0.00    0.26  25.60
nvme5n1        432.00   3456.00     0.00   0.00    0.60     8.00    0.00      0.00     0.00   0.00    0.00     0.00    0.00      0.00     0.00   0.00    0.00     0.00    0.00    0.00    0.26  24.90
nvme9n1        405.00   3240.00     0.00   0.00    0.59     8.00    0.00      0.00     0.00   0.00    0.00     0.00    0.00      0.00     0.00   0.00    0.00     0.00    0.00    0.00    0.24  23.50
Device            r/s     rkB/s   rrqm/s  %rrqm r_await rareq-sz     w/s     wkB/s   wrqm/s  %wrqm w_await wareq-sz     d/s     dkB/s   drqm/s  %drqm d_await dareq-sz     f/s f_await  aqu-sz  %util
md0           1685.00  13480.00     0.00   0.00    0.59     8.00    0.00      0.00     0.00   0.00    0.00     0.00    0.00      0.00     0.00   0.00    0.00     0.00    0.00    0.00    0.99  99.20
nvme12n1       428.00   3424.00     0.00   0.00    0.59     8.00    0.00      0.00     0.00   0.00    0.00     0.00    0.00      0.00     0.00   0.00    0.00     0.00    0.00    0.00    0.25  23.90
nvme2n1        409.00   3272.00     0.00   0.00    0.59     8.00    0.00      0.00     0.00   0.00    0.00     0.00    0.00      0.00     0.00   0.00    0.00     0.00    0.00    0.00    0.24  25.20
nvme5n1        417.00   3336.00     0.00   0.00    0.59     8.00    0.00      0.00     0.00   0.00    0.00     0.00    0.00      0.00     0.00   0.00    0.00     0.00    0.00    0.00    0.25  25.30
nvme9n1        431.00   3448.00     0.00   0.00    0.59     8.00    0.00      0.00     0.00   0.00    0.00     0.00    0.00      0.00     0.00   0.00    0.00     0.00    0.00    0.00    0.25  24.80
Device            r/s     rkB/s   rrqm/s  %rrqm r_await rareq-sz     w/s     wkB/s   wrqm/s  %wrqm w_await wareq-sz     d/s     dkB/s   drqm/s  %drqm d_await dareq-sz     f/s f_await  aqu-sz  %util
md0           1687.00  13496.00     0.00   0.00    0.59     8.00    0.00      0.00     0.00   0.00    0.00     0.00    0.00      0.00     0.00   0.00    0.00     0.00    0.00    0.00    0.99  99.30
nvme12n1       394.00   3152.00     0.00   0.00    0.59     8.00    0.00      0.00     0.00   0.00    0.00     0.00    0.00      0.00     0.00   0.00    0.00     0.00    0.00    0.00    0.23  24.00
nvme2n1        451.00   3608.00     0.00   0.00    0.59     8.00    0.00      0.00     0.00   0.00    0.00     0.00    0.00      0.00     0.00   0.00    0.00     0.00    0.00    0.00    0.27  26.40
nvme5n1        444.00   3552.00     0.00   0.00    0.59     8.00    0.00      0.00     0.00   0.00    0.00     0.00    0.00      0.00     0.00   0.00    0.00     0.00    0.00    0.00    0.26  24.40
nvme9n1        398.00   3184.00     0.00   0.00    0.59     8.00    0.00      0.00     0.00   0.00    0.00     0.00    0.00      0.00     0.00   0.00    0.00     0.00    0.00    0.00    0.23  24.50
Device            r/s     rkB/s   rrqm/s  %rrqm r_await rareq-sz     w/s     wkB/s   wrqm/s  %wrqm w_await wareq-sz     d/s     dkB/s   drqm/s  %drqm d_await dareq-sz     f/s f_await  aqu-sz  %util
md0           1698.00  13584.00     0.00   0.00    0.58     8.00    0.00      0.00     0.00   0.00    0.00     0.00    0.00      0.00     0.00   0.00    0.00     0.00    0.00    0.00    0.99  99.10
nvme12n1       435.00   3480.00     0.00   0.00    0.59     8.00    0.00      0.00     0.00   0.00    0.00     0.00    0.00      0.00     0.00   0.00    0.00     0.00    0.00    0.00    0.25  26.40
nvme2n1        446.00   3568.00     0.00   0.00    0.59     8.00    0.00      0.00     0.00   0.00    0.00     0.00    0.00      0.00     0.00   0.00    0.00     0.00    0.00    0.00    0.26  25.60
nvme5n1        442.00   3536.00     0.00   0.00    0.58     8.00    0.00      0.00     0.00   0.00    0.00     0.00    0.00      0.00     0.00   0.00    0.00     0.00    0.00    0.00    0.26  25.60
nvme9n1        375.00   3000.00     0.00   0.00    0.59     8.00    0.00      0.00     0.00   0.00    0.00     0.00    0.00      0.00     0.00   0.00    0.00     0.00    0.00    0.00    0.22  21.50
Device            r/s     rkB/s   rrqm/s  %rrqm r_await rareq-sz     w/s     wkB/s   wrqm/s  %wrqm w_await wareq-sz     d/s     dkB/s   drqm/s  %drqm d_await dareq-sz     f/s f_await  aqu-sz  %util
md0           1695.00  13560.00     0.00   0.00    0.59     8.00    0.00      0.00     0.00   0.00    0.00     0.00    0.00      0.00     0.00   0.00    0.00     0.00    0.00    0.00    0.99  99.30
nvme12n1       404.00   3232.00     0.00   0.00    0.59     8.00    0.00      0.00     0.00   0.00    0.00     0.00    0.00      0.00     0.00   0.00    0.00     0.00    0.00    0.00    0.24  23.90
nvme2n1        443.00   3544.00     0.00   0.00    0.58     8.00    0.00      0.00     0.00   0.00    0.00     0.00    0.00      0.00     0.00   0.00    0.00     0.00    0.00    0.00    0.26  25.50
nvme5n1        426.00   3408.00     0.00   0.00    0.58     8.00    0.00      0.00     0.00   0.00    0.00     0.00    0.00      0.00     0.00   0.00    0.00     0.00    0.00    0.00    0.25  24.40
nvme9n1        422.00   3376.00     0.00   0.00    0.59     8.00    0.00      0.00     0.00   0.00    0.00     0.00    0.00      0.00     0.00   0.00    0.00     0.00    0.00    0.00    0.25  25.50
Device            r/s     rkB/s   rrqm/s  %rrqm r_await rareq-sz     w/s     wkB/s   wrqm/s  %wrqm w_await wareq-sz     d/s     dkB/s   drqm/s  %drqm d_await dareq-sz     f/s f_await  aqu-sz  %util
md0           1681.00  13448.00     0.00   0.00    0.59     8.00    0.00      0.00     0.00   0.00    0.00     0.00    0.00      0.00     0.00   0.00    0.00     0.00    0.00    0.00    0.99  99.10
nvme12n1       454.00   3632.00     0.00   0.00    0.59     8.00    0.00      0.00     0.00   0.00    0.00     0.00    0.00      0.00     0.00   0.00    0.00     0.00    0.00    0.00    0.27  26.60
nvme2n1        405.00   3240.00     0.00   0.00    0.59     8.00    0.00      0.00     0.00   0.00    0.00     0.00    0.00      0.00     0.00   0.00    0.00     0.00    0.00    0.00    0.24  24.50
nvme5n1        419.00   3352.00     0.00   0.00    0.60     8.00    0.00      0.00     0.00   0.00    0.00     0.00    0.00      0.00     0.00   0.00    0.00     0.00    0.00    0.00    0.25  24.30
nvme9n1        403.00   3224.00     0.00   0.00    0.59     8.00    0.00      0.00     0.00   0.00    0.00     0.00    0.00      0.00     0.00   0.00    0.00     0.00    0.00    0.00    0.24  23.70
