Linux 6.14.0-1018-aws (ip-10-0-1-227) 	01/03/26 	_aarch64_	(8 CPU)

15:40:31     CPU    %usr   %nice    %sys %iowait    %irq   %soft  %steal  %guest  %gnice   %idle
15:40:32     all    0.88    0.00    0.62    0.75    0.00    0.00    0.00    0.00    0.00   97.75
15:40:32       0    1.00    0.00    0.00    0.00    0.00    0.00    0.00    0.00    0.00   99.00
15:40:32       1    1.01    0.00    0.00    0.00    0.00    0.00    0.00    0.00    0.00   98.99
15:40:32       2    0.00    0.00    0.00    0.00    0.00    0.00    0.00    0.00    0.00  100.00
15:40:32       3    0.00    0.00    2.02    0.00    0.00    0.00    0.00    0.00    0.00   97.98
15:40:32       4    0.99    0.00    0.99    1.98    0.00    0.00    0.00    0.00    0.00   96.04
15:40:32       5    0.00    0.00    1.00    0.00    0.00    0.00    0.00    0.00    0.00   99.00
15:40:32       6    4.00    0.00    0.00    4.00    0.00    0.00    0.00    0.00    0.00   92.00
15:40:32       7    0.00    0.00    0.99    0.00    0.00    0.00    0.00    0.00    0.00   99.01

15:40:32     CPU    %usr   %nice    %sys %iowait    %irq   %soft  %steal  %guest  %gnice   %idle
15:40:33     all    0.25    0.00    0.37    0.12    0.00    0.00    0.00    0.00    0.00   99.25
15:40:33       0    0.00    0.00    0.00    0.00    0.00    0.00    0.00    0.00    0.00  100.00
15:40:33       1    0.00    0.00    0.99    0.00    0.00    0.00    0.00    0.00    0.00   99.01
15:40:33       2    0.00    0.00    0.00    0.00    0.00    0.00    0.00    0.00    0.00  100.00
15:40:33       3    0.99    0.00    0.00    0.99    0.00    0.00    0.00    0.00    0.00   98.02
15:40:33       4    0.00    0.00    0.00    0.00    0.00    0.00    0.00    0.00    0.00  100.00
15:40:33       5    0.00    0.00    0.00    0.00    0.00    0.00    0.00    0.00    0.00  100.00
15:40:33       6    1.00    0.00    2.00    0.00    0.00    0.00    0.00    0.00    0.00   97.00
15:40:33       7    0.00    0.00    0.00    0.00    0.00    0.00    0.00    0.00    0.00  100.00

15:40:33     CPU    %usr   %nice    %sys %iowait    %irq   %soft  %steal  %guest  %gnice   %idle
15:40:34     all   46.47    0.00   38.41    5.16    0.00    0.76    0.00    0.00    0.00    9.19
15:40:34       0   45.00    0.00   40.00    5.00    0.00    1.00    0.00    0.00    0.00    9.00
15:40:34       1   48.98    0.00   36.73    7.14    0.00    1.02    0.00    0.00    0.00    6.12
15:40:34       2   49.49    0.00   37.37    4.04    0.00    1.01    0.00    0.00    0.00    8.08
15:40:34       3   45.92    0.00   39.80    4.08    0.00    0.00    0.00    0.00    0.00   10.20
15:40:34       4   46.46    0.00   39.39    5.05    0.00    0.00    0.00    0.00    0.00    9.09
15:40:34       5   45.54    0.00   37.62    5.94    0.00    0.99    0.00    0.00    0.00    9.90
15:40:34       6   44.00    0.00   40.00    5.00    0.00    1.00    0.00    0.00    0.00   10.00
15:40:34       7   46.46    0.00   36.36    5.05    0.00    1.01    0.00    0.00    0.00   11.11

15:40:34     CPU    %usr   %nice    %sys %iowait    %irq   %soft  %steal  %guest  %gnice   %idle
15:40:35     all   50.51    0.00   39.09    5.08    0.00    1.14    0.00    0.00    0.00    4.19
15:40:35       0   50.52    0.00   40.21    5.15    0.00    0.00    0.00    0.00    0.00    4.12
15:40:35       1   51.49    0.00   37.62    4.95    0.00    0.99    0.00    0.00    0.00    4.95
15:40:35       2   49.49    0.00   40.40    5.05    0.00    1.01    0.00    0.00    0.00    4.04
15:40:35       3   48.98    0.00   39.80    5.10    0.00    2.04    0.00    0.00    0.00    4.08
15:40:35       4   48.98    0.00   39.80    5.10    0.00    2.04    0.00    0.00    0.00    4.08
15:40:35       5   53.06    0.00   36.73    5.10    0.00    1.02    0.00    0.00    0.00    4.08
15:40:35       6   52.04    0.00   37.76    5.10    0.00    1.02    0.00    0.00    0.00    4.08
15:40:35       7   49.49    0.00   40.40    5.05    0.00    1.01    0.00    0.00    0.00    4.04

15:40:35     CPU    %usr   %nice    %sys %iowait    %irq   %soft  %steal  %guest  %gnice   %idle
15:40:36     all   52.02    0.00   38.41    4.79    0.00    0.63    0.00    0.00    0.00    4.16
15:40:36       0   52.53    0.00   37.37    4.04    0.00    2.02    0.00    0.00    0.00    4.04
15:40:36       1   51.52    0.00   40.40    4.04    0.00    0.00    0.00    0.00    0.00    4.04
15:40:36       2   49.49    0.00   40.40    5.05    0.00    1.01    0.00    0.00    0.00    4.04
15:40:36       3   51.49    0.00   38.61    4.95    0.00    0.00    0.00    0.00    0.00    4.95
15:40:36       4   54.55    0.00   36.36    5.05    0.00    0.00    0.00    0.00    0.00    4.04
15:40:36       5   51.52    0.00   39.39    5.05    0.00    0.00    0.00    0.00    0.00    4.04
15:40:36       6   52.53    0.00   37.37    5.05    0.00    1.01    0.00    0.00    0.00    4.04
15:40:36       7   52.53    0.00   37.37    5.05    0.00    1.01    0.00    0.00    0.00    4.04

15:40:36     CPU    %usr   %nice    %sys %iowait    %irq   %soft  %steal  %guest  %gnice   %idle
15:40:37     all   51.84    0.00   39.42    4.44    0.00    1.39    0.00    0.00    0.00    2.92
15:40:37       0   50.51    0.00   41.41    4.04    0.00    1.01    0.00    0.00    0.00    3.03
15:40:37       1   53.06    0.00   38.78    4.08    0.00    1.02    0.00    0.00    0.00    3.06
15:40:37       2   50.51    0.00   40.40    4.04    0.00    2.02    0.00    0.00    0.00    3.03
15:40:37       3   50.00    0.00   40.82    5.10    0.00    1.02    0.00    0.00    0.00    3.06
15:40:37       4   54.08    0.00   37.76    5.10    0.00    1.02    0.00    0.00    0.00    2.04
15:40:37       5   52.00    0.00   38.00    5.00    0.00    2.00    0.00    0.00    0.00    3.00
15:40:37       6   53.54    0.00   37.37    4.04    0.00    2.02    0.00    0.00    0.00    3.03
15:40:37       7   51.02    0.00   40.82    4.08    0.00    1.02    0.00    0.00    0.00    3.06

15:40:37     CPU    %usr   %nice    %sys %iowait    %irq   %soft  %steal  %guest  %gnice   %idle
15:40:38     all   51.95    0.00   39.97    4.04    0.00    1.51    0.00    0.00    0.00    2.52
15:40:38       0   52.04    0.00   39.80    4.08    0.00    1.02    0.00    0.00    0.00    3.06
15:40:38       1   49.02    0.00   42.16    3.92    0.00    1.96    0.00    0.00    0.00    2.94
15:40:38       2   52.04    0.00   38.78    5.10    0.00    2.04    0.00    0.00    0.00    2.04
15:40:38       3   56.00    0.00   37.00    3.00    0.00    1.00    0.00    0.00    0.00    3.00
15:40:38       4   50.51    0.00   41.41    3.03    0.00    2.02    0.00    0.00    0.00    3.03
15:40:38       5   53.06    0.00   38.78    4.08    0.00    1.02    0.00    0.00    0.00    3.06
15:40:38       6   52.53    0.00   39.39    5.05    0.00    1.01    0.00    0.00    0.00    2.02
15:40:38       7   50.51    0.00   42.42    4.04    0.00    2.02    0.00    0.00    0.00    1.01

15:40:38     CPU    %usr   %nice    %sys %iowait    %irq   %soft  %steal  %guest  %gnice   %idle
15:40:39     all   48.86    0.00   39.47   10.41    0.00    1.02    0.00    0.00    0.00    0.25
15:40:39       0   49.49    0.00   39.39   10.10    0.00    1.01    0.00    0.00    0.00    0.00
15:40:39       1   49.48    0.00   40.21    9.28    0.00    1.03    0.00    0.00    0.00    0.00
15:40:39       2   47.00    0.00   41.00   10.00    0.00    1.00    0.00    0.00    0.00    1.00
15:40:39       3   47.42    0.00   40.21   11.34    0.00    1.03    0.00    0.00    0.00    0.00
15:40:39       4   48.45    0.00   40.21   10.31    0.00    1.03    0.00    0.00    0.00    0.00
15:40:39       5   51.00    0.00   38.00   10.00    0.00    1.00    0.00    0.00    0.00    0.00
15:40:39       6   50.00    0.00   37.76   11.22    0.00    1.02    0.00    0.00    0.00    0.00
15:40:39       7   48.00    0.00   39.00   11.00    0.00    1.00    0.00    0.00    0.00    1.00

15:40:39     CPU    %usr   %nice    %sys %iowait    %irq   %soft  %steal  %guest  %gnice   %idle
15:40:40     all   47.11    0.00   37.74   14.12    0.00    0.77    0.00    0.00    0.00    0.26
15:40:40       0   48.98    0.00   36.73   13.27    0.00    1.02    0.00    0.00    0.00    0.00
15:40:40       1   46.88    0.00   36.46   15.62    0.00    1.04    0.00    0.00    0.00    0.00
15:40:40       2   47.37    0.00   38.95   13.68    0.00    0.00    0.00    0.00    0.00    0.00
15:40:40       3   47.47    0.00   36.36   15.15    0.00    1.01    0.00    0.00    0.00    0.00
15:40:40       4   47.96    0.00   36.73   14.29    0.00    0.00    0.00    0.00    0.00    1.02
15:40:40       5   46.94    0.00   37.76   14.29    0.00    1.02    0.00    0.00    0.00    0.00
15:40:40       6   44.90    0.00   39.80   13.27    0.00    1.02    0.00    0.00    0.00    1.02
15:40:40       7   46.39    0.00   39.18   13.40    0.00    1.03    0.00    0.00    0.00    0.00

15:40:40     CPU    %usr   %nice    %sys %iowait    %irq   %soft  %steal  %guest  %gnice   %idle
15:40:41     all   49.49    0.00   38.11   11.13    0.00    1.15    0.00    0.00    0.00    0.13
15:40:41       0   47.42    0.00   35.05   15.46    0.00    1.03    0.00    0.00    0.00    1.03
15:40:41       1   48.45    0.00   36.08   14.43    0.00    1.03    0.00    0.00    0.00    0.00
15:40:41       2   45.92    0.00   37.76   14.29    0.00    2.04    0.00    0.00    0.00    0.00
15:40:41       3   47.42    0.00   37.11   15.46    0.00    0.00    0.00    0.00    0.00    0.00
15:40:41       4   50.52    0.00   40.21    7.22    0.00    2.06    0.00    0.00    0.00    0.00
15:40:41       5   51.52    0.00   39.39    8.08    0.00    1.01    0.00    0.00    0.00    0.00
15:40:41       6   53.06    0.00   39.80    6.12    0.00    1.02    0.00    0.00    0.00    0.00
15:40:41       7   51.52    0.00   39.39    8.08    0.00    1.01    0.00    0.00    0.00    0.00

15:40:41     CPU    %usr   %nice    %sys %iowait    %irq   %soft  %steal  %guest  %gnice   %idle
15:40:42     all   37.19    0.00   32.43   13.38    0.00    0.90    0.00    0.00    0.00   16.09
15:40:42       0   37.11    0.00   29.90   31.96    0.00    1.03    0.00    0.00    0.00    0.00
15:40:42       1   35.42    0.00   30.21   11.46    0.00    1.04    0.00    0.00    0.00   21.88
15:40:42       2   34.69    0.00   30.61   12.24    0.00    1.02    0.00    0.00    0.00   21.43
15:40:42       3   35.42    0.00   31.25   18.75    0.00    1.04    0.00    0.00    0.00   13.54
15:40:42       4   37.76    0.00   35.71   16.33    0.00    1.02    0.00    0.00    0.00    9.18
15:40:42       5   39.18    0.00   32.99    5.15    0.00    1.03    0.00    0.00    0.00   21.65
15:40:42       6   39.80    0.00   33.67    6.12    0.00    0.00    0.00    0.00    0.00   20.41
15:40:42       7   38.14    0.00   35.05    5.15    0.00    1.03    0.00    0.00    0.00   20.62

15:40:42     CPU    %usr   %nice    %sys %iowait    %irq   %soft  %steal  %guest  %gnice   %idle
15:40:43     all   47.63    0.00   39.15   12.20    0.00    0.90    0.00    0.00    0.00    0.13
15:40:43       0   45.36    0.00   35.05   17.53    0.00    1.03    0.00    0.00    0.00    1.03
15:40:43       1   46.32    0.00   37.89   14.74    0.00    1.05    0.00    0.00    0.00    0.00
15:40:43       2   45.36    0.00   38.14   16.49    0.00    0.00    0.00    0.00    0.00    0.00
15:40:43       3   43.75    0.00   35.42   19.79    0.00    1.04    0.00    0.00    0.00    0.00
15:40:43       4   48.48    0.00   42.42    7.07    0.00    2.02    0.00    0.00    0.00    0.00
15:40:43       5   52.53    0.00   39.39    8.08    0.00    0.00    0.00    0.00    0.00    0.00
15:40:43       6   48.45    0.00   42.27    8.25    0.00    1.03    0.00    0.00    0.00    0.00
15:40:43       7   50.51    0.00   42.42    6.06    0.00    1.01    0.00    0.00    0.00    0.00

15:40:43     CPU    %usr   %nice    %sys %iowait    %irq   %soft  %steal  %guest  %gnice   %idle
15:40:44     all   38.54    0.00   32.27   12.80    0.00    1.28    0.00    0.00    0.00   15.11
15:40:44       0   38.30    0.00   31.91    8.51    0.00    1.06    0.00    0.00    0.00   20.21
15:40:44       1   41.41    0.00   30.30    9.09    0.00    1.01    0.00    0.00    0.00   18.18
15:40:44       2   40.40    0.00   29.29    8.08    0.00    2.02    0.00    0.00    0.00   20.20
15:40:44       3   37.11    0.00   29.90   11.34    0.00    1.03    0.00    0.00    0.00   20.62
15:40:44       4   39.18    0.00   32.99   25.77    0.00    1.03    0.00    0.00    0.00    1.03
15:40:44       5   38.54    0.00   33.33    7.29    0.00    1.04    0.00    0.00    0.00   19.79
15:40:44       6   37.00    0.00   35.00    6.00    0.00    2.00    0.00    0.00    0.00   20.00
15:40:44       7   36.36    0.00   35.35   26.26    0.00    1.01    0.00    0.00    0.00    1.01

15:40:44     CPU    %usr   %nice    %sys %iowait    %irq   %soft  %steal  %guest  %gnice   %idle
15:40:45     all   47.72    0.00   36.55   11.17    0.00    1.27    0.00    0.00    0.00    3.30
15:40:45       0   46.94    0.00   33.67   13.27    0.00    1.02    0.00    0.00    0.00    5.10
15:40:45       1   48.48    0.00   35.35   11.11    0.00    1.01    0.00    0.00    0.00    4.04
15:40:45       2   47.47    0.00   37.37    9.09    0.00    2.02    0.00    0.00    0.00    4.04
15:40:45       3   42.42    0.00   37.37   18.18    0.00    1.01    0.00    0.00    0.00    1.01
15:40:45       4   51.00    0.00   34.00    9.00    0.00    2.00    0.00    0.00    0.00    4.00
15:40:45       5   48.98    0.00   36.73    9.18    0.00    1.02    0.00    0.00    0.00    4.08
15:40:45       6   45.92    0.00   40.82    8.16    0.00    1.02    0.00    0.00    0.00    4.08
15:40:45       7   50.52    0.00   37.11   11.34    0.00    1.03    0.00    0.00    0.00    0.00

15:40:45     CPU    %usr   %nice    %sys %iowait    %irq   %soft  %steal  %guest  %gnice   %idle
15:40:46     all   38.03    0.00   30.22   13.57    0.00    0.77    0.00    0.00    0.00   17.41
15:40:46       0   35.79    0.00   31.58    9.47    0.00    1.05    0.00    0.00    0.00   22.11
15:40:46       1   39.39    0.00   27.27   10.10    0.00    1.01    0.00    0.00    0.00   22.22
15:40:46       2   39.39    0.00   28.28    8.08    0.00    1.01    0.00    0.00    0.00   23.23
15:40:46       3   33.68    0.00   37.89   23.16    0.00    1.05    0.00    0.00    0.00    4.21
15:40:46       4   39.80    0.00   30.61    9.18    0.00    0.00    0.00    0.00    0.00   20.41
15:40:46       5   38.78    0.00   29.59    9.18    0.00    0.00    0.00    0.00    0.00   22.45
15:40:46       6   39.18    0.00   27.84    8.25    0.00    1.03    0.00    0.00    0.00   23.71
15:40:46       7   38.00    0.00   29.00   31.00    0.00    1.00    0.00    0.00    0.00    1.00

15:40:46     CPU    %usr   %nice    %sys %iowait    %irq   %soft  %steal  %guest  %gnice   %idle
15:40:47     all   49.87    0.00   36.80   12.06    0.00    1.02    0.00    0.00    0.00    0.25
15:40:47       0   52.00    0.00   40.00    6.00    0.00    1.00    0.00    0.00    0.00    1.00
15:40:47       1   51.52    0.00   42.42    6.06    0.00    0.00    0.00    0.00    0.00    0.00
15:40:47       2   46.53    0.00   43.56    7.92    0.00    1.98    0.00    0.00    0.00    0.00
15:40:47       3   55.56    0.00   37.37    6.06    0.00    1.01    0.00    0.00    0.00    0.00
15:40:47       4   48.96    0.00   32.29   17.71    0.00    1.04    0.00    0.00    0.00    0.00
15:40:47       5   47.42    0.00   31.96   18.56    0.00    1.03    0.00    0.00    0.00    1.03
15:40:47       6   47.96    0.00   33.67   17.35    0.00    1.02    0.00    0.00    0.00    0.00
15:40:47       7   48.98    0.00   32.65   17.35    0.00    1.02    0.00    0.00    0.00    0.00

15:40:47     CPU    %usr   %nice    %sys %iowait    %irq   %soft  %steal  %guest  %gnice   %idle
15:40:48     all   48.28    0.00   38.75   11.44    0.00    1.02    0.00    0.00    0.00    0.51
15:40:48       0   47.92    0.00   39.58   11.46    0.00    1.04    0.00    0.00    0.00    0.00
15:40:48       1   52.48    0.00   34.65   10.89    0.00    0.99    0.00    0.00    0.00    0.99
15:40:48       2   48.48    0.00   36.36   13.13    0.00    1.01    0.00    0.00    0.00    1.01
15:40:48       3   43.88    0.00   43.88   11.22    0.00    1.02    0.00    0.00    0.00    0.00
15:40:48       4   46.94    0.00   39.80   11.22    0.00    1.02    0.00    0.00    0.00    1.02
15:40:48       5   49.49    0.00   39.39   10.10    0.00    1.01    0.00    0.00    0.00    0.00
15:40:48       6   47.47    0.00   38.38   12.12    0.00    1.01    0.00    0.00    0.00    1.01
15:40:48       7   49.48    0.00   38.14   11.34    0.00    1.03    0.00    0.00    0.00    0.00

15:40:48     CPU    %usr   %nice    %sys %iowait    %irq   %soft  %steal  %guest  %gnice   %idle
15:40:49     all   39.59    0.00   31.29   12.64    0.00    0.77    0.00    0.00    0.00   15.71
15:40:49       0   41.00    0.00   33.00    4.00    0.00    2.00    0.00    0.00    0.00   20.00
15:40:49       1   39.80    0.00   31.63    8.16    0.00    0.00    0.00    0.00    0.00   20.41
15:40:49       2   37.76    0.00   33.67    6.12    0.00    0.00    0.00    0.00    0.00   22.45
15:40:49       3   45.92    0.00   26.53   26.53    0.00    1.02    0.00    0.00    0.00    0.00
15:40:49       4   38.38    0.00   28.28   12.12    0.00    1.01    0.00    0.00    0.00   20.20
15:40:49       5   37.11    0.00   31.96   10.31    0.00    0.00    0.00    0.00    0.00   20.62
15:40:49       6   36.46    0.00   35.42   26.04    0.00    1.04    0.00    0.00    0.00    1.04
15:40:49       7   40.21    0.00   29.90    8.25    0.00    1.03    0.00    0.00    0.00   20.62

15:40:49     CPU    %usr   %nice    %sys %iowait    %irq   %soft  %steal  %guest  %gnice   %idle
15:40:50     all   50.06    0.00   37.93   10.60    0.00    0.64    0.00    0.00    0.00    0.77
15:40:50       0   51.02    0.00   37.76   11.22    0.00    0.00    0.00    0.00    0.00    0.00
15:40:50       1   47.96    0.00   38.78   11.22    0.00    1.02    0.00    0.00    0.00    1.02
15:40:50       2   48.51    0.00   39.60    9.90    0.00    0.99    0.00    0.00    0.00    0.99
15:40:50       3   49.48    0.00   39.18    8.25    0.00    1.03    0.00    0.00    0.00    2.06
15:40:50       4   52.08    0.00   36.46   11.46    0.00    0.00    0.00    0.00    0.00    0.00
15:40:50       5   51.02    0.00   35.71   11.22    0.00    1.02    0.00    0.00    0.00    1.02
15:40:50       6   48.98    0.00   38.78   10.20    0.00    1.02    0.00    0.00    0.00    1.02
15:40:50       7   51.55    0.00   37.11   11.34    0.00    0.00    0.00    0.00    0.00    0.00

15:40:50     CPU    %usr   %nice    %sys %iowait    %irq   %soft  %steal  %guest  %gnice   %idle
15:40:51     all   48.91    0.00   37.68   11.88    0.00    0.89    0.00    0.00    0.00    0.64
15:40:51       0   47.96    0.00   40.82    9.18    0.00    1.02    0.00    0.00    0.00    1.02
15:40:51       1   55.10    0.00   35.71    8.16    0.00    1.02    0.00    0.00    0.00    0.00
15:40:51       2   48.96    0.00   39.58    9.38    0.00    1.04    0.00    0.00    0.00    1.04
15:40:51       3   55.00    0.00   35.00    9.00    0.00    1.00    0.00    0.00    0.00    0.00
15:40:51       4   47.42    0.00   36.08   16.49    0.00    0.00    0.00    0.00    0.00    0.00
15:40:51       5   44.90    0.00   37.76   15.31    0.00    1.02    0.00    0.00    0.00    1.02
15:40:51       6   48.98    0.00   34.69   15.31    0.00    1.02    0.00    0.00    0.00    0.00
15:40:51       7   42.86    0.00   41.84   12.24    0.00    1.02    0.00    0.00    0.00    2.04

15:40:51     CPU    %usr   %nice    %sys %iowait    %irq   %soft  %steal  %guest  %gnice   %idle
15:40:52     all   29.83    0.00   23.82   14.72    0.00    0.90    0.00    0.00    0.00   30.73
15:40:52       0   27.55    0.00   20.41   48.98    0.00    2.04    0.00    0.00    0.00    1.02
15:40:52       1   30.61    0.00   21.43   17.35    0.00    1.02    0.00    0.00    0.00   29.59
15:40:52       2   28.57    0.00   22.45   17.35    0.00    0.00    0.00    0.00    0.00   31.63
15:40:52       3   28.42    0.00   21.05    8.42    0.00    0.00    0.00    0.00    0.00   42.11
15:40:52       4   29.59    0.00   25.51    3.06    0.00    1.02    0.00    0.00    0.00   40.82
15:40:52       5   32.32    0.00   25.25    2.02    0.00    1.01    0.00    0.00    0.00   39.39
15:40:52       6   29.29    0.00   27.27    3.03    0.00    1.01    0.00    0.00    0.00   39.39
15:40:52       7   32.29    0.00   27.08   17.71    0.00    1.04    0.00    0.00    0.00   21.88

15:40:52     CPU    %usr   %nice    %sys %iowait    %irq   %soft  %steal  %guest  %gnice   %idle
15:40:53     all   49.55    0.00   39.05    9.35    0.00    1.02    0.00    0.00    0.00    1.02
15:40:53       0   52.04    0.00   39.80    7.14    0.00    1.02    0.00    0.00    0.00    0.00
15:40:53       1   47.96    0.00   44.90    6.12    0.00    1.02    0.00    0.00    0.00    0.00
15:40:53       2   49.49    0.00   40.40    6.06    0.00    2.02    0.00    0.00    0.00    2.02
15:40:53       3   53.54    0.00   38.38    6.06    0.00    1.01    0.00    0.00    0.00    1.01
15:40:53       4   50.00    0.00   35.42   12.50    0.00    1.04    0.00    0.00    0.00    1.04
15:40:53       5   44.79    0.00   39.58   12.50    0.00    1.04    0.00    0.00    0.00    2.08
15:40:53       6   51.02    0.00   35.71   11.22    0.00    1.02    0.00    0.00    0.00    1.02
15:40:53       7   47.42    0.00   38.14   13.40    0.00    0.00    0.00    0.00    0.00    1.03

15:40:53     CPU    %usr   %nice    %sys %iowait    %irq   %soft  %steal  %guest  %gnice   %idle
15:40:54     all   49.62    0.00   38.55   10.31    0.00    0.76    0.00    0.00    0.00    0.76
15:40:54       0   52.04    0.00   36.73    9.18    0.00    1.02    0.00    0.00    0.00    1.02
15:40:54       1   48.48    0.00   38.38   10.10    0.00    2.02    0.00    0.00    0.00    1.01
15:40:54       2   51.00    0.00   39.00    9.00    0.00    1.00    0.00    0.00    0.00    0.00
15:40:54       3   47.96    0.00   41.84    9.18    0.00    0.00    0.00    0.00    0.00    1.02
15:40:54       4   48.98    0.00   37.76   12.24    0.00    0.00    0.00    0.00    0.00    1.02
15:40:54       5   51.55    0.00   37.11   11.34    0.00    0.00    0.00    0.00    0.00    0.00
15:40:54       6   48.98    0.00   38.78   10.20    0.00    1.02    0.00    0.00    0.00    1.02
15:40:54       7   47.96    0.00   38.78   11.22    0.00    1.02    0.00    0.00    0.00    1.02

15:40:54     CPU    %usr   %nice    %sys %iowait    %irq   %soft  %steal  %guest  %gnice   %idle
15:40:55     all   48.54    0.00   38.53   11.03    0.00    0.89    0.00    0.00    0.00    1.01
15:40:55       0   43.43    0.00   38.38   16.16    0.00    1.01    0.00    0.00    0.00    1.01
15:40:55       1   47.42    0.00   34.02   16.49    0.00    0.00    0.00    0.00    0.00    2.06
15:40:55       2   47.47    0.00   34.34   15.15    0.00    1.01    0.00    0.00    0.00    2.02
15:40:55       3   45.36    0.00   39.18   13.40    0.00    1.03    0.00    0.00    0.00    1.03
15:40:55       4   52.53    0.00   40.40    6.06    0.00    1.01    0.00    0.00    0.00    0.00
15:40:55       5   50.00    0.00   41.00    7.00    0.00    1.00    0.00    0.00    0.00    1.00
15:40:55       6   51.02    0.00   40.82    7.14    0.00    1.02    0.00    0.00    0.00    0.00
15:40:55       7   51.00    0.00   40.00    7.00    0.00    1.00    0.00    0.00    0.00    1.00

15:40:55     CPU    %usr   %nice    %sys %iowait    %irq   %soft  %steal  %guest  %gnice   %idle
15:40:56     all   48.85    0.00   37.60   10.74    0.00    1.28    0.00    0.00    0.00    1.53
15:40:56       0   52.58    0.00   36.08    9.28    0.00    1.03    0.00    0.00    0.00    1.03
15:40:56       1   47.96    0.00   37.76   11.22    0.00    2.04    0.00    0.00    0.00    1.02
15:40:56       2   46.94    0.00   39.80   11.22    0.00    1.02    0.00    0.00    0.00    1.02
15:40:56       3   50.00    0.00   37.76    9.18    0.00    1.02    0.00    0.00    0.00    2.04
15:40:56       4   43.88    0.00   40.82   12.24    0.00    1.02    0.00    0.00    0.00    2.04
15:40:56       5   49.00    0.00   38.00   10.00    0.00    1.00    0.00    0.00    0.00    2.00
15:40:56       6   50.52    0.00   34.02   11.34    0.00    2.06    0.00    0.00    0.00    2.06
15:40:56       7   50.00    0.00   36.46   11.46    0.00    1.04    0.00    0.00    0.00    1.04

15:40:56     CPU    %usr   %nice    %sys %iowait    %irq   %soft  %steal  %guest  %gnice   %idle
15:40:57     all   43.97    0.00   35.38   16.54    0.00    0.90    0.00    0.00    0.00    3.21
15:40:57       0   43.30    0.00   35.05   16.49    0.00    1.03    0.00    0.00    0.00    4.12
15:40:57       1   44.90    0.00   33.67   16.33    0.00    1.02    0.00    0.00    0.00    4.08
15:40:57       2   45.36    0.00   31.96   18.56    0.00    1.03    0.00    0.00    0.00    3.09
15:40:57       3   44.33    0.00   34.02   16.49    0.00    1.03    0.00    0.00    0.00    4.12
15:40:57       4   43.43    0.00   37.37   15.15    0.00    1.01    0.00    0.00    0.00    3.03
15:40:57       5   42.27    0.00   38.14   16.49    0.00    1.03    0.00    0.00    0.00    2.06
15:40:57       6   47.92    0.00   33.33   16.67    0.00    0.00    0.00    0.00    0.00    2.08
15:40:57       7   40.40    0.00   39.39   16.16    0.00    1.01    0.00    0.00    0.00    3.03

15:40:57     CPU    %usr   %nice    %sys %iowait    %irq   %soft  %steal  %guest  %gnice   %idle
15:40:58     all   30.50    0.00   24.61   37.30    0.00    0.39    0.00    0.00    0.00    7.20
15:40:58       0   30.11    0.00   23.66   45.16    0.00    0.00    0.00    0.00    0.00    1.08
15:40:58       1   30.53    0.00   24.21   43.16    0.00    0.00    0.00    0.00    0.00    2.11
15:40:58       2   28.72    0.00   25.53   43.62    0.00    0.00    0.00    0.00    0.00    2.13
15:40:58       3   29.79    0.00   22.34   23.40    0.00    1.06    0.00    0.00    0.00   23.40
15:40:58       4   33.68    0.00   23.16   21.05    0.00    0.00    0.00    0.00    0.00   22.11
15:40:58       5   27.84    0.00   27.84   41.24    0.00    1.03    0.00    0.00    0.00    2.06
15:40:58       6   32.32    0.00   24.24   40.40    0.00    1.01    0.00    0.00    0.00    2.02
15:40:58       7   30.93    0.00   25.77   40.21    0.00    0.00    0.00    0.00    0.00    3.09

15:40:58     CPU    %usr   %nice    %sys %iowait    %irq   %soft  %steal  %guest  %gnice   %idle
15:40:59     all   37.43    0.00   30.89   28.01    0.00    1.05    0.00    0.00    0.00    2.62
15:40:59       0   37.11    0.00   32.99   26.80    0.00    1.03    0.00    0.00    0.00    2.06
15:40:59       1   38.54    0.00   33.33   25.00    0.00    2.08    0.00    0.00    0.00    1.04
15:40:59       2   40.00    0.00   30.53   26.32    0.00    1.05    0.00    0.00    0.00    2.11
15:40:59       3   41.05    0.00   29.47   27.37    0.00    1.05    0.00    0.00    0.00    1.05
15:40:59       4   38.38    0.00   28.28   28.28    0.00    1.01    0.00    0.00    0.00    4.04
15:40:59       5   35.48    0.00   30.11   31.18    0.00    0.00    0.00    0.00    0.00    3.23
15:40:59       6   35.79    0.00   29.47   29.47    0.00    1.05    0.00    0.00    0.00    4.21
15:40:59       7   32.98    0.00   32.98   29.79    0.00    1.06    0.00    0.00    0.00    3.19

15:40:59     CPU    %usr   %nice    %sys %iowait    %irq   %soft  %steal  %guest  %gnice   %idle
15:41:00     all   38.51    0.00   31.47   26.96    0.00    0.40    0.00    0.00    0.00    2.66
15:41:00       0   39.78    0.00   33.33   24.73    0.00    0.00    0.00    0.00    0.00    2.15
15:41:00       1   41.94    0.00   29.03   26.88    0.00    0.00    0.00    0.00    0.00    2.15
15:41:00       2   38.54    0.00   32.29   26.04    0.00    1.04    0.00    0.00    0.00    2.08
15:41:00       3   38.71    0.00   32.26   26.88    0.00    0.00    0.00    0.00    0.00    2.15
15:41:00       4   36.56    0.00   33.33   26.88    0.00    0.00    0.00    0.00    0.00    3.23
15:41:00       5   38.14    0.00   30.93   25.77    0.00    1.03    0.00    0.00    0.00    4.12
15:41:00       6   38.95    0.00   28.42   29.47    0.00    1.05    0.00    0.00    0.00    2.11
15:41:00       7   35.48    0.00   32.26   29.03    0.00    0.00    0.00    0.00    0.00    3.23

15:41:00     CPU    %usr   %nice    %sys %iowait    %irq   %soft  %steal  %guest  %gnice   %idle
15:41:01     all   39.97    0.00   31.13   24.80    0.00    1.06    0.00    0.00    0.00    3.03
15:41:01       0   38.95    0.00   32.63   22.11    0.00    1.05    0.00    0.00    0.00    5.26
15:41:01       1   41.49    0.00   32.98   23.40    0.00    1.06    0.00    0.00    0.00    1.06
15:41:01       2   42.86    0.00   31.63   21.43    0.00    2.04    0.00    0.00    0.00    2.04
15:41:01       3   40.82    0.00   30.61   24.49    0.00    1.02    0.00    0.00    0.00    3.06
15:41:01       4   42.55    0.00   26.60   26.60    0.00    1.06    0.00    0.00    0.00    3.19
15:41:01       5   39.78    0.00   31.18   26.88    0.00    0.00    0.00    0.00    0.00    2.15
15:41:01       6   37.63    0.00   30.11   26.88    0.00    1.08    0.00    0.00    0.00    4.30
15:41:01       7   35.48    0.00   33.33   26.88    0.00    1.08    0.00    0.00    0.00    3.23

15:41:01     CPU    %usr   %nice    %sys %iowait    %irq   %soft  %steal  %guest  %gnice   %idle
15:41:02     all   25.65    0.00   21.76   41.32    0.00    0.39    0.00    0.00    0.00   10.88
15:41:02       0   25.51    0.00   22.45   50.00    0.00    0.00    0.00    0.00    0.00    2.04
15:41:02       1   26.80    0.00   20.62   43.30    0.00    0.00    0.00    0.00    0.00    9.28
15:41:02       2   25.00    0.00   20.83   42.71    0.00    0.00    0.00    0.00    0.00   11.46
15:41:02       3   26.80    0.00   21.65   42.27    0.00    0.00    0.00    0.00    0.00    9.28
15:41:02       4   26.60    0.00   21.28   42.55    0.00    0.00    0.00    0.00    0.00    9.57
15:41:02       5   25.00    0.00   20.83   21.88    0.00    1.04    0.00    0.00    0.00   31.25
15:41:02       6   26.04    0.00   21.88   40.62    0.00    1.04    0.00    0.00    0.00   10.42
15:41:02       7   23.47    0.00   24.49   46.94    0.00    1.02    0.00    0.00    0.00    4.08

15:41:02     CPU    %usr   %nice    %sys %iowait    %irq   %soft  %steal  %guest  %gnice   %idle
15:41:03     all   24.90    0.00   19.64   47.24    0.00    0.39    0.00    0.00    0.00    7.83
15:41:03       0   23.71    0.00   19.59   52.58    0.00    0.00    0.00    0.00    0.00    4.12
15:41:03       1   23.71    0.00   18.56   53.61    0.00    1.03    0.00    0.00    0.00    3.09
15:41:03       2   26.26    0.00   17.17   52.53    0.00    1.01    0.00    0.00    0.00    3.03
15:41:03       3   23.96    0.00   20.83   32.29    0.00    0.00    0.00    0.00    0.00   22.92
15:41:03       4   24.00    0.00   21.00   52.00    0.00    1.00    0.00    0.00    0.00    2.00
15:41:03       5   25.77    0.00   19.59   31.96    0.00    0.00    0.00    0.00    0.00   22.68
15:41:03       6   25.77    0.00   20.62   51.55    0.00    0.00    0.00    0.00    0.00    2.06
15:41:03       7   26.04    0.00   19.79   51.04    0.00    0.00    0.00    0.00    0.00    3.12

15:41:03     CPU    %usr   %nice    %sys %iowait    %irq   %soft  %steal  %guest  %gnice   %idle
15:41:04     all    0.25    0.00    1.14   98.61    0.00    0.00    0.00    0.00    0.00    0.00
15:41:04       0    0.00    0.00    0.00  100.00    0.00    0.00    0.00    0.00    0.00    0.00
15:41:04       1    1.01    0.00    1.01   97.98    0.00    0.00    0.00    0.00    0.00    0.00
15:41:04       2    0.00    0.00    1.01   98.99    0.00    0.00    0.00    0.00    0.00    0.00
15:41:04       3    0.00    0.00    0.00  100.00    0.00    0.00    0.00    0.00    0.00    0.00
15:41:04       4    0.00    0.00    2.04   97.96    0.00    0.00    0.00    0.00    0.00    0.00
15:41:04       5    0.00    0.00    1.01   98.99    0.00    0.00    0.00    0.00    0.00    0.00
15:41:04       6    0.00    0.00    0.00  100.00    0.00    0.00    0.00    0.00    0.00    0.00
15:41:04       7    1.01    0.00    4.04   94.95    0.00    0.00    0.00    0.00    0.00    0.00

15:41:04     CPU    %usr   %nice    %sys %iowait    %irq   %soft  %steal  %guest  %gnice   %idle
15:41:05     all    0.25    0.00    1.01   96.48    0.00    0.13    0.00    0.00    0.00    2.14
15:41:05       0    0.00    0.00    0.00  100.00    0.00    0.00    0.00    0.00    0.00    0.00
15:41:05       1    1.00    0.00    1.00   81.00    0.00    0.00    0.00    0.00    0.00   17.00
15:41:05       2    0.00    0.00    0.00  100.00    0.00    0.00    0.00    0.00    0.00    0.00
15:41:05       3    0.99    0.00    0.99   98.02    0.00    0.00    0.00    0.00    0.00    0.00
15:41:05       4    0.00    0.00    1.02   98.98    0.00    0.00    0.00    0.00    0.00    0.00
15:41:05       5    0.00    0.00    4.08   94.90    0.00    1.02    0.00    0.00    0.00    0.00
15:41:05       6    0.00    0.00    1.00   99.00    0.00    0.00    0.00    0.00    0.00    0.00
15:41:05       7    0.00    0.00    0.00  100.00    0.00    0.00    0.00    0.00    0.00    0.00

15:41:05     CPU    %usr   %nice    %sys %iowait    %irq   %soft  %steal  %guest  %gnice   %idle
15:41:06     all   37.91    0.00   32.55   25.62    0.00    0.78    0.00    0.00    0.00    3.14
15:41:06       0   35.42    0.00   39.58   22.92    0.00    1.04    0.00    0.00    0.00    1.04
15:41:06       1   40.62    0.00   35.42   21.88    0.00    0.00    0.00    0.00    0.00    2.08
15:41:06       2   42.71    0.00   32.29   23.96    0.00    0.00    0.00    0.00    0.00    1.04
15:41:06       3   42.86    0.00   30.61   22.45    0.00    1.02    0.00    0.00    0.00    3.06
15:41:06       4   38.54    0.00   28.12   29.17    0.00    1.04    0.00    0.00    0.00    3.12
15:41:06       5   34.78    0.00   30.43   29.35    0.00    1.09    0.00    0.00    0.00    4.35
15:41:06       6   36.46    0.00   29.17   28.12    0.00    1.04    0.00    0.00    0.00    5.21
15:41:06       7   31.58    0.00   34.74   27.37    0.00    1.05    0.00    0.00    0.00    5.26

15:41:06     CPU    %usr   %nice    %sys %iowait    %irq   %soft  %steal  %guest  %gnice   %idle
15:41:07     all   41.00    0.00   31.27   24.05    0.00    0.39    0.00    0.00    0.00    3.29
15:41:07       0   38.71    0.00   32.26   25.81    0.00    0.00    0.00    0.00    0.00    3.23
15:41:07       1   40.62    0.00   31.25   23.96    0.00    1.04    0.00    0.00    0.00    3.12
15:41:07       2   41.05    0.00   29.47   24.21    0.00    1.05    0.00    0.00    0.00    4.21
15:41:07       3   40.00    0.00   30.53   26.32    0.00    0.00    0.00    0.00    0.00    3.16
15:41:07       4   42.55    0.00   31.91   22.34    0.00    0.00    0.00    0.00    0.00    3.19
15:41:07       5   43.16    0.00   31.58   22.11    0.00    0.00    0.00    0.00    0.00    3.16
15:41:07       6   38.54    0.00   32.29   25.00    0.00    1.04    0.00    0.00    0.00    3.12
15:41:07       7   43.30    0.00   30.93   22.68    0.00    0.00    0.00    0.00    0.00    3.09

15:41:07     CPU    %usr   %nice    %sys %iowait    %irq   %soft  %steal  %guest  %gnice   %idle
15:41:08     all   41.18    0.00   33.59   20.92    0.00    0.78    0.00    0.00    0.00    3.53
15:41:08       0   39.80    0.00   35.71   20.41    0.00    1.02    0.00    0.00    0.00    3.06
15:41:08       1   43.30    0.00   31.96   21.65    0.00    0.00    0.00    0.00    0.00    3.09
15:41:08       2   41.67    0.00   31.25   21.88    0.00    1.04    0.00    0.00    0.00    4.17
15:41:08       3   37.50    0.00   35.42   21.88    0.00    1.04    0.00    0.00    0.00    4.17
15:41:08       4   40.43    0.00   34.04   21.28    0.00    1.06    0.00    0.00    0.00    3.19
15:41:08       5   41.05    0.00   33.68   21.05    0.00    1.05    0.00    0.00    0.00    3.16
15:41:08       6   44.68    0.00   31.91   20.21    0.00    0.00    0.00    0.00    0.00    3.19
15:41:08       7   41.05    0.00   34.74   18.95    0.00    1.05    0.00    0.00    0.00    4.21

15:41:08     CPU    %usr   %nice    %sys %iowait    %irq   %soft  %steal  %guest  %gnice   %idle
15:41:09     all   36.82    0.00   29.40   30.20    0.00    0.66    0.00    0.00    0.00    2.91
15:41:09       0   36.84    0.00   30.53   29.47    0.00    0.00    0.00    0.00    0.00    3.16
15:41:09       1   39.36    0.00   27.66   30.85    0.00    0.00    0.00    0.00    0.00    2.13
15:41:09       2   35.79    0.00   29.47   29.47    0.00    1.05    0.00    0.00    0.00    4.21
15:41:09       3   35.48    0.00   31.18   31.18    0.00    0.00    0.00    0.00    0.00    2.15
15:41:09       4   37.50    0.00   28.12   30.21    0.00    1.04    0.00    0.00    0.00    3.12
15:41:09       5   37.23    0.00   29.79   28.72    0.00    1.06    0.00    0.00    0.00    3.19
15:41:09       6   34.04    0.00   30.85   31.91    0.00    1.06    0.00    0.00    0.00    2.13
15:41:09       7   38.30    0.00   27.66   29.79    0.00    1.06    0.00    0.00    0.00    3.19

15:41:09     CPU    %usr   %nice    %sys %iowait    %irq   %soft  %steal  %guest  %gnice   %idle
15:41:10     all   42.18    0.00   32.98   20.76    0.00    0.92    0.00    0.00    0.00    3.15
15:41:10       0   42.55    0.00   31.91   20.21    0.00    1.06    0.00    0.00    0.00    4.26
15:41:10       1   40.00    0.00   32.63   22.11    0.00    1.05    0.00    0.00    0.00    4.21
15:41:10       2   43.30    0.00   29.90   22.68    0.00    1.03    0.00    0.00    0.00    3.09
15:41:10       3   36.96    0.00   34.78   22.83    0.00    1.09    0.00    0.00    0.00    4.35
15:41:10       4   43.16    0.00   34.74   18.95    0.00    1.05    0.00    0.00    0.00    2.11
15:41:10       5   43.62    0.00   32.98   20.21    0.00    1.06    0.00    0.00    0.00    2.13
15:41:10       6   42.86    0.00   33.67   20.41    0.00    1.02    0.00    0.00    0.00    2.04
15:41:10       7   44.79    0.00   33.33   18.75    0.00    0.00    0.00    0.00    0.00    3.12

15:41:10     CPU    %usr   %nice    %sys %iowait    %irq   %soft  %steal  %guest  %gnice   %idle
15:41:11     all   38.19    0.00   31.23   26.90    0.00    0.66    0.00    0.00    0.00    3.02
15:41:11       0   39.36    0.00   29.79   27.66    0.00    1.06    0.00    0.00    0.00    2.13
15:41:11       1   35.48    0.00   32.26   27.96    0.00    0.00    0.00    0.00    0.00    4.30
15:41:11       2   36.17    0.00   30.85   28.72    0.00    0.00    0.00    0.00    0.00    4.26
15:41:11       3   38.14    0.00   28.87   27.84    0.00    1.03    0.00    0.00    0.00    4.12
15:41:11       4   40.00    0.00   30.53   27.37    0.00    0.00    0.00    0.00    0.00    2.11
15:41:11       5   40.62    0.00   32.29   23.96    0.00    1.04    0.00    0.00    0.00    2.08
15:41:11       6   36.84    0.00   32.63   26.32    0.00    1.05    0.00    0.00    0.00    3.16
15:41:11       7   38.78    0.00   32.65   25.51    0.00    1.02    0.00    0.00    0.00    2.04

15:41:11     CPU    %usr   %nice    %sys %iowait    %irq   %soft  %steal  %guest  %gnice   %idle
15:41:12     all   28.55    0.00   23.34   41.46    0.00    0.52    0.00    0.00    0.00    6.13
15:41:12       0   29.17    0.00   21.88   41.67    0.00    0.00    0.00    0.00    0.00    7.29
15:41:12       1   27.37    0.00   22.11   40.00    0.00    1.05    0.00    0.00    0.00    9.47
15:41:12       2   27.84    0.00   24.74   44.33    0.00    1.03    0.00    0.00    0.00    2.06
15:41:12       3   29.47    0.00   23.16   40.00    0.00    0.00    0.00    0.00    0.00    7.37
15:41:12       4   28.12    0.00   23.96   38.54    0.00    1.04    0.00    0.00    0.00    8.33
15:41:12       5   31.96    0.00   22.68   36.08    0.00    0.00    0.00    0.00    0.00    9.28
15:41:12       6   28.12    0.00   22.92   45.83    0.00    1.04    0.00    0.00    0.00    2.08
15:41:12       7   26.32    0.00   25.26   45.26    0.00    0.00    0.00    0.00    0.00    3.16

15:41:12     CPU    %usr   %nice    %sys %iowait    %irq   %soft  %steal  %guest  %gnice   %idle
15:41:13     all   31.67    0.00   26.81   34.69    0.00    0.92    0.00    0.00    0.00    5.91
15:41:13       0   29.79    0.00   29.79   37.23    0.00    2.13    0.00    0.00    0.00    1.06
15:41:13       1   32.98    0.00   25.53   37.23    0.00    0.00    0.00    0.00    0.00    4.26
15:41:13       2   33.68    0.00   25.26   38.95    0.00    1.05    0.00    0.00    0.00    1.05
15:41:13       3   32.99    0.00   26.80   36.08    0.00    1.03    0.00    0.00    0.00    3.09
15:41:13       4   33.33    0.00   25.00   37.50    0.00    1.04    0.00    0.00    0.00    3.12
15:41:13       5   30.53    0.00   26.32   40.00    0.00    1.05    0.00    0.00    0.00    2.11
15:41:13       6   30.53    0.00   27.37   25.26    0.00    0.00    0.00    0.00    0.00   16.84
15:41:13       7   29.47    0.00   28.42   25.26    0.00    1.05    0.00    0.00    0.00   15.79

15:41:13     CPU    %usr   %nice    %sys %iowait    %irq   %soft  %steal  %guest  %gnice   %idle
15:41:14     all   22.80    0.00   19.17   44.82    0.00    0.39    0.00    0.00    0.00   12.82
15:41:14       0   23.16    0.00   20.00   34.74    0.00    0.00    0.00    0.00    0.00   22.11
15:41:14       1   22.68    0.00   19.59   54.64    0.00    1.03    0.00    0.00    0.00    2.06
15:41:14       2   23.47    0.00   19.39   53.06    0.00    0.00    0.00    0.00    0.00    4.08
15:41:14       3   24.24    0.00   19.19   41.41    0.00    0.00    0.00    0.00    0.00   15.15
15:41:14       4   22.11    0.00   17.89   57.89    0.00    0.00    0.00    0.00    0.00    2.11
15:41:14       5   22.92    0.00   19.79   22.92    0.00    0.00    0.00    0.00    0.00   34.38
15:41:14       6   23.16    0.00   16.84   45.26    0.00    1.05    0.00    0.00    0.00   13.68
15:41:14       7   20.62    0.00   20.62   48.45    0.00    1.03    0.00    0.00    0.00    9.28

15:41:14     CPU    %usr   %nice    %sys %iowait    %irq   %soft  %steal  %guest  %gnice   %idle
15:41:15     all   22.44    0.00   18.46   35.77    0.00    0.51    0.00    0.00    0.00   22.82
15:41:15       0   22.22    0.00   18.18   17.17    0.00    1.01    0.00    0.00    0.00   41.41
15:41:15       1   20.83    0.00   18.75   22.92    0.00    0.00    0.00    0.00    0.00   37.50
15:41:15       2   22.45    0.00   17.35   34.69    0.00    0.00    0.00    0.00    0.00   25.51
15:41:15       3   22.45    0.00   16.33   52.04    0.00    1.02    0.00    0.00    0.00    8.16
15:41:15       4   22.68    0.00   18.56   44.33    0.00    0.00    0.00    0.00    0.00   14.43
15:41:15       5   21.65    0.00   20.62    9.28    0.00    0.00    0.00    0.00    0.00   48.45
15:41:15       6   23.23    0.00   19.19   55.56    0.00    1.01    0.00    0.00    0.00    1.01
15:41:15       7   23.96    0.00   18.75   50.00    0.00    1.04    0.00    0.00    0.00    6.25

15:41:15     CPU    %usr   %nice    %sys %iowait    %irq   %soft  %steal  %guest  %gnice   %idle
15:41:16     all   26.48    0.00   21.34   25.71    0.00    0.39    0.00    0.00    0.00   26.09
15:41:16       0   26.04    0.00   21.88   21.88    0.00    0.00    0.00    0.00    0.00   30.21
15:41:16       1   25.51    0.00   21.43   29.59    0.00    0.00    0.00    0.00    0.00   23.47
15:41:16       2   25.77    0.00   20.62   37.11    0.00    1.03    0.00    0.00    0.00   15.46
15:41:16       3   24.74    0.00   21.65   15.46    0.00    0.00    0.00    0.00    0.00   38.14
15:41:16       4   26.80    0.00   22.68   34.02    0.00    1.03    0.00    0.00    0.00   15.46
15:41:16       5   25.25    0.00   22.22   14.14    0.00    1.01    0.00    0.00    0.00   37.37
15:41:16       6   27.84    0.00   20.62   18.56    0.00    0.00    0.00    0.00    0.00   32.99
15:41:16       7   29.90    0.00   19.59   35.05    0.00    0.00    0.00    0.00    0.00   15.46

15:41:16     CPU    %usr   %nice    %sys %iowait    %irq   %soft  %steal  %guest  %gnice   %idle
15:41:17     all   10.24    0.00    8.45   44.43    0.00    0.13    0.00    0.00    0.00   36.75
15:41:17       0    9.38    0.00    7.29   63.54    0.00    0.00    0.00    0.00    0.00   19.79
15:41:17       1    9.18    0.00    9.18   41.84    0.00    0.00    0.00    0.00    0.00   39.80
15:41:17       2   11.34    0.00    8.25   41.24    0.00    0.00    0.00    0.00    0.00   39.18
15:41:17       3   10.10    0.00   10.10   59.60    0.00    1.01    0.00    0.00    0.00   19.19
15:41:17       4    9.09    0.00   10.10   25.25    0.00    0.00    0.00    0.00    0.00   55.56
15:41:17       5   10.42    0.00    8.33   60.42    0.00    0.00    0.00    0.00    0.00   20.83
15:41:17       6   12.24    0.00    6.12   61.22    0.00    0.00    0.00    0.00    0.00   20.41
15:41:17       7   10.20    0.00    8.16    3.06    0.00    0.00    0.00    0.00    0.00   78.57

15:41:17     CPU    %usr   %nice    %sys %iowait    %irq   %soft  %steal  %guest  %gnice   %idle
15:41:18     all   15.84    0.00   12.29   42.08    0.00    0.25    0.00    0.00    0.00   29.53
15:41:18       0   15.15    0.00   12.12   65.66    0.00    0.00    0.00    0.00    0.00    7.07
15:41:18       1   16.16    0.00   12.12   24.24    0.00    1.01    0.00    0.00    0.00   46.46
15:41:18       2   14.43    0.00   12.37   11.34    0.00    0.00    0.00    0.00    0.00   61.86
15:41:18       3   14.29    0.00   13.27   51.02    0.00    0.00    0.00    0.00    0.00   21.43
15:41:18       4   15.46    0.00   13.40   43.30    0.00    0.00    0.00    0.00    0.00   27.84
15:41:18       5   16.16    0.00   12.12   49.49    0.00    0.00    0.00    0.00    0.00   22.22
15:41:18       6   17.00    0.00   12.00   30.00    0.00    1.00    0.00    0.00    0.00   40.00
15:41:18       7   18.00    0.00   11.00   61.00    0.00    0.00    0.00    0.00    0.00   10.00

15:41:18     CPU    %usr   %nice    %sys %iowait    %irq   %soft  %steal  %guest  %gnice   %idle
15:41:19     all   39.62    0.00   31.34   17.32    0.00    0.51    0.00    0.00    0.00   11.21
15:41:19       0   38.54    0.00   32.29   19.79    0.00    1.04    0.00    0.00    0.00    8.33
15:41:19       1   39.58    0.00   32.29   18.75    0.00    0.00    0.00    0.00    0.00    9.38
15:41:19       2   39.39    0.00   30.30   12.12    0.00    1.01    0.00    0.00    0.00   17.17
15:41:19       3   38.38    0.00   32.32   26.26    0.00    1.01    0.00    0.00    0.00    2.02
15:41:19       4   42.00    0.00   30.00   11.00    0.00    1.00    0.00    0.00    0.00   16.00
15:41:19       5   39.80    0.00   31.63   26.53    0.00    0.00    0.00    0.00    0.00    2.04
15:41:19       6   38.14    0.00   30.93   13.40    0.00    0.00    0.00    0.00    0.00   17.53
15:41:19       7   41.00    0.00   31.00   11.00    0.00    0.00    0.00    0.00    0.00   17.00

15:41:19     CPU    %usr   %nice    %sys %iowait    %irq   %soft  %steal  %guest  %gnice   %idle
15:41:20     all   24.49    0.00   20.00   42.18    0.00    0.64    0.00    0.00    0.00   12.69
15:41:20       0   24.74    0.00   17.53   35.05    0.00    1.03    0.00    0.00    0.00   21.65
15:41:20       1   25.00    0.00   19.00   27.00    0.00    1.00    0.00    0.00    0.00   28.00
15:41:20       2   21.88    0.00   19.79   56.25    0.00    0.00    0.00    0.00    0.00    2.08
15:41:20       3   23.16    0.00   20.00   54.74    0.00    0.00    0.00    0.00    0.00    2.11
15:41:20       4   25.00    0.00   19.79   52.08    0.00    0.00    0.00    0.00    0.00    3.12
15:41:20       5   26.53    0.00   19.39   12.24    0.00    1.02    0.00    0.00    0.00   40.82
15:41:20       6   22.22    0.00   23.23   51.52    0.00    1.01    0.00    0.00    0.00    2.02
15:41:20       7   27.27    0.00   21.21   49.49    0.00    1.01    0.00    0.00    0.00    1.01

15:41:20     CPU    %usr   %nice    %sys %iowait    %irq   %soft  %steal  %guest  %gnice   %idle
15:41:21     all   26.55    0.00   21.39   36.47    0.00    0.52    0.00    0.00    0.00   15.08
15:41:21       0   25.00    0.00   22.92   32.29    0.00    0.00    0.00    0.00    0.00   19.79
15:41:21       1   25.00    0.00   22.92   50.00    0.00    0.00    0.00    0.00    0.00    2.08
15:41:21       2   27.55    0.00   21.43   14.29    0.00    1.02    0.00    0.00    0.00   35.71
15:41:21       3   26.53    0.00   20.41   13.27    0.00    1.02    0.00    0.00    0.00   38.78
15:41:21       4   25.51    0.00   21.43   50.00    0.00    1.02    0.00    0.00    0.00    2.04
15:41:21       5   27.08    0.00   20.83   32.29    0.00    0.00    0.00    0.00    0.00   19.79
15:41:21       6   26.53    0.00   21.43   50.00    0.00    1.02    0.00    0.00    0.00    1.02
15:41:21       7   29.17    0.00   19.79   50.00    0.00    0.00    0.00    0.00    0.00    1.04

15:41:21     CPU    %usr   %nice    %sys %iowait    %irq   %soft  %steal  %guest  %gnice   %idle
15:41:22     all   41.15    0.00   33.46   21.88    0.00    0.65    0.00    0.00    0.00    2.86
15:41:22       0   41.05    0.00   33.68   22.11    0.00    1.05    0.00    0.00    0.00    2.11
15:41:22       1   42.27    0.00   32.99   20.62    0.00    1.03    0.00    0.00    0.00    3.09
15:41:22       2   40.86    0.00   35.48   21.51    0.00    0.00    0.00    0.00    0.00    2.15
15:41:22       3   43.30    0.00   30.93   21.65    0.00    0.00    0.00    0.00    0.00    4.12
15:41:22       4   41.94    0.00   33.33   22.58    0.00    0.00    0.00    0.00    0.00    2.15
15:41:22       5   40.40    0.00   34.34   21.21    0.00    1.01    0.00    0.00    0.00    3.03
15:41:22       6   37.11    0.00   34.02   23.71    0.00    1.03    0.00    0.00    0.00    4.12
15:41:22       7   42.27    0.00   32.99   21.65    0.00    1.03    0.00    0.00    0.00    2.06

15:41:22     CPU    %usr   %nice    %sys %iowait    %irq   %soft  %steal  %guest  %gnice   %idle
15:41:23     all   23.36    0.00   19.90   37.87    0.00    0.39    0.00    0.00    0.00   18.49
15:41:23       0   25.00    0.00   19.79   31.25    0.00    0.00    0.00    0.00    0.00   23.96
15:41:23       1   24.49    0.00   20.41   17.35    0.00    0.00    0.00    0.00    0.00   37.76
15:41:23       2   23.96    0.00   19.79   53.12    0.00    1.04    0.00    0.00    0.00    2.08
15:41:23       3   25.00    0.00   20.00   52.00    0.00    1.00    0.00    0.00    0.00    2.00
15:41:23       4   22.00    0.00   21.00   47.00    0.00    1.00    0.00    0.00    0.00    9.00
15:41:23       5   22.92    0.00   17.71   43.75    0.00    0.00    0.00    0.00    0.00   15.62
15:41:23       6   22.68    0.00   19.59   19.59    0.00    0.00    0.00    0.00    0.00   38.14
15:41:23       7   20.83    0.00   20.83   38.54    0.00    0.00    0.00    0.00    0.00   19.79

15:41:23     CPU    %usr   %nice    %sys %iowait    %irq   %soft  %steal  %guest  %gnice   %idle
15:41:24     all   27.73    0.00   21.42   41.79    0.00    0.53    0.00    0.00    0.00    8.54
15:41:24       0   27.08    0.00   22.92   37.50    0.00    1.04    0.00    0.00    0.00   11.46
15:41:24       1   27.84    0.00   21.65   44.33    0.00    1.03    0.00    0.00    0.00    5.15
15:41:24       2   28.12    0.00   22.92   45.83    0.00    0.00    0.00    0.00    0.00    3.12
15:41:24       3   28.42    0.00   20.00   38.95    0.00    0.00    0.00    0.00    0.00   12.63
15:41:24       4   27.96    0.00   21.51   36.56    0.00    0.00    0.00    0.00    0.00   13.98
15:41:24       5   29.03    0.00   19.35   48.39    0.00    0.00    0.00    0.00    0.00    3.23
15:41:24       6   27.08    0.00   19.79   44.79    0.00    1.04    0.00    0.00    0.00    7.29
15:41:24       7   26.32    0.00   23.16   37.89    0.00    1.05    0.00    0.00    0.00   11.58

15:41:24     CPU    %usr   %nice    %sys %iowait    %irq   %soft  %steal  %guest  %gnice   %idle
15:41:25     all   20.72    0.00   16.88   42.97    0.00    0.38    0.00    0.00    0.00   19.05
15:41:25       0   19.59    0.00   17.53   50.52    0.00    0.00    0.00    0.00    0.00   12.37
15:41:25       1   20.62    0.00   16.49   46.39    0.00    0.00    0.00    0.00    0.00   16.49
15:41:25       2   21.21    0.00   14.14   36.36    0.00    1.01    0.00    0.00    0.00   27.27
15:41:25       3   20.41    0.00   18.37   52.04    0.00    1.02    0.00    0.00    0.00    8.16
15:41:25       4   20.62    0.00   17.53   37.11    0.00    0.00    0.00    0.00    0.00   24.74
15:41:25       5   19.59    0.00   18.56   46.39    0.00    0.00    0.00    0.00    0.00   15.46
15:41:25       6   22.45    0.00   16.33   20.41    0.00    0.00    0.00    0.00    0.00   40.82
15:41:25       7   21.21    0.00   16.16   54.55    0.00    1.01    0.00    0.00    0.00    7.07

15:41:25     CPU    %usr   %nice    %sys %iowait    %irq   %soft  %steal  %guest  %gnice   %idle
15:41:26     all   24.48    0.00   20.55   34.03    0.00    0.52    0.00    0.00    0.00   20.42
15:41:26       0   23.71    0.00   22.68   25.77    0.00    1.03    0.00    0.00    0.00   26.80
15:41:26       1   25.00    0.00   21.88   33.33    0.00    0.00    0.00    0.00    0.00   19.79
15:41:26       2   23.40    0.00   21.28   42.55    0.00    1.06    0.00    0.00    0.00   11.70
15:41:26       3   25.53    0.00   20.21   36.17    0.00    0.00    0.00    0.00    0.00   18.09
15:41:26       4   22.92    0.00   19.79   28.12    0.00    1.04    0.00    0.00    0.00   28.12
15:41:26       5   25.00    0.00   18.75   45.83    0.00    1.04    0.00    0.00    0.00    9.38
15:41:26       6   25.77    0.00   20.62   25.77    0.00    0.00    0.00    0.00    0.00   27.84
15:41:26       7   24.47    0.00   19.15   35.11    0.00    0.00    0.00    0.00    0.00   21.28

15:41:26     CPU    %usr   %nice    %sys %iowait    %irq   %soft  %steal  %guest  %gnice   %idle
15:41:27     all   24.31    0.00   19.74   34.12    0.00    0.26    0.00    0.00    0.00   21.57
15:41:27       0   24.21    0.00   18.95   37.89    0.00    0.00    0.00    0.00    0.00   18.95
15:41:27       1   23.16    0.00   20.00   32.63    0.00    1.05    0.00    0.00    0.00   23.16
15:41:27       2   25.00    0.00   18.75   36.46    0.00    0.00    0.00    0.00    0.00   19.79
15:41:27       3   23.16    0.00   18.95   41.05    0.00    1.05    0.00    0.00    0.00   15.79
15:41:27       4   25.51    0.00   20.41   28.57    0.00    0.00    0.00    0.00    0.00   25.51
15:41:27       5   24.21    0.00   20.00   31.58    0.00    0.00    0.00    0.00    0.00   24.21
15:41:27       6   23.16    0.00   21.05   37.89    0.00    0.00    0.00    0.00    0.00   17.89
15:41:27       7   26.04    0.00   19.79   27.08    0.00    0.00    0.00    0.00    0.00   27.08

15:41:27     CPU    %usr   %nice    %sys %iowait    %irq   %soft  %steal  %guest  %gnice   %idle
15:41:28     all   34.33    0.00   27.55   22.98    0.00    0.91    0.00    0.00    0.00   14.23
15:41:28       0   34.38    0.00   27.08   32.29    0.00    1.04    0.00    0.00    0.00    5.21
15:41:28       1   32.99    0.00   27.84   18.56    0.00    1.03    0.00    0.00    0.00   19.59
15:41:28       2   31.91    0.00   27.66   21.28    0.00    1.06    0.00    0.00    0.00   18.09
15:41:28       3   32.29    0.00   28.12   22.92    0.00    0.00    0.00    0.00    0.00   16.67
15:41:28       4   37.23    0.00   25.53   21.28    0.00    1.06    0.00    0.00    0.00   14.89
15:41:28       5   34.38    0.00   28.12   19.79    0.00    1.04    0.00    0.00    0.00   16.67
15:41:28       6   34.69    0.00   28.57   19.39    0.00    1.02    0.00    0.00    0.00   16.33
15:41:28       7   36.84    0.00   27.37   28.42    0.00    1.05    0.00    0.00    0.00    6.32

15:41:28     CPU    %usr   %nice    %sys %iowait    %irq   %soft  %steal  %guest  %gnice   %idle
15:41:29     all   42.32    0.00   33.16   20.65    0.00    0.65    0.00    0.00    0.00    3.23
15:41:29       0   41.67    0.00   30.21   22.92    0.00    0.00    0.00    0.00    0.00    5.21
15:41:29       1   43.16    0.00   30.53   22.11    0.00    0.00    0.00    0.00    0.00    4.21
15:41:29       2   41.24    0.00   30.93   23.71    0.00    1.03    0.00    0.00    0.00    3.09
15:41:29       3   37.11    0.00   36.08   21.65    0.00    1.03    0.00    0.00    0.00    4.12
15:41:29       4   44.44    0.00   33.33   19.19    0.00    1.01    0.00    0.00    0.00    2.02
15:41:29       5   43.30    0.00   35.05   18.56    0.00    1.03    0.00    0.00    0.00    2.06
15:41:29       6   43.30    0.00   34.02   18.56    0.00    1.03    0.00    0.00    0.00    3.09
15:41:29       7   44.33    0.00   35.05   18.56    0.00    0.00    0.00    0.00    0.00    2.06

15:41:29     CPU    %usr   %nice    %sys %iowait    %irq   %soft  %steal  %guest  %gnice   %idle
15:41:30     all   43.70    0.00   35.86   17.10    0.00    0.51    0.00    0.00    0.00    2.83
15:41:30       0   46.88    0.00   37.50   13.54    0.00    1.04    0.00    0.00    0.00    1.04
15:41:30       1   46.39    0.00   36.08   15.46    0.00    1.03    0.00    0.00    0.00    1.03
15:41:30       2   44.44    0.00   38.38   15.15    0.00    0.00    0.00    0.00    0.00    2.02
15:41:30       3   48.45    0.00   35.05   14.43    0.00    0.00    0.00    0.00    0.00    2.06
15:41:30       4   41.84    0.00   35.71   19.39    0.00    0.00    0.00    0.00    0.00    3.06
15:41:30       5   42.27    0.00   32.99   20.62    0.00    0.00    0.00    0.00    0.00    4.12
15:41:30       6   40.21    0.00   32.99   20.62    0.00    1.03    0.00    0.00    0.00    5.15
15:41:30       7   39.18    0.00   38.14   17.53    0.00    1.03    0.00    0.00    0.00    4.12

15:41:30     CPU    %usr   %nice    %sys %iowait    %irq   %soft  %steal  %guest  %gnice   %idle
15:41:31     all   43.55    0.00   33.38   19.30    0.00    0.91    0.00    0.00    0.00    2.87
15:41:31       0   45.92    0.00   35.71   15.31    0.00    1.02    0.00    0.00    0.00    2.04
15:41:31       1   45.36    0.00   35.05   16.49    0.00    1.03    0.00    0.00    0.00    2.06
15:41:31       2   44.21    0.00   36.84   15.79    0.00    1.05    0.00    0.00    0.00    2.11
15:41:31       3   46.94    0.00   34.69   15.31    0.00    1.02    0.00    0.00    0.00    2.04
15:41:31       4   40.43    0.00   30.85   24.47    0.00    1.06    0.00    0.00    0.00    3.19
15:41:31       5   43.75    0.00   28.12   23.96    0.00    1.04    0.00    0.00    0.00    3.12
15:41:31       6   40.22    0.00   32.61   22.83    0.00    0.00    0.00    0.00    0.00    4.35
15:41:31       7   41.24    0.00   32.99   20.62    0.00    1.03    0.00    0.00    0.00    4.12

15:41:31     CPU    %usr   %nice    %sys %iowait    %irq   %soft  %steal  %guest  %gnice   %idle
15:41:32     all   28.90    0.00   25.03   34.06    0.00    0.39    0.00    0.00    0.00   11.61
15:41:32       0   32.65    0.00   25.51   15.31    0.00    1.02    0.00    0.00    0.00   25.51
15:41:32       1   30.85    0.00   24.47   28.72    0.00    0.00    0.00    0.00    0.00   15.96
15:41:32       2   29.90    0.00   25.77   32.99    0.00    0.00    0.00    0.00    0.00   11.34
15:41:32       3   28.87    0.00   26.80   34.02    0.00    0.00    0.00    0.00    0.00   10.31
15:41:32       4   25.77    0.00   24.74   37.11    0.00    0.00    0.00    0.00    0.00   12.37
15:41:32       5   26.04    0.00   26.04   40.62    0.00    0.00    0.00    0.00    0.00    7.29
15:41:32       6   29.00    0.00   22.00   45.00    0.00    1.00    0.00    0.00    0.00    3.00
15:41:32       7   28.12    0.00   25.00   38.54    0.00    1.04    0.00    0.00    0.00    7.29

15:41:32     CPU    %usr   %nice    %sys %iowait    %irq   %soft  %steal  %guest  %gnice   %idle
15:41:33     all   29.12    0.00   24.23   32.35    0.00    0.64    0.00    0.00    0.00   13.66
15:41:33       0   30.93    0.00   23.71   35.05    0.00    0.00    0.00    0.00    0.00   10.31
15:41:33       1   29.29    0.00   24.24   28.28    0.00    1.01    0.00    0.00    0.00   17.17
15:41:33       2   28.12    0.00   25.00   16.67    0.00    1.04    0.00    0.00    0.00   29.17
15:41:33       3   26.04    0.00   25.00   44.79    0.00    1.04    0.00    0.00    0.00    3.12
15:41:33       4   30.61    0.00   22.45   33.67    0.00    1.02    0.00    0.00    0.00   12.24
15:41:33       5   29.59    0.00   23.47   14.29    0.00    0.00    0.00    0.00    0.00   32.65
15:41:33       6   30.21    0.00   23.96   43.75    0.00    1.04    0.00    0.00    0.00    1.04
15:41:33       7   28.12    0.00   26.04   42.71    0.00    0.00    0.00    0.00    0.00    3.12

15:41:33     CPU    %usr   %nice    %sys %iowait    %irq   %soft  %steal  %guest  %gnice   %idle
15:41:34     all    2.79    0.00   31.94   24.33    0.00    0.76    0.00    0.00    0.00   40.18
15:41:34       0    3.06    0.00   30.61   15.31    0.00    1.02    0.00    0.00    0.00   50.00
15:41:34       1    2.04    0.00   34.69    4.08    0.00    0.00    0.00    0.00    0.00   59.18
15:41:34       2    3.00    0.00   31.00   16.00    0.00    0.00    0.00    0.00    0.00   50.00
15:41:34       3    3.09    0.00   30.93   62.89    0.00    2.06    0.00    0.00    0.00    1.03
15:41:34       4    2.04    0.00   30.61   19.39    0.00    1.02    0.00    0.00    0.00   46.94
15:41:34       5    2.04    0.00   33.67   59.18    0.00    1.02    0.00    0.00    0.00    4.08
15:41:34       6    4.00    0.00   32.00   13.00    0.00    0.00    0.00    0.00    0.00   51.00
15:41:34       7    3.00    0.00   32.00    6.00    0.00    1.00    0.00    0.00    0.00   58.00

15:41:34     CPU    %usr   %nice    %sys %iowait    %irq   %soft  %steal  %guest  %gnice   %idle
15:41:35     all    0.50    0.00    0.76   23.80    0.00    0.00    0.00    0.00    0.00   74.94
15:41:35       0    0.00    0.00    0.00   23.23    0.00    0.00    0.00    0.00    0.00   76.77
15:41:35       1    0.00    0.00    0.00   24.24    0.00    0.00    0.00    0.00    0.00   75.76
15:41:35       2    0.00    0.00    0.00    0.00    0.00    0.00    0.00    0.00    0.00  100.00
15:41:35       3    0.00    0.00    4.12   85.57    0.00    0.00    0.00    0.00    0.00   10.31
15:41:35       4    0.99    0.00    0.99    0.00    0.00    0.00    0.00    0.00    0.00   98.02
15:41:35       5    1.00    0.00    0.00   50.00    0.00    0.00    0.00    0.00    0.00   49.00
15:41:35       6    0.00    0.00    0.00    0.00    0.00    0.00    0.00    0.00    0.00  100.00
15:41:35       7    2.00    0.00    1.00    9.00    0.00    0.00    0.00    0.00    0.00   88.00
