Linux 6.14.0-1018-aws (ip-10-0-1-227) 	01/03/26 	_aarch64_	(8 CPU)

15:07:40     CPU    %usr   %nice    %sys %iowait    %irq   %soft  %steal  %guest  %gnice   %idle
15:07:41     all    0.50    0.00    0.13    0.00    0.00    0.00    0.00    0.00    0.00   99.37
15:07:41       0    0.00    0.00    0.00    0.00    0.00    0.00    0.00    0.00    0.00  100.00
15:07:41       1    0.00    0.00    0.99    0.00    0.00    0.00    0.00    0.00    0.00   99.01
15:07:41       2    0.00    0.00    0.00    0.00    0.00    0.00    0.00    0.00    0.00  100.00
15:07:41       3    0.00    0.00    0.00    0.00    0.00    0.00    0.00    0.00    0.00  100.00
15:07:41       4    4.04    0.00    0.00    0.00    0.00    0.00    0.00    0.00    0.00   95.96
15:07:41       5    0.00    0.00    0.00    0.00    0.00    0.00    0.00    0.00    0.00  100.00
15:07:41       6    0.00    0.00    0.00    0.00    0.00    0.00    0.00    0.00    0.00  100.00
15:07:41       7    0.00    0.00    0.00    0.00    0.00    0.00    0.00    0.00    0.00  100.00

15:07:41     CPU    %usr   %nice    %sys %iowait    %irq   %soft  %steal  %guest  %gnice   %idle
15:07:42     all    0.00    0.00    0.00    0.00    0.00    0.00    0.00    0.00    0.00  100.00
15:07:42       0    0.00    0.00    0.00    0.00    0.00    0.00    0.00    0.00    0.00  100.00
15:07:42       1    0.00    0.00    0.00    0.00    0.00    0.00    0.00    0.00    0.00  100.00
15:07:42       2    0.00    0.00    0.00    0.00    0.00    0.00    0.00    0.00    0.00  100.00
15:07:42       3    0.00    0.00    0.00    0.00    0.00    0.00    0.00    0.00    0.00  100.00
15:07:42       4    0.00    0.00    0.00    0.00    0.00    0.00    0.00    0.00    0.00  100.00
15:07:42       5    0.00    0.00    0.00    0.00    0.00    0.00    0.00    0.00    0.00  100.00
15:07:42       6    0.00    0.00    0.00    0.00    0.00    0.00    0.00    0.00    0.00  100.00
15:07:42       7    0.00    0.00    0.00    0.00    0.00    0.00    0.00    0.00    0.00  100.00

15:07:42     CPU    %usr   %nice    %sys %iowait    %irq   %soft  %steal  %guest  %gnice   %idle
15:07:43     all   43.58    0.00   36.02    3.53    0.00    0.63    0.00    0.00    0.00   16.25
15:07:43       0   42.42    0.00   36.36    4.04    0.00    1.01    0.00    0.00    0.00   16.16
15:07:43       1   43.43    0.00   37.37    3.03    0.00    0.00    0.00    0.00    0.00   16.16
15:07:43       2   43.43    0.00   36.36    3.03    0.00    1.01    0.00    0.00    0.00   16.16
15:07:43       3   44.00    0.00   35.00    4.00    0.00    0.00    0.00    0.00    0.00   17.00
15:07:43       4   43.43    0.00   36.36    3.03    0.00    1.01    0.00    0.00    0.00   16.16
15:07:43       5   42.42    0.00   36.36    4.04    0.00    1.01    0.00    0.00    0.00   16.16
15:07:43       6   46.00    0.00   34.00    3.00    0.00    1.00    0.00    0.00    0.00   16.00
15:07:43       7   43.43    0.00   36.36    4.04    0.00    0.00    0.00    0.00    0.00   16.16

15:07:43     CPU    %usr   %nice    %sys %iowait    %irq   %soft  %steal  %guest  %gnice   %idle
15:07:44     all   45.97    0.00   34.70    4.10    0.00    0.64    0.00    0.00    0.00   14.60
15:07:44       0   47.42    0.00   32.99    3.09    0.00    1.03    0.00    0.00    0.00   15.46
15:07:44       1   48.45    0.00   31.96    4.12    0.00    1.03    0.00    0.00    0.00   14.43
15:07:44       2   45.92    0.00   35.71    5.10    0.00    0.00    0.00    0.00    0.00   13.27
15:07:44       3   44.90    0.00   35.71    4.08    0.00    1.02    0.00    0.00    0.00   14.29
15:07:44       4   48.48    0.00   32.32    4.04    0.00    0.00    0.00    0.00    0.00   15.15
15:07:44       5   45.36    0.00   36.08    4.12    0.00    0.00    0.00    0.00    0.00   14.43
15:07:44       6   43.30    0.00   37.11    4.12    0.00    1.03    0.00    0.00    0.00   14.43
15:07:44       7   43.88    0.00   35.71    4.08    0.00    1.02    0.00    0.00    0.00   15.31

15:07:44     CPU    %usr   %nice    %sys %iowait    %irq   %soft  %steal  %guest  %gnice   %idle
15:07:45     all   46.35    0.00   34.96    4.48    0.00    0.26    0.00    0.00    0.00   13.96
15:07:45       0   45.92    0.00   34.69    4.08    0.00    0.00    0.00    0.00    0.00   15.31
15:07:45       1   48.45    0.00   34.02    4.12    0.00    0.00    0.00    0.00    0.00   13.40
15:07:45       2   47.47    0.00   33.33    4.04    0.00    1.01    0.00    0.00    0.00   14.14
15:07:45       3   45.45    0.00   36.36    3.03    0.00    0.00    0.00    0.00    0.00   15.15
15:07:45       4   45.36    0.00   36.08    6.19    0.00    0.00    0.00    0.00    0.00   12.37
15:07:45       5   48.45    0.00   32.99    4.12    0.00    1.03    0.00    0.00    0.00   13.40
15:07:45       6   42.86    0.00   37.76    5.10    0.00    0.00    0.00    0.00    0.00   14.29
15:07:45       7   46.88    0.00   34.38    5.21    0.00    0.00    0.00    0.00    0.00   13.54

15:07:45     CPU    %usr   %nice    %sys %iowait    %irq   %soft  %steal  %guest  %gnice   %idle
15:07:46     all   47.73    0.00   32.87    4.66    0.00    1.01    0.00    0.00    0.00   13.73
15:07:46       0   45.54    0.00   34.65    3.96    0.00    0.99    0.00    0.00    0.00   14.85
15:07:46       1   49.00    0.00   31.00    6.00    0.00    1.00    0.00    0.00    0.00   13.00
15:07:46       2   48.98    0.00   31.63    4.08    0.00    1.02    0.00    0.00    0.00   14.29
15:07:46       3   48.98    0.00   31.63    4.08    0.00    1.02    0.00    0.00    0.00   14.29
15:07:46       4   46.46    0.00   35.35    4.04    0.00    1.01    0.00    0.00    0.00   13.13
15:07:46       5   47.00    0.00   33.00    5.00    0.00    1.00    0.00    0.00    0.00   14.00
15:07:46       6   47.47    0.00   33.33    5.05    0.00    1.01    0.00    0.00    0.00   13.13
15:07:46       7   48.48    0.00   32.32    5.05    0.00    1.01    0.00    0.00    0.00   13.13

15:07:46     CPU    %usr   %nice    %sys %iowait    %irq   %soft  %steal  %guest  %gnice   %idle
15:07:47     all   46.60    0.00   34.13    4.91    0.00    0.63    0.00    0.00    0.00   13.73
15:07:47       0   46.94    0.00   34.69    5.10    0.00    0.00    0.00    0.00    0.00   13.27
15:07:47       1   46.00    0.00   35.00    4.00    0.00    1.00    0.00    0.00    0.00   14.00
15:07:47       2   48.00    0.00   32.00    5.00    0.00    1.00    0.00    0.00    0.00   14.00
15:07:47       3   46.00    0.00   35.00    5.00    0.00    0.00    0.00    0.00    0.00   14.00
15:07:47       4   47.96    0.00   33.67    4.08    0.00    0.00    0.00    0.00    0.00   14.29
15:07:47       5   46.46    0.00   33.33    5.05    0.00    1.01    0.00    0.00    0.00   14.14
15:07:47       6   45.92    0.00   34.69    5.10    0.00    1.02    0.00    0.00    0.00   13.27
15:07:47       7   45.54    0.00   34.65    5.94    0.00    0.99    0.00    0.00    0.00   12.87

15:07:47     CPU    %usr   %nice    %sys %iowait    %irq   %soft  %steal  %guest  %gnice   %idle
15:07:48     all   49.17    0.00   33.38    3.95    0.00    0.38    0.00    0.00    0.00   13.12
15:07:48       0   50.00    0.00   31.63    3.06    0.00    1.02    0.00    0.00    0.00   14.29
15:07:48       1   49.49    0.00   33.33    4.04    0.00    0.00    0.00    0.00    0.00   13.13
15:07:48       2   47.42    0.00   35.05    5.15    0.00    0.00    0.00    0.00    0.00   12.37
15:07:48       3   51.02    0.00   31.63    3.06    0.00    1.02    0.00    0.00    0.00   13.27
15:07:48       4   49.49    0.00   31.31    4.04    0.00    1.01    0.00    0.00    0.00   14.14
15:07:48       5   47.96    0.00   35.71    4.08    0.00    0.00    0.00    0.00    0.00   12.24
15:07:48       6   47.47    0.00   35.35    4.04    0.00    0.00    0.00    0.00    0.00   13.13
15:07:48       7   50.52    0.00   32.99    4.12    0.00    0.00    0.00    0.00    0.00   12.37

15:07:48     CPU    %usr   %nice    %sys %iowait    %irq   %soft  %steal  %guest  %gnice   %idle
15:07:49     all   48.86    0.00   33.67    4.43    0.00    0.51    0.00    0.00    0.00   12.53
15:07:49       0   48.48    0.00   34.34    5.05    0.00    0.00    0.00    0.00    0.00   12.12
15:07:49       1   50.51    0.00   32.32    4.04    0.00    1.01    0.00    0.00    0.00   12.12
15:07:49       2   48.48    0.00   34.34    4.04    0.00    1.01    0.00    0.00    0.00   12.12
15:07:49       3   48.48    0.00   33.33    6.06    0.00    0.00    0.00    0.00    0.00   12.12
15:07:49       4   50.00    0.00   33.67    4.08    0.00    0.00    0.00    0.00    0.00   12.24
15:07:49       5   48.98    0.00   33.67    5.10    0.00    0.00    0.00    0.00    0.00   12.24
15:07:49       6   49.49    0.00   32.32    3.03    0.00    1.01    0.00    0.00    0.00   14.14
15:07:49       7   46.46    0.00   35.35    4.04    0.00    1.01    0.00    0.00    0.00   13.13

15:07:49     CPU    %usr   %nice    %sys %iowait    %irq   %soft  %steal  %guest  %gnice   %idle
15:07:50     all   47.67    0.00   35.31    4.54    0.00    0.76    0.00    0.00    0.00   11.73
15:07:50       0   48.48    0.00   34.34    5.05    0.00    1.01    0.00    0.00    0.00   11.11
15:07:50       1   47.47    0.00   36.36    4.04    0.00    0.00    0.00    0.00    0.00   12.12
15:07:50       2   46.46    0.00   36.36    4.04    0.00    1.01    0.00    0.00    0.00   12.12
15:07:50       3   48.98    0.00   35.71    4.08    0.00    0.00    0.00    0.00    0.00   11.22
15:07:50       4   47.52    0.00   34.65    4.95    0.00    0.99    0.00    0.00    0.00   11.88
15:07:50       5   49.00    0.00   34.00    4.00    0.00    1.00    0.00    0.00    0.00   12.00
15:07:50       6   47.42    0.00   35.05    5.15    0.00    1.03    0.00    0.00    0.00   11.34
15:07:50       7   46.00    0.00   36.00    5.00    0.00    1.00    0.00    0.00    0.00   12.00

15:07:50     CPU    %usr   %nice    %sys %iowait    %irq   %soft  %steal  %guest  %gnice   %idle
15:07:51     all   49.49    0.00   33.84    4.55    0.00    0.38    0.00    0.00    0.00   11.74
15:07:51       0   49.49    0.00   34.34    4.04    0.00    0.00    0.00    0.00    0.00   12.12
15:07:51       1   50.00    0.00   33.00    4.00    0.00    1.00    0.00    0.00    0.00   12.00
15:07:51       2   48.98    0.00   34.69    5.10    0.00    0.00    0.00    0.00    0.00   11.22
15:07:51       3   46.46    0.00   35.35    4.04    0.00    1.01    0.00    0.00    0.00   13.13
15:07:51       4   50.51    0.00   33.33    4.04    0.00    0.00    0.00    0.00    0.00   12.12
15:07:51       5   51.00    0.00   31.00    6.00    0.00    1.00    0.00    0.00    0.00   11.00
15:07:51       6   50.51    0.00   33.33    5.05    0.00    0.00    0.00    0.00    0.00   11.11
15:07:51       7   48.98    0.00   35.71    4.08    0.00    0.00    0.00    0.00    0.00   11.22

15:07:51     CPU    %usr   %nice    %sys %iowait    %irq   %soft  %steal  %guest  %gnice   %idle
15:07:52     all   48.92    0.00   35.16    4.33    0.00    0.89    0.00    0.00    0.00   10.70
15:07:52       0   48.00    0.00   35.00    5.00    0.00    2.00    0.00    0.00    0.00   10.00
15:07:52       1   48.45    0.00   36.08    4.12    0.00    0.00    0.00    0.00    0.00   11.34
15:07:52       2   49.49    0.00   33.33    4.04    0.00    2.02    0.00    0.00    0.00   11.11
15:07:52       3   50.51    0.00   35.35    3.03    0.00    0.00    0.00    0.00    0.00   11.11
15:07:52       4   48.45    0.00   36.08    5.15    0.00    1.03    0.00    0.00    0.00    9.28
15:07:52       5   48.45    0.00   36.08    4.12    0.00    1.03    0.00    0.00    0.00   10.31
15:07:52       6   49.49    0.00   33.33    4.04    0.00    1.01    0.00    0.00    0.00   12.12
15:07:52       7   48.45    0.00   36.08    5.15    0.00    0.00    0.00    0.00    0.00   10.31

15:07:52     CPU    %usr   %nice    %sys %iowait    %irq   %soft  %steal  %guest  %gnice   %idle
15:07:53     all   48.55    0.00   35.09    4.53    0.00    0.50    0.00    0.00    0.00   11.32
15:07:53       0   48.48    0.00   35.35    5.05    0.00    0.00    0.00    0.00    0.00   11.11
15:07:53       1   50.00    0.00   32.65    4.08    0.00    2.04    0.00    0.00    0.00   11.22
15:07:53       2   50.00    0.00   33.00    4.00    0.00    1.00    0.00    0.00    0.00   12.00
15:07:53       3   47.47    0.00   36.36    4.04    0.00    0.00    0.00    0.00    0.00   12.12
15:07:53       4   47.00    0.00   37.00    5.00    0.00    0.00    0.00    0.00    0.00   11.00
15:07:53       5   49.00    0.00   34.00    4.00    0.00    0.00    0.00    0.00    0.00   13.00
15:07:53       6   48.48    0.00   37.37    5.05    0.00    0.00    0.00    0.00    0.00    9.09
15:07:53       7   48.00    0.00   35.00    5.00    0.00    1.00    0.00    0.00    0.00   11.00

15:07:53     CPU    %usr   %nice    %sys %iowait    %irq   %soft  %steal  %guest  %gnice   %idle
15:07:54     all   48.55    0.00   34.13    4.80    0.00    0.76    0.00    0.00    0.00   11.76
15:07:54       0   51.52    0.00   31.31    5.05    0.00    1.01    0.00    0.00    0.00   11.11
15:07:54       1   48.48    0.00   35.35    6.06    0.00    0.00    0.00    0.00    0.00   10.10
15:07:54       2   47.47    0.00   34.34    5.05    0.00    1.01    0.00    0.00    0.00   12.12
15:07:54       3   50.00    0.00   33.00    4.00    0.00    1.00    0.00    0.00    0.00   12.00
15:07:54       4   49.49    0.00   32.32    5.05    0.00    1.01    0.00    0.00    0.00   12.12
15:07:54       5   45.45    0.00   36.36    5.05    0.00    0.00    0.00    0.00    0.00   13.13
15:07:54       6   46.94    0.00   35.71    4.08    0.00    1.02    0.00    0.00    0.00   12.24
15:07:54       7   48.98    0.00   34.69    4.08    0.00    1.02    0.00    0.00    0.00   11.22

15:07:54     CPU    %usr   %nice    %sys %iowait    %irq   %soft  %steal  %guest  %gnice   %idle
15:07:55     all   49.11    0.00   35.20    4.08    0.00    0.77    0.00    0.00    0.00   10.84
15:07:55       0   49.48    0.00   35.05    4.12    0.00    0.00    0.00    0.00    0.00   11.34
15:07:55       1   51.55    0.00   32.99    4.12    0.00    1.03    0.00    0.00    0.00   10.31
15:07:55       2   48.98    0.00   36.73    3.06    0.00    0.00    0.00    0.00    0.00   11.22
15:07:55       3   48.98    0.00   34.69    4.08    0.00    1.02    0.00    0.00    0.00   11.22
15:07:55       4   50.00    0.00   34.69    4.08    0.00    1.02    0.00    0.00    0.00   10.20
15:07:55       5   48.98    0.00   35.71    4.08    0.00    1.02    0.00    0.00    0.00   10.20
15:07:55       6   48.00    0.00   36.00    5.00    0.00    1.00    0.00    0.00    0.00   10.00
15:07:55       7   46.94    0.00   35.71    4.08    0.00    1.02    0.00    0.00    0.00   12.24

15:07:55     CPU    %usr   %nice    %sys %iowait    %irq   %soft  %steal  %guest  %gnice   %idle
15:07:56     all   49.00    0.00   35.21    4.64    0.00    0.75    0.00    0.00    0.00   10.40
15:07:56       0   47.96    0.00   35.71    5.10    0.00    1.02    0.00    0.00    0.00   10.20
15:07:56       1   49.00    0.00   35.00    5.00    0.00    1.00    0.00    0.00    0.00   10.00
15:07:56       2   51.02    0.00   33.67    4.08    0.00    1.02    0.00    0.00    0.00   10.20
15:07:56       3   48.51    0.00   36.63    4.95    0.00    0.00    0.00    0.00    0.00    9.90
15:07:56       4   48.48    0.00   34.34    4.04    0.00    1.01    0.00    0.00    0.00   12.12
15:07:56       5   47.52    0.00   37.62    4.95    0.00    0.99    0.00    0.00    0.00    8.91
15:07:56       6   50.00    0.00   34.31    3.92    0.00    0.98    0.00    0.00    0.00   10.78
15:07:56       7   49.49    0.00   34.34    5.05    0.00    0.00    0.00    0.00    0.00   11.11

15:07:56     CPU    %usr   %nice    %sys %iowait    %irq   %soft  %steal  %guest  %gnice   %idle
15:07:57     all   49.81    0.00   34.25    4.39    0.00    0.63    0.00    0.00    0.00   10.92
15:07:57       0   48.00    0.00   35.00    5.00    0.00    1.00    0.00    0.00    0.00   11.00
15:07:57       1   51.00    0.00   34.00    4.00    0.00    0.00    0.00    0.00    0.00   11.00
15:07:57       2   49.00    0.00   35.00    5.00    0.00    0.00    0.00    0.00    0.00   11.00
15:07:57       3   50.00    0.00   34.00    4.00    0.00    1.00    0.00    0.00    0.00   11.00
15:07:57       4   51.52    0.00   33.33    4.04    0.00    0.00    0.00    0.00    0.00   11.11
15:07:57       5   52.53    0.00   32.32    5.05    0.00    0.00    0.00    0.00    0.00   10.10
15:07:57       6   49.00    0.00   34.00    4.00    0.00    2.00    0.00    0.00    0.00   11.00
15:07:57       7   47.47    0.00   36.36    4.04    0.00    1.01    0.00    0.00    0.00   11.11

15:07:57     CPU    %usr   %nice    %sys %iowait    %irq   %soft  %steal  %guest  %gnice   %idle
15:07:58     all   49.05    0.00   35.02    5.06    0.00    0.63    0.00    0.00    0.00   10.24
15:07:58       0   48.98    0.00   35.71    4.08    0.00    1.02    0.00    0.00    0.00   10.20
15:07:58       1   49.50    0.00   34.65    4.95    0.00    0.99    0.00    0.00    0.00    9.90
15:07:58       2   53.00    0.00   31.00    5.00    0.00    1.00    0.00    0.00    0.00   10.00
15:07:58       3   49.49    0.00   34.34    5.05    0.00    0.00    0.00    0.00    0.00   11.11
15:07:58       4   48.98    0.00   35.71    6.12    0.00    0.00    0.00    0.00    0.00    9.18
15:07:58       5   49.49    0.00   33.33    5.05    0.00    1.01    0.00    0.00    0.00   11.11
15:07:58       6   46.39    0.00   37.11    5.15    0.00    0.00    0.00    0.00    0.00   11.34
15:07:58       7   46.46    0.00   38.38    5.05    0.00    1.01    0.00    0.00    0.00    9.09

15:07:58     CPU    %usr   %nice    %sys %iowait    %irq   %soft  %steal  %guest  %gnice   %idle
15:07:59     all   50.13    0.00   35.55    4.60    0.00    0.64    0.00    0.00    0.00    9.08
15:07:59       0   50.52    0.00   36.08    5.15    0.00    0.00    0.00    0.00    0.00    8.25
15:07:59       1   51.04    0.00   35.42    3.12    0.00    1.04    0.00    0.00    0.00    9.38
15:07:59       2   53.06    0.00   32.65    4.08    0.00    1.02    0.00    0.00    0.00    9.18
15:07:59       3   50.00    0.00   36.73    4.08    0.00    1.02    0.00    0.00    0.00    8.16
15:07:59       4   49.49    0.00   36.36    5.05    0.00    1.01    0.00    0.00    0.00    8.08
15:07:59       5   47.42    0.00   38.14    5.15    0.00    0.00    0.00    0.00    0.00    9.28
15:07:59       6   50.51    0.00   33.33    5.05    0.00    1.01    0.00    0.00    0.00   10.10
15:07:59       7   48.98    0.00   35.71    5.10    0.00    0.00    0.00    0.00    0.00   10.20

15:07:59     CPU    %usr   %nice    %sys %iowait    %irq   %soft  %steal  %guest  %gnice   %idle
15:08:00     all   50.19    0.00   34.01    4.71    0.00    0.76    0.00    0.00    0.00   10.32
15:08:00       0   51.02    0.00   32.65    4.08    0.00    1.02    0.00    0.00    0.00   11.22
15:08:00       1   50.51    0.00   33.33    5.05    0.00    1.01    0.00    0.00    0.00   10.10
15:08:00       2   49.49    0.00   34.34    5.05    0.00    1.01    0.00    0.00    0.00   10.10
15:08:00       3   52.58    0.00   31.96    6.19    0.00    0.00    0.00    0.00    0.00    9.28
15:08:00       4   52.04    0.00   32.65    4.08    0.00    1.02    0.00    0.00    0.00   10.20
15:08:00       5   47.96    0.00   35.71    4.08    0.00    1.02    0.00    0.00    0.00   11.22
15:08:00       6   48.45    0.00   36.08    5.15    0.00    0.00    0.00    0.00    0.00   10.31
15:08:00       7   49.49    0.00   35.35    4.04    0.00    1.01    0.00    0.00    0.00   10.10

15:08:00     CPU    %usr   %nice    %sys %iowait    %irq   %soft  %steal  %guest  %gnice   %idle
15:08:01     all   51.01    0.00   34.26    4.53    0.00    0.63    0.00    0.00    0.00    9.57
15:08:01       0   49.49    0.00   34.34    5.05    0.00    1.01    0.00    0.00    0.00   10.10
15:08:01       1   53.06    0.00   33.67    4.08    0.00    0.00    0.00    0.00    0.00    9.18
15:08:01       2   51.02    0.00   34.69    4.08    0.00    1.02    0.00    0.00    0.00    9.18
15:08:01       3   48.00    0.00   37.00    5.00    0.00    1.00    0.00    0.00    0.00    9.00
15:08:01       4   51.00    0.00   34.00    5.00    0.00    0.00    0.00    0.00    0.00   10.00
15:08:01       5   53.00    0.00   32.00    5.00    0.00    1.00    0.00    0.00    0.00    9.00
15:08:01       6   52.00    0.00   33.00    4.00    0.00    1.00    0.00    0.00    0.00   10.00
15:08:01       7   50.51    0.00   35.35    4.04    0.00    0.00    0.00    0.00    0.00   10.10

15:08:01     CPU    %usr   %nice    %sys %iowait    %irq   %soft  %steal  %guest  %gnice   %idle
15:08:02     all   50.32    0.00   35.36    4.44    0.00    0.63    0.00    0.00    0.00    9.25
15:08:02       0   46.46    0.00   39.39    4.04    0.00    0.00    0.00    0.00    0.00   10.10
15:08:02       1   50.51    0.00   36.36    4.04    0.00    0.00    0.00    0.00    0.00    9.09
15:08:02       2   48.98    0.00   36.73    4.08    0.00    1.02    0.00    0.00    0.00    9.18
15:08:02       3   52.53    0.00   34.34    4.04    0.00    0.00    0.00    0.00    0.00    9.09
15:08:02       4   51.02    0.00   33.67    5.10    0.00    1.02    0.00    0.00    0.00    9.18
15:08:02       5   50.51    0.00   34.34    4.04    0.00    1.01    0.00    0.00    0.00   10.10
15:08:02       6   50.00    0.00   35.71    5.10    0.00    1.02    0.00    0.00    0.00    8.16
15:08:02       7   52.53    0.00   32.32    5.05    0.00    1.01    0.00    0.00    0.00    9.09

15:08:02     CPU    %usr   %nice    %sys %iowait    %irq   %soft  %steal  %guest  %gnice   %idle
15:08:03     all   50.51    0.00   38.20    5.08    0.00    1.14    0.00    0.00    0.00    5.08
15:08:03       0   52.04    0.00   41.84    3.06    0.00    0.00    0.00    0.00    0.00    3.06
15:08:03       1   52.48    0.00   38.61    2.97    0.00    1.98    0.00    0.00    0.00    3.96
15:08:03       2   53.00    0.00   38.00    4.00    0.00    1.00    0.00    0.00    0.00    4.00
15:08:03       3   53.54    0.00   39.39    3.03    0.00    1.01    0.00    0.00    0.00    3.03
15:08:03       4   50.00    0.00   34.69    7.14    0.00    2.04    0.00    0.00    0.00    6.12
15:08:03       5   48.45    0.00   39.18    6.19    0.00    1.03    0.00    0.00    0.00    5.15
15:08:03       6   47.42    0.00   36.08    7.22    0.00    1.03    0.00    0.00    0.00    8.25
15:08:03       7   46.94    0.00   37.76    7.14    0.00    1.02    0.00    0.00    0.00    7.14

15:08:03     CPU    %usr   %nice    %sys %iowait    %irq   %soft  %steal  %guest  %gnice   %idle
15:08:04     all   53.03    0.00   36.11    6.19    0.00    1.14    0.00    0.00    0.00    3.54
15:08:04       0   50.00    0.00   33.67    9.18    0.00    1.02    0.00    0.00    0.00    6.12
15:08:04       1   54.55    0.00   33.33    7.07    0.00    1.01    0.00    0.00    0.00    4.04
15:08:04       2   50.00    0.00   35.71    9.18    0.00    1.02    0.00    0.00    0.00    4.08
15:08:04       3   48.98    0.00   35.71    8.16    0.00    3.06    0.00    0.00    0.00    4.08
15:08:04       4   62.63    0.00   32.32    4.04    0.00    0.00    0.00    0.00    0.00    1.01
15:08:04       5   54.00    0.00   37.00    4.00    0.00    1.00    0.00    0.00    0.00    4.00
15:08:04       6   52.48    0.00   38.61    4.95    0.00    0.99    0.00    0.00    0.00    2.97
15:08:04       7   51.52    0.00   42.42    3.03    0.00    1.01    0.00    0.00    0.00    2.02

15:08:04     CPU    %usr   %nice    %sys %iowait    %irq   %soft  %steal  %guest  %gnice   %idle
15:08:05     all   44.07    0.00   34.68   18.25    0.00    0.65    0.00    0.00    0.00    2.35
15:08:05       0   48.45    0.00   36.08   13.40    0.00    0.00    0.00    0.00    0.00    2.06
15:08:05       1   44.33    0.00   35.05   17.53    0.00    1.03    0.00    0.00    0.00    2.06
15:08:05       2   41.49    0.00   34.04   20.21    0.00    1.06    0.00    0.00    0.00    3.19
15:08:05       3   42.71    0.00   35.42   19.79    0.00    0.00    0.00    0.00    0.00    2.08
15:08:05       4   45.26    0.00   33.68   17.89    0.00    1.05    0.00    0.00    0.00    2.11
15:08:05       5   45.74    0.00   32.98   19.15    0.00    0.00    0.00    0.00    0.00    2.13
15:08:05       6   41.24    0.00   35.05   19.59    0.00    1.03    0.00    0.00    0.00    3.09
15:08:05       7   43.30    0.00   35.05   18.56    0.00    1.03    0.00    0.00    0.00    2.06

15:08:05     CPU    %usr   %nice    %sys %iowait    %irq   %soft  %steal  %guest  %gnice   %idle
15:08:06     all   34.67    0.00   27.30   33.51    0.00    0.91    0.00    0.00    0.00    3.62
15:08:06       0   35.79    0.00   29.47   31.58    0.00    1.05    0.00    0.00    0.00    2.11
15:08:06       1   37.11    0.00   27.84   31.96    0.00    0.00    0.00    0.00    0.00    3.09
15:08:06       2   36.73    0.00   27.55   30.61    0.00    2.04    0.00    0.00    0.00    3.06
15:08:06       3   35.05    0.00   29.90   32.99    0.00    1.03    0.00    0.00    0.00    1.03
15:08:06       4   35.05    0.00   23.71   35.05    0.00    1.03    0.00    0.00    0.00    5.15
15:08:06       5   31.25    0.00   27.08   35.42    0.00    1.04    0.00    0.00    0.00    5.21
15:08:06       6   32.63    0.00   26.32   35.79    0.00    0.00    0.00    0.00    0.00    5.26
15:08:06       7   33.67    0.00   26.53   34.69    0.00    1.02    0.00    0.00    0.00    4.08

15:08:06     CPU    %usr   %nice    %sys %iowait    %irq   %soft  %steal  %guest  %gnice   %idle
15:08:07     all   31.27    0.00   25.87   39.00    0.00    0.77    0.00    0.00    0.00    3.09
15:08:07       0   30.61    0.00   25.51   38.78    0.00    1.02    0.00    0.00    0.00    4.08
15:08:07       1   31.96    0.00   25.77   38.14    0.00    1.03    0.00    0.00    0.00    3.09
15:08:07       2   29.90    0.00   26.80   40.21    0.00    1.03    0.00    0.00    0.00    2.06
15:08:07       3   29.47    0.00   26.32   40.00    0.00    0.00    0.00    0.00    0.00    4.21
15:08:07       4   32.32    0.00   26.26   38.38    0.00    0.00    0.00    0.00    0.00    3.03
15:08:07       5   31.96    0.00   24.74   39.18    0.00    1.03    0.00    0.00    0.00    3.09
15:08:07       6   31.63    0.00   25.51   39.80    0.00    1.02    0.00    0.00    0.00    2.04
15:08:07       7   32.29    0.00   26.04   37.50    0.00    1.04    0.00    0.00    0.00    3.12

15:08:07     CPU    %usr   %nice    %sys %iowait    %irq   %soft  %steal  %guest  %gnice   %idle
15:08:08     all   30.73    0.00   24.48   40.89    0.00    0.39    0.00    0.00    0.00    3.52
15:08:08       0   31.18    0.00   23.66   40.86    0.00    0.00    0.00    0.00    0.00    4.30
15:08:08       1   28.87    0.00   24.74   42.27    0.00    1.03    0.00    0.00    0.00    3.09
15:08:08       2   30.21    0.00   23.96   40.62    0.00    0.00    0.00    0.00    0.00    5.21
15:08:08       3   30.61    0.00   24.49   41.84    0.00    1.02    0.00    0.00    0.00    2.04
15:08:08       4   32.29    0.00   23.96   40.62    0.00    1.04    0.00    0.00    0.00    2.08
15:08:08       5   30.21    0.00   25.00   42.71    0.00    0.00    0.00    0.00    0.00    2.08
15:08:08       6   31.96    0.00   23.71   38.14    0.00    0.00    0.00    0.00    0.00    6.19
15:08:08       7   30.53    0.00   26.32   40.00    0.00    0.00    0.00    0.00    0.00    3.16

15:08:08     CPU    %usr   %nice    %sys %iowait    %irq   %soft  %steal  %guest  %gnice   %idle
15:08:09     all   41.39    0.00   33.68   21.21    0.00    0.77    0.00    0.00    0.00    2.96
15:08:09       0   43.43    0.00   36.36   18.18    0.00    0.00    0.00    0.00    0.00    2.02
15:08:09       1   43.43    0.00   35.35   17.17    0.00    1.01    0.00    0.00    0.00    3.03
15:08:09       2   47.42    0.00   31.96   17.53    0.00    1.03    0.00    0.00    0.00    2.06
15:08:09       3   43.30    0.00   36.08   18.56    0.00    0.00    0.00    0.00    0.00    2.06
15:08:09       4   39.58    0.00   31.25   23.96    0.00    1.04    0.00    0.00    0.00    4.17
15:08:09       5   41.24    0.00   28.87   25.77    0.00    1.03    0.00    0.00    0.00    3.09
15:08:09       6   34.04    0.00   34.04   27.66    0.00    1.06    0.00    0.00    0.00    3.19
15:08:09       7   38.38    0.00   35.35   21.21    0.00    1.01    0.00    0.00    0.00    4.04

15:08:09     CPU    %usr   %nice    %sys %iowait    %irq   %soft  %steal  %guest  %gnice   %idle
15:08:10     all   43.70    0.00   33.55   20.05    0.00    0.51    0.00    0.00    0.00    2.19
15:08:10       0   40.21    0.00   32.99   22.68    0.00    1.03    0.00    0.00    0.00    3.09
15:08:10       1   42.71    0.00   31.25   22.92    0.00    0.00    0.00    0.00    0.00    3.12
15:08:10       2   41.24    0.00   34.02   21.65    0.00    1.03    0.00    0.00    0.00    2.06
15:08:10       3   39.58    0.00   35.42   20.83    0.00    1.04    0.00    0.00    0.00    3.12
15:08:10       4   49.48    0.00   34.02   15.46    0.00    0.00    0.00    0.00    0.00    1.03
15:08:10       5   46.00    0.00   34.00   18.00    0.00    0.00    0.00    0.00    0.00    2.00
15:08:10       6   43.88    0.00   32.65   20.41    0.00    1.02    0.00    0.00    0.00    2.04
15:08:10       7   46.39    0.00   34.02   18.56    0.00    0.00    0.00    0.00    0.00    1.03

15:08:10     CPU    %usr   %nice    %sys %iowait    %irq   %soft  %steal  %guest  %gnice   %idle
15:08:11     all   41.72    0.00   31.07   23.23    0.00    0.77    0.00    0.00    0.00    3.21
15:08:11       0   45.26    0.00   28.42   23.16    0.00    0.00    0.00    0.00    0.00    3.16
15:08:11       1   45.45    0.00   29.29   22.22    0.00    1.01    0.00    0.00    0.00    2.02
15:08:11       2   40.40    0.00   33.33   21.21    0.00    1.01    0.00    0.00    0.00    4.04
15:08:11       3   40.82    0.00   31.63   22.45    0.00    1.02    0.00    0.00    0.00    4.08
15:08:11       4   43.30    0.00   29.90   23.71    0.00    1.03    0.00    0.00    0.00    2.06
15:08:11       5   42.27    0.00   29.90   23.71    0.00    1.03    0.00    0.00    0.00    3.09
15:08:11       6   36.46    0.00   33.33   26.04    0.00    0.00    0.00    0.00    0.00    4.17
15:08:11       7   39.80    0.00   32.65   23.47    0.00    1.02    0.00    0.00    0.00    3.06

15:08:11     CPU    %usr   %nice    %sys %iowait    %irq   %soft  %steal  %guest  %gnice   %idle
15:08:12     all   42.97    0.00   32.81   21.22    0.00    0.52    0.00    0.00    0.00    2.47
15:08:12       0   42.11    0.00   32.63   21.05    0.00    1.05    0.00    0.00    0.00    3.16
15:08:12       1   42.55    0.00   30.85   23.40    0.00    0.00    0.00    0.00    0.00    3.19
15:08:12       2   42.11    0.00   32.63   22.11    0.00    0.00    0.00    0.00    0.00    3.16
15:08:12       3   43.30    0.00   30.93   21.65    0.00    1.03    0.00    0.00    0.00    3.09
15:08:12       4   44.33    0.00   32.99   20.62    0.00    0.00    0.00    0.00    0.00    2.06
15:08:12       5   42.42    0.00   34.34   20.20    0.00    1.01    0.00    0.00    0.00    2.02
15:08:12       6   42.27    0.00   35.05   20.62    0.00    1.03    0.00    0.00    0.00    1.03
15:08:12       7   44.68    0.00   32.98   20.21    0.00    0.00    0.00    0.00    0.00    2.13

15:08:12     CPU    %usr   %nice    %sys %iowait    %irq   %soft  %steal  %guest  %gnice   %idle
15:08:13     all   40.41    0.00   32.51   23.58    0.00    0.91    0.00    0.00    0.00    2.59
15:08:13       0   41.84    0.00   32.65   21.43    0.00    1.02    0.00    0.00    0.00    3.06
15:08:13       1   40.21    0.00   34.02   22.68    0.00    1.03    0.00    0.00    0.00    2.06
15:08:13       2   42.27    0.00   32.99   22.68    0.00    1.03    0.00    0.00    0.00    1.03
15:08:13       3   42.55    0.00   32.98   22.34    0.00    0.00    0.00    0.00    0.00    2.13
15:08:13       4   41.67    0.00   30.21   23.96    0.00    1.04    0.00    0.00    0.00    3.12
15:08:13       5   38.95    0.00   32.63   25.26    0.00    1.05    0.00    0.00    0.00    2.11
15:08:13       6   38.14    0.00   30.93   25.77    0.00    1.03    0.00    0.00    0.00    4.12
15:08:13       7   37.76    0.00   33.67   24.49    0.00    1.02    0.00    0.00    0.00    3.06

15:08:13     CPU    %usr   %nice    %sys %iowait    %irq   %soft  %steal  %guest  %gnice   %idle
15:08:14     all   39.10    0.00   31.61   25.81    0.00    0.52    0.00    0.00    0.00    2.97
15:08:14       0   36.73    0.00   32.65   27.55    0.00    0.00    0.00    0.00    0.00    3.06
15:08:14       1   38.95    0.00   29.47   28.42    0.00    0.00    0.00    0.00    0.00    3.16
15:08:14       2   37.37    0.00   30.30   27.27    0.00    1.01    0.00    0.00    0.00    4.04
15:08:14       3   37.50    0.00   32.29   26.04    0.00    0.00    0.00    0.00    0.00    4.17
15:08:14       4   40.00    0.00   32.63   25.26    0.00    0.00    0.00    0.00    0.00    2.11
15:08:14       5   42.27    0.00   29.90   23.71    0.00    1.03    0.00    0.00    0.00    3.09
15:08:14       6   39.80    0.00   32.65   24.49    0.00    1.02    0.00    0.00    0.00    2.04
15:08:14       7   40.21    0.00   32.99   23.71    0.00    1.03    0.00    0.00    0.00    2.06

15:08:14     CPU    %usr   %nice    %sys %iowait    %irq   %soft  %steal  %guest  %gnice   %idle
15:08:15     all   41.43    0.00   32.21   22.73    0.00    0.65    0.00    0.00    0.00    2.99
15:08:15       0   41.05    0.00   32.63   23.16    0.00    1.05    0.00    0.00    0.00    2.11
15:08:15       1   42.27    0.00   31.96   21.65    0.00    1.03    0.00    0.00    0.00    3.09
15:08:15       2   42.86    0.00   29.59   22.45    0.00    1.02    0.00    0.00    0.00    4.08
15:08:15       3   38.95    0.00   34.74   23.16    0.00    1.05    0.00    0.00    0.00    2.11
15:08:15       4   43.43    0.00   31.31   21.21    0.00    1.01    0.00    0.00    0.00    3.03
15:08:15       5   38.95    0.00   33.68   24.21    0.00    0.00    0.00    0.00    0.00    3.16
15:08:15       6   41.67    0.00   31.25   23.96    0.00    0.00    0.00    0.00    0.00    3.12
15:08:15       7   42.11    0.00   32.63   22.11    0.00    0.00    0.00    0.00    0.00    3.16

15:08:15     CPU    %usr   %nice    %sys %iowait    %irq   %soft  %steal  %guest  %gnice   %idle
15:08:16     all   34.64    0.00   27.97   26.54    0.00    0.52    0.00    0.00    0.00   10.33
15:08:16       0   32.99    0.00   29.90   30.93    0.00    1.03    0.00    0.00    0.00    5.15
15:08:16       1   33.33    0.00   29.17   35.42    0.00    0.00    0.00    0.00    0.00    2.08
15:08:16       2   37.11    0.00   25.77   22.68    0.00    0.00    0.00    0.00    0.00   14.43
15:08:16       3   34.04    0.00   27.66   25.53    0.00    0.00    0.00    0.00    0.00   12.77
15:08:16       4   32.98    0.00   29.79   25.53    0.00    0.00    0.00    0.00    0.00   11.70
15:08:16       5   35.48    0.00   26.88   22.58    0.00    1.08    0.00    0.00    0.00   13.98
15:08:16       6   35.05    0.00   26.80   24.74    0.00    1.03    0.00    0.00    0.00   12.37
15:08:16       7   36.08    0.00   27.84   24.74    0.00    1.03    0.00    0.00    0.00   10.31

15:08:16     CPU    %usr   %nice    %sys %iowait    %irq   %soft  %steal  %guest  %gnice   %idle
15:08:17     all    4.33    0.00    3.57   78.34    0.00    0.00    0.00    0.00    0.00   13.76
15:08:17       0    4.04    0.00    3.03   88.89    0.00    0.00    0.00    0.00    0.00    4.04
15:08:17       1    4.08    0.00    3.06   89.80    0.00    0.00    0.00    0.00    0.00    3.06
15:08:17       2    4.00    0.00    4.00   91.00    0.00    0.00    0.00    0.00    0.00    1.00
15:08:17       3    5.00    0.00    3.00   81.00    0.00    0.00    0.00    0.00    0.00   11.00
15:08:17       4    4.12    0.00    3.09   88.66    0.00    0.00    0.00    0.00    0.00    4.12
15:08:17       5    3.09    0.00    3.09    6.19    0.00    0.00    0.00    0.00    0.00   87.63
15:08:17       6    5.21    0.00    6.25   88.54    0.00    0.00    0.00    0.00    0.00    0.00
15:08:17       7    5.10    0.00    3.06   91.84    0.00    0.00    0.00    0.00    0.00    0.00

15:08:17     CPU    %usr   %nice    %sys %iowait    %irq   %soft  %steal  %guest  %gnice   %idle
15:08:18     all    2.64    0.00    2.27   76.70    0.00    0.13    0.00    0.00    0.00   18.26
15:08:18       0    1.00    0.00    3.00   96.00    0.00    0.00    0.00    0.00    0.00    0.00
15:08:18       1    1.00    0.00    1.00   98.00    0.00    0.00    0.00    0.00    0.00    0.00
15:08:18       2    1.01    0.00    0.00   97.98    0.00    1.01    0.00    0.00    0.00    0.00
15:08:18       3    1.01    0.00    2.02   26.26    0.00    0.00    0.00    0.00    0.00   70.71
15:08:18       4    0.00    0.00    2.00   98.00    0.00    0.00    0.00    0.00    0.00    0.00
15:08:18       5   14.29    0.00    4.08    6.12    0.00    0.00    0.00    0.00    0.00   75.51
15:08:18       6    1.00    0.00    2.00   97.00    0.00    0.00    0.00    0.00    0.00    0.00
15:08:18       7    2.04    0.00    4.08   92.86    0.00    0.00    0.00    0.00    0.00    1.02

15:08:18     CPU    %usr   %nice    %sys %iowait    %irq   %soft  %steal  %guest  %gnice   %idle
15:08:19     all   25.16    0.00   19.58   40.21    0.00    0.52    0.00    0.00    0.00   14.53
15:08:19       0   25.26    0.00   20.00   41.05    0.00    0.00    0.00    0.00    0.00   13.68
15:08:19       1   24.74    0.00   20.62   46.39    0.00    1.03    0.00    0.00    0.00    7.22
15:08:19       2   26.04    0.00   18.75   41.67    0.00    0.00    0.00    0.00    0.00   13.54
15:08:19       3   26.04    0.00   18.75   35.42    0.00    0.00    0.00    0.00    0.00   19.79
15:08:19       4   23.96    0.00   19.79   48.96    0.00    1.04    0.00    0.00    0.00    6.25
15:08:19       5   26.26    0.00   19.19   32.32    0.00    1.01    0.00    0.00    0.00   21.21
15:08:19       6   24.49    0.00   19.39   38.78    0.00    1.02    0.00    0.00    0.00   16.33
15:08:19       7   24.47    0.00   20.21   37.23    0.00    0.00    0.00    0.00    0.00   18.09

15:08:19     CPU    %usr   %nice    %sys %iowait    %irq   %soft  %steal  %guest  %gnice   %idle
15:08:20     all   30.00    0.00   24.42   41.17    0.00    0.52    0.00    0.00    0.00    3.90
15:08:20       0   29.90    0.00   23.71   40.21    0.00    1.03    0.00    0.00    0.00    5.15
15:08:20       1   29.59    0.00   26.53   38.78    0.00    0.00    0.00    0.00    0.00    5.10
15:08:20       2   29.47    0.00   24.21   43.16    0.00    1.05    0.00    0.00    0.00    2.11
15:08:20       3   32.63    0.00   22.11   41.05    0.00    0.00    0.00    0.00    0.00    4.21
15:08:20       4   28.42    0.00   25.26   41.05    0.00    1.05    0.00    0.00    0.00    4.21
15:08:20       5   29.90    0.00   25.77   41.24    0.00    0.00    0.00    0.00    0.00    3.09
15:08:20       6   29.47    0.00   23.16   42.11    0.00    1.05    0.00    0.00    0.00    4.21
15:08:20       7   30.61    0.00   24.49   41.84    0.00    0.00    0.00    0.00    0.00    3.06

15:08:20     CPU    %usr   %nice    %sys %iowait    %irq   %soft  %steal  %guest  %gnice   %idle
15:08:21     all   33.38    0.00   27.36   35.21    0.00    0.65    0.00    0.00    0.00    3.40
15:08:21       0   33.33    0.00   29.17   35.42    0.00    0.00    0.00    0.00    0.00    2.08
15:08:21       1   33.33    0.00   25.81   36.56    0.00    1.08    0.00    0.00    0.00    3.23
15:08:21       2   31.63    0.00   27.55   35.71    0.00    1.02    0.00    0.00    0.00    4.08
15:08:21       3   30.61    0.00   29.59   35.71    0.00    1.02    0.00    0.00    0.00    3.06
15:08:21       4   35.11    0.00   26.60   35.11    0.00    0.00    0.00    0.00    0.00    3.19
15:08:21       5   32.63    0.00   27.37   33.68    0.00    1.05    0.00    0.00    0.00    5.26
15:08:21       6   35.11    0.00   26.60   36.17    0.00    0.00    0.00    0.00    0.00    2.13
15:08:21       7   35.42    0.00   26.04   33.33    0.00    1.04    0.00    0.00    0.00    4.17

15:08:21     CPU    %usr   %nice    %sys %iowait    %irq   %soft  %steal  %guest  %gnice   %idle
15:08:22     all   35.64    0.00   27.02   33.55    0.00    0.52    0.00    0.00    0.00    3.26
15:08:22       0   33.67    0.00   29.59   31.63    0.00    1.02    0.00    0.00    0.00    4.08
15:08:22       1   35.79    0.00   27.37   33.68    0.00    1.05    0.00    0.00    0.00    2.11
15:08:22       2   35.11    0.00   27.66   35.11    0.00    0.00    0.00    0.00    0.00    2.13
15:08:22       3   35.42    0.00   28.12   32.29    0.00    0.00    0.00    0.00    0.00    4.17
15:08:22       4   36.08    0.00   26.80   34.02    0.00    1.03    0.00    0.00    0.00    2.06
15:08:22       5   37.89    0.00   24.21   32.63    0.00    0.00    0.00    0.00    0.00    5.26
15:08:22       6   35.42    0.00   25.00   35.42    0.00    1.04    0.00    0.00    0.00    3.12
15:08:22       7   35.79    0.00   27.37   33.68    0.00    0.00    0.00    0.00    0.00    3.16

15:08:22     CPU    %usr   %nice    %sys %iowait    %irq   %soft  %steal  %guest  %gnice   %idle
15:08:23     all   26.29    0.00   20.72   47.94    0.00    0.40    0.00    0.00    0.00    4.65
15:08:23       0   27.66    0.00   20.21   47.87    0.00    0.00    0.00    0.00    0.00    4.26
15:08:23       1   27.66    0.00   19.15   47.87    0.00    0.00    0.00    0.00    0.00    5.32
15:08:23       2   26.32    0.00   21.05   48.42    0.00    1.05    0.00    0.00    0.00    3.16
15:08:23       3   26.04    0.00   20.83   46.88    0.00    1.04    0.00    0.00    0.00    5.21
15:08:23       4   24.73    0.00   21.51   47.31    0.00    0.00    0.00    0.00    0.00    6.45
15:08:23       5   26.04    0.00   20.83   47.92    0.00    1.04    0.00    0.00    0.00    4.17
15:08:23       6   26.88    0.00   19.35   48.39    0.00    0.00    0.00    0.00    0.00    5.38
15:08:23       7   25.00    0.00   22.83   48.91    0.00    0.00    0.00    0.00    0.00    3.26

15:08:23     CPU    %usr   %nice    %sys %iowait    %irq   %soft  %steal  %guest  %gnice   %idle
15:08:24     all   39.37    0.00   30.78   26.16    0.00    0.66    0.00    0.00    0.00    3.04
15:08:24       0   37.89    0.00   31.58   26.32    0.00    1.05    0.00    0.00    0.00    3.16
15:08:24       1   38.30    0.00   30.85   26.60    0.00    0.00    0.00    0.00    0.00    4.26
15:08:24       2   38.95    0.00   29.47   27.37    0.00    1.05    0.00    0.00    0.00    3.16
15:08:24       3   38.95    0.00   31.58   26.32    0.00    0.00    0.00    0.00    0.00    3.16
15:08:24       4   42.55    0.00   29.79   25.53    0.00    0.00    0.00    0.00    0.00    2.13
15:08:24       5   39.58    0.00   31.25   25.00    0.00    1.04    0.00    0.00    0.00    3.12
15:08:24       6   37.89    0.00   31.58   26.32    0.00    1.05    0.00    0.00    0.00    3.16
15:08:24       7   40.86    0.00   30.11   25.81    0.00    1.08    0.00    0.00    0.00    2.15

15:08:24     CPU    %usr   %nice    %sys %iowait    %irq   %soft  %steal  %guest  %gnice   %idle
15:08:25     all   40.61    0.00   31.56   23.97    0.00    0.80    0.00    0.00    0.00    3.06
15:08:25       0   40.86    0.00   34.41   21.51    0.00    0.00    0.00    0.00    0.00    3.23
15:08:25       1   40.86    0.00   33.33   23.66    0.00    1.08    0.00    0.00    0.00    1.08
15:08:25       2   42.11    0.00   30.53   23.16    0.00    1.05    0.00    0.00    0.00    3.16
15:08:25       3   43.16    0.00   31.58   22.11    0.00    1.05    0.00    0.00    0.00    2.11
15:08:25       4   41.05    0.00   29.47   24.21    0.00    1.05    0.00    0.00    0.00    4.21
15:08:25       5   39.78    0.00   30.11   25.81    0.00    1.08    0.00    0.00    0.00    3.23
15:08:25       6   37.63    0.00   30.11   27.96    0.00    1.08    0.00    0.00    0.00    3.23
15:08:25       7   39.36    0.00   32.98   23.40    0.00    0.00    0.00    0.00    0.00    4.26

15:08:25     CPU    %usr   %nice    %sys %iowait    %irq   %soft  %steal  %guest  %gnice   %idle
15:08:26     all   31.86    0.00   27.18   30.79    0.00    0.27    0.00    0.00    0.00    9.91
15:08:26       0   32.98    0.00   26.60   38.30    0.00    0.00    0.00    0.00    0.00    2.13
15:08:26       1   33.68    0.00   26.32   28.42    0.00    0.00    0.00    0.00    0.00   11.58
15:08:26       2   31.18    0.00   27.96   29.03    0.00    1.08    0.00    0.00    0.00   10.75
15:08:26       3   35.87    0.00   26.09   26.09    0.00    0.00    0.00    0.00    0.00   11.96
15:08:26       4   31.91    0.00   27.66   27.66    0.00    0.00    0.00    0.00    0.00   12.77
15:08:26       5   30.43    0.00   27.17   30.43    0.00    0.00    0.00    0.00    0.00   11.96
15:08:26       6   30.11    0.00   26.88   38.71    0.00    0.00    0.00    0.00    0.00    4.30
15:08:26       7   28.72    0.00   28.72   27.66    0.00    1.06    0.00    0.00    0.00   13.83

15:08:26     CPU    %usr   %nice    %sys %iowait    %irq   %soft  %steal  %guest  %gnice   %idle
15:08:27     all   19.29    0.00   16.54   34.38    0.00    0.52    0.00    0.00    0.00   29.27
15:08:27       0   19.79    0.00   16.67   62.50    0.00    1.04    0.00    0.00    0.00    0.00
15:08:27       1   23.96    0.00   15.62   35.42    0.00    0.00    0.00    0.00    0.00   25.00
15:08:27       2   17.02    0.00   19.15   32.98    0.00    0.00    0.00    0.00    0.00   30.85
15:08:27       3   18.95    0.00   15.79   20.00    0.00    1.05    0.00    0.00    0.00   44.21
15:08:27       4   18.95    0.00   16.84   35.79    0.00    1.05    0.00    0.00    0.00   27.37
15:08:27       5   19.59    0.00   15.46   35.05    0.00    0.00    0.00    0.00    0.00   29.90
15:08:27       6   18.09    0.00   15.96   34.04    0.00    1.06    0.00    0.00    0.00   30.85
15:08:27       7   17.89    0.00   16.84   18.95    0.00    0.00    0.00    0.00    0.00   46.32

15:08:27     CPU    %usr   %nice    %sys %iowait    %irq   %soft  %steal  %guest  %gnice   %idle
15:08:28     all   18.95    0.00   16.05   36.58    0.00    0.66    0.00    0.00    0.00   27.76
15:08:28       0   18.95    0.00   17.89   28.42    0.00    0.00    0.00    0.00    0.00   34.74
15:08:28       1   16.67    0.00   17.71   46.88    0.00    1.04    0.00    0.00    0.00   17.71
15:08:28       2   20.00    0.00   13.68   37.89    0.00    1.05    0.00    0.00    0.00   27.37
15:08:28       3   20.62    0.00   15.46   35.05    0.00    1.03    0.00    0.00    0.00   27.84
15:08:28       4   18.28    0.00   16.13   27.96    0.00    0.00    0.00    0.00    0.00   37.63
15:08:28       5   18.48    0.00   15.22   26.09    0.00    1.09    0.00    0.00    0.00   39.13
15:08:28       6   20.41    0.00   16.33   58.16    0.00    0.00    0.00    0.00    0.00    5.10
15:08:28       7   18.09    0.00   15.96   30.85    0.00    1.06    0.00    0.00    0.00   34.04

15:08:28     CPU    %usr   %nice    %sys %iowait    %irq   %soft  %steal  %guest  %gnice   %idle
15:08:29     all   27.04    0.00   21.24   32.19    0.00    0.40    0.00    0.00    0.00   19.13
15:08:29       0   29.47    0.00   18.95   27.37    0.00    1.05    0.00    0.00    0.00   23.16
15:08:29       1   25.53    0.00   23.40   24.47    0.00    0.00    0.00    0.00    0.00   26.60
15:08:29       2   28.42    0.00   21.05   33.68    0.00    0.00    0.00    0.00    0.00   16.84
15:08:29       3   28.72    0.00   21.28   32.98    0.00    0.00    0.00    0.00    0.00   17.02
15:08:29       4   26.32    0.00   21.05   40.00    0.00    1.05    0.00    0.00    0.00   11.58
15:08:29       5   26.04    0.00   20.83   40.62    0.00    1.04    0.00    0.00    0.00   11.46
15:08:29       6   25.26    0.00   21.05   32.63    0.00    0.00    0.00    0.00    0.00   21.05
15:08:29       7   26.60    0.00   22.34   25.53    0.00    0.00    0.00    0.00    0.00   25.53

15:08:29     CPU    %usr   %nice    %sys %iowait    %irq   %soft  %steal  %guest  %gnice   %idle
15:08:30     all   34.18    0.00   26.84   31.38    0.00    0.93    0.00    0.00    0.00    6.68
15:08:30       0   35.11    0.00   26.60   28.72    0.00    1.06    0.00    0.00    0.00    8.51
15:08:30       1   33.68    0.00   28.42   32.63    0.00    1.05    0.00    0.00    0.00    4.21
15:08:30       2   36.17    0.00   26.60   28.72    0.00    1.06    0.00    0.00    0.00    7.45
15:08:30       3   32.26    0.00   29.03   30.11    0.00    1.08    0.00    0.00    0.00    7.53
15:08:30       4   33.70    0.00   26.09   30.43    0.00    1.09    0.00    0.00    0.00    8.70
15:08:30       5   35.11    0.00   26.60   35.11    0.00    0.00    0.00    0.00    0.00    3.19
15:08:30       6   34.41    0.00   24.73   34.41    0.00    1.08    0.00    0.00    0.00    5.38
15:08:30       7   32.98    0.00   26.60   30.85    0.00    1.06    0.00    0.00    0.00    8.51

15:08:30     CPU    %usr   %nice    %sys %iowait    %irq   %soft  %steal  %guest  %gnice   %idle
15:08:31     all   21.23    0.00   17.30   38.27    0.00    0.52    0.00    0.00    0.00   22.67
15:08:31       0   22.92    0.00   17.71   35.42    0.00    0.00    0.00    0.00    0.00   23.96
15:08:31       1   22.58    0.00   16.13   50.54    0.00    1.08    0.00    0.00    0.00    9.68
15:08:31       2   19.59    0.00   19.59   32.99    0.00    1.03    0.00    0.00    0.00   26.80
15:08:31       3   19.15    0.00   18.09   34.04    0.00    0.00    0.00    0.00    0.00   28.72
15:08:31       4   20.62    0.00   18.56   34.02    0.00    1.03    0.00    0.00    0.00   25.77
15:08:31       5   22.11    0.00   15.79   34.74    0.00    1.05    0.00    0.00    0.00   26.32
15:08:31       6   20.83    0.00   16.67   50.00    0.00    0.00    0.00    0.00    0.00   12.50
15:08:31       7   22.11    0.00   15.79   34.74    0.00    0.00    0.00    0.00    0.00   27.37

15:08:31     CPU    %usr   %nice    %sys %iowait    %irq   %soft  %steal  %guest  %gnice   %idle
15:08:32     all   29.11    0.00   22.72   43.21    0.00    0.26    0.00    0.00    0.00    4.70
15:08:32       0   29.59    0.00   22.45   41.84    0.00    0.00    0.00    0.00    0.00    6.12
15:08:32       1   31.96    0.00   21.65   41.24    0.00    0.00    0.00    0.00    0.00    5.15
15:08:32       2   28.12    0.00   22.92   44.79    0.00    0.00    0.00    0.00    0.00    4.17
15:08:32       3   29.90    0.00   20.62   44.33    0.00    1.03    0.00    0.00    0.00    4.12
15:08:32       4   30.21    0.00   25.00   39.58    0.00    0.00    0.00    0.00    0.00    5.21
15:08:32       5   26.88    0.00   23.66   45.16    0.00    0.00    0.00    0.00    0.00    4.30
15:08:32       6   27.66    0.00   22.34   44.68    0.00    0.00    0.00    0.00    0.00    5.32
15:08:32       7   28.42    0.00   23.16   44.21    0.00    1.05    0.00    0.00    0.00    3.16

15:08:32     CPU    %usr   %nice    %sys %iowait    %irq   %soft  %steal  %guest  %gnice   %idle
15:08:33     all   27.55    0.00   23.42   41.79    0.00    0.52    0.00    0.00    0.00    6.73
15:08:33       0   27.08    0.00   22.92   42.71    0.00    1.04    0.00    0.00    0.00    6.25
15:08:33       1   27.08    0.00   25.00   42.71    0.00    0.00    0.00    0.00    0.00    5.21
15:08:33       2   28.57    0.00   22.45   40.82    0.00    1.02    0.00    0.00    0.00    7.14
15:08:33       3   27.08    0.00   25.00   39.58    0.00    0.00    0.00    0.00    0.00    8.33
15:08:33       4   26.04    0.00   25.00   41.67    0.00    0.00    0.00    0.00    0.00    7.29
15:08:33       5   29.17    0.00   21.88   39.58    0.00    1.04    0.00    0.00    0.00    8.33
15:08:33       6   27.55    0.00   22.45   43.88    0.00    1.02    0.00    0.00    0.00    5.10
15:08:33       7   27.84    0.00   22.68   43.30    0.00    0.00    0.00    0.00    0.00    6.19

15:08:33     CPU    %usr   %nice    %sys %iowait    %irq   %soft  %steal  %guest  %gnice   %idle
15:08:34     all   22.08    0.00   18.74   45.70    0.00    0.64    0.00    0.00    0.00   12.84
15:08:34       0   20.62    0.00   20.62   41.24    0.00    0.00    0.00    0.00    0.00   17.53
15:08:34       1   23.23    0.00   18.18   42.42    0.00    1.01    0.00    0.00    0.00   15.15
15:08:34       2   22.68    0.00   18.56   44.33    0.00    1.03    0.00    0.00    0.00   13.40
15:08:34       3   20.21    0.00   19.15   43.62    0.00    0.00    0.00    0.00    0.00   17.02
15:08:34       4   21.65    0.00   18.56   53.61    0.00    1.03    0.00    0.00    0.00    5.15
15:08:34       5   23.00    0.00   18.00   49.00    0.00    1.00    0.00    0.00    0.00    9.00
15:08:34       6   22.45    0.00   17.35   45.92    0.00    1.02    0.00    0.00    0.00   13.27
15:08:34       7   22.68    0.00   19.59   45.36    0.00    0.00    0.00    0.00    0.00   12.37

15:08:34     CPU    %usr   %nice    %sys %iowait    %irq   %soft  %steal  %guest  %gnice   %idle
15:08:35     all   23.16    0.00   18.63   47.74    0.00    0.39    0.00    0.00    0.00   10.09
15:08:35       0   25.26    0.00   15.79   54.74    0.00    1.05    0.00    0.00    0.00    3.16
15:08:35       1   23.16    0.00   18.95   48.42    0.00    0.00    0.00    0.00    0.00    9.47
15:08:35       2   23.96    0.00   17.71   46.88    0.00    0.00    0.00    0.00    0.00   11.46
15:08:35       3   23.47    0.00   17.35   50.00    0.00    1.02    0.00    0.00    0.00    8.16
15:08:35       4   21.88    0.00   19.79   45.83    0.00    0.00    0.00    0.00    0.00   12.50
15:08:35       5   21.88    0.00   19.79   43.75    0.00    0.00    0.00    0.00    0.00   14.58
15:08:35       6   23.71    0.00   18.56   45.36    0.00    0.00    0.00    0.00    0.00   12.37
15:08:35       7   22.00    0.00   21.00   47.00    0.00    1.00    0.00    0.00    0.00    9.00

15:08:35     CPU    %usr   %nice    %sys %iowait    %irq   %soft  %steal  %guest  %gnice   %idle
15:08:36     all   28.28    0.00   23.26   43.06    0.00    0.26    0.00    0.00    0.00    5.14
15:08:36       0   26.04    0.00   23.96   43.75    0.00    0.00    0.00    0.00    0.00    6.25
15:08:36       1   28.12    0.00   22.92   42.71    0.00    0.00    0.00    0.00    0.00    6.25
15:08:36       2   27.55    0.00   23.47   41.84    0.00    1.02    0.00    0.00    0.00    6.12
15:08:36       3   28.87    0.00   22.68   44.33    0.00    0.00    0.00    0.00    0.00    4.12
15:08:36       4   28.57    0.00   22.45   43.88    0.00    1.02    0.00    0.00    0.00    4.08
15:08:36       5   27.84    0.00   23.71   45.36    0.00    0.00    0.00    0.00    0.00    3.09
15:08:36       6   28.57    0.00   23.47   41.84    0.00    0.00    0.00    0.00    0.00    6.12
15:08:36       7   30.61    0.00   23.47   40.82    0.00    0.00    0.00    0.00    0.00    5.10

15:08:36     CPU    %usr   %nice    %sys %iowait    %irq   %soft  %steal  %guest  %gnice   %idle
15:08:37     all   25.10    0.00   20.87   46.22    0.00    0.64    0.00    0.00    0.00    7.17
15:08:37       0   25.25    0.00   21.21   47.47    0.00    0.00    0.00    0.00    0.00    6.06
15:08:37       1   23.71    0.00   21.65   46.39    0.00    1.03    0.00    0.00    0.00    7.22
15:08:37       2   23.47    0.00   22.45   44.90    0.00    1.02    0.00    0.00    0.00    8.16
15:08:37       3   26.04    0.00   19.79   47.92    0.00    0.00    0.00    0.00    0.00    6.25
15:08:37       4   25.26    0.00   20.00   47.37    0.00    0.00    0.00    0.00    0.00    7.37
15:08:37       5   25.25    0.00   21.21   43.43    0.00    1.01    0.00    0.00    0.00    9.09
15:08:37       6   26.53    0.00   19.39   43.88    0.00    1.02    0.00    0.00    0.00    9.18
15:08:37       7   25.25    0.00   21.21   48.48    0.00    1.01    0.00    0.00    0.00    4.04

15:08:37     CPU    %usr   %nice    %sys %iowait    %irq   %soft  %steal  %guest  %gnice   %idle
15:08:38     all   26.16    0.00   21.26   43.43    0.00    0.26    0.00    0.00    0.00    8.89
15:08:38       0   25.51    0.00   20.41   42.86    0.00    1.02    0.00    0.00    0.00   10.20
15:08:38       1   26.80    0.00   20.62   39.18    0.00    1.03    0.00    0.00    0.00   12.37
15:08:38       2   27.27    0.00   22.22   40.40    0.00    0.00    0.00    0.00    0.00   10.10
15:08:38       3   26.80    0.00   20.62   42.27    0.00    0.00    0.00    0.00    0.00   10.31
15:08:38       4   22.92    0.00   23.96   46.88    0.00    0.00    0.00    0.00    0.00    6.25
15:08:38       5   27.37    0.00   20.00   47.37    0.00    0.00    0.00    0.00    0.00    5.26
15:08:38       6   26.26    0.00   22.22   44.44    0.00    0.00    0.00    0.00    0.00    7.07
15:08:38       7   26.32    0.00   20.00   44.21    0.00    0.00    0.00    0.00    0.00    9.47

15:08:38     CPU    %usr   %nice    %sys %iowait    %irq   %soft  %steal  %guest  %gnice   %idle
15:08:39     all   21.93    0.00   18.63   52.44    0.00    0.53    0.00    0.00    0.00    6.47
15:08:39       0   21.51    0.00   18.28   51.61    0.00    0.00    0.00    0.00    0.00    8.60
15:08:39       1   23.40    0.00   18.09   50.00    0.00    0.00    0.00    0.00    0.00    8.51
15:08:39       2   22.68    0.00   19.59   51.55    0.00    1.03    0.00    0.00    0.00    5.15
15:08:39       3   23.47    0.00   18.37   47.96    0.00    1.02    0.00    0.00    0.00    9.18
15:08:39       4   20.21    0.00   19.15   51.06    0.00    1.06    0.00    0.00    0.00    8.51
15:08:39       5   21.05    0.00   18.95   54.74    0.00    0.00    0.00    0.00    0.00    5.26
15:08:39       6   21.51    0.00   17.20   54.84    0.00    1.08    0.00    0.00    0.00    5.38
15:08:39       7   21.51    0.00   19.35   58.06    0.00    0.00    0.00    0.00    0.00    1.08

15:08:39     CPU    %usr   %nice    %sys %iowait    %irq   %soft  %steal  %guest  %gnice   %idle
15:08:40     all   28.63    0.00   24.31   42.35    0.00    0.39    0.00    0.00    0.00    4.31
15:08:40       0   26.80    0.00   24.74   43.30    0.00    1.03    0.00    0.00    0.00    4.12
15:08:40       1   29.17    0.00   23.96   43.75    0.00    0.00    0.00    0.00    0.00    3.12
15:08:40       2   27.66    0.00   24.47   42.55    0.00    1.06    0.00    0.00    0.00    4.26
15:08:40       3   28.72    0.00   25.53   41.49    0.00    0.00    0.00    0.00    0.00    4.26
15:08:40       4   28.87    0.00   24.74   41.24    0.00    0.00    0.00    0.00    0.00    5.15
15:08:40       5   29.47    0.00   23.16   42.11    0.00    1.05    0.00    0.00    0.00    4.21
15:08:40       6   27.55    0.00   25.51   40.82    0.00    0.00    0.00    0.00    0.00    6.12
15:08:40       7   30.85    0.00   22.34   43.62    0.00    0.00    0.00    0.00    0.00    3.19

15:08:40     CPU    %usr   %nice    %sys %iowait    %irq   %soft  %steal  %guest  %gnice   %idle
15:08:41     all   27.94    0.00   21.60   39.33    0.00    0.26    0.00    0.00    0.00   10.87
15:08:41       0   26.04    0.00   22.92   38.54    0.00    0.00    0.00    0.00    0.00   12.50
15:08:41       1   26.04    0.00   21.88   35.42    0.00    0.00    0.00    0.00    0.00   16.67
15:08:41       2   26.53    0.00   22.45   44.90    0.00    0.00    0.00    0.00    0.00    6.12
15:08:41       3   38.14    0.00   20.62   34.02    0.00    0.00    0.00    0.00    0.00    7.22
15:08:41       4   26.80    0.00   21.65   38.14    0.00    1.03    0.00    0.00    0.00   12.37
15:08:41       5   26.80    0.00   20.62   42.27    0.00    0.00    0.00    0.00    0.00   10.31
15:08:41       6   26.32    0.00   21.05   42.11    0.00    0.00    0.00    0.00    0.00   10.53
15:08:41       7   26.80    0.00   21.65   39.18    0.00    1.03    0.00    0.00    0.00   11.34

15:08:41     CPU    %usr   %nice    %sys %iowait    %irq   %soft  %steal  %guest  %gnice   %idle
15:08:42     all   27.31    0.00   25.86   34.43    0.00    0.66    0.00    0.00    0.00   11.74
15:08:42       0   25.00    0.00   30.21   33.33    0.00    1.04    0.00    0.00    0.00   10.42
15:08:42       1   27.37    0.00   26.32   30.53    0.00    1.05    0.00    0.00    0.00   14.74
15:08:42       2   28.72    0.00   25.53   38.30    0.00    0.00    0.00    0.00    0.00    7.45
15:08:42       3   24.47    0.00   30.85   35.11    0.00    1.06    0.00    0.00    0.00    8.51
15:08:42       4   31.91    0.00   24.47   37.23    0.00    0.00    0.00    0.00    0.00    6.38
15:08:42       5   27.66    0.00   22.34   31.91    0.00    1.06    0.00    0.00    0.00   17.02
15:08:42       6   25.53    0.00   22.34   32.98    0.00    1.06    0.00    0.00    0.00   18.09
15:08:42       7   27.84    0.00   24.74   36.08    0.00    0.00    0.00    0.00    0.00   11.34

15:08:42     CPU    %usr   %nice    %sys %iowait    %irq   %soft  %steal  %guest  %gnice   %idle
15:08:43     all    0.88    0.00   24.94   26.94    0.00    0.50    0.00    0.00    0.00   46.74
15:08:43       0    1.98    0.00   25.74    6.93    0.00    0.00    0.00    0.00    0.00   65.35
15:08:43       1    1.01    0.00   22.22    3.03    0.00    0.00    0.00    0.00    0.00   73.74
15:08:43       2    1.00    0.00   26.00   47.00    0.00    1.00    0.00    0.00    0.00   25.00
15:08:43       3    0.00    0.00   23.23    3.03    0.00    1.01    0.00    0.00    0.00   72.73
15:08:43       4    1.00    0.00   26.00   44.00    0.00    1.00    0.00    0.00    0.00   28.00
15:08:43       5    1.01    0.00   26.26   46.46    0.00    0.00    0.00    0.00    0.00   26.26
15:08:43       6    1.00    0.00   25.00   64.00    0.00    0.00    0.00    0.00    0.00   10.00
15:08:43       7    0.00    0.00   25.00    1.00    0.00    1.00    0.00    0.00    0.00   73.00

15:08:43     CPU    %usr   %nice    %sys %iowait    %irq   %soft  %steal  %guest  %gnice   %idle
15:08:44     all    0.00    0.00    1.13   16.52    0.00    0.00    0.00    0.00    0.00   82.35
15:08:44       0    0.00    0.00    0.00    0.00    0.00    0.00    0.00    0.00    0.00  100.00
15:08:44       1    0.00    0.00    0.99    3.96    0.00    0.00    0.00    0.00    0.00   95.05
15:08:44       2    0.00    0.00    0.99    0.00    0.00    0.00    0.00    0.00    0.00   99.01
15:08:44       3    0.00    0.00    1.00    0.00    0.00    0.00    0.00    0.00    0.00   99.00
15:08:44       4    0.00    0.00    3.09   79.38    0.00    0.00    0.00    0.00    0.00   17.53
15:08:44       5    0.00    0.00    2.04   50.00    0.00    0.00    0.00    0.00    0.00   47.96
15:08:44       6    0.00    0.00    1.01    1.01    0.00    0.00    0.00    0.00    0.00   97.98
15:08:44       7    0.00    0.00    0.00    0.00    0.00    0.00    0.00    0.00    0.00  100.00
