Linux 6.14.0-1018-aws (ip-10-0-1-227) 	01/03/26 	_aarch64_	(8 CPU)

13:00:02     CPU    %usr   %nice    %sys %iowait    %irq   %soft  %steal  %guest  %gnice   %idle
13:00:03     all    0.00    0.00    0.00    0.00    0.00    0.00    0.00    0.00    0.00  100.00
13:00:03       0    0.00    0.00    0.00    0.00    0.00    0.00    0.00    0.00    0.00  100.00
13:00:03       1    0.00    0.00    0.00    0.00    0.00    0.00    0.00    0.00    0.00  100.00
13:00:03       2    0.00    0.00    0.00    0.00    0.00    0.00    0.00    0.00    0.00  100.00
13:00:03       3    0.00    0.00    0.00    0.00    0.00    0.00    0.00    0.00    0.00  100.00
13:00:03       4    0.00    0.00    0.00    0.00    0.00    0.00    0.00    0.00    0.00  100.00
13:00:03       5    0.00    0.00    0.00    0.00    0.00    0.00    0.00    0.00    0.00  100.00
13:00:03       6    0.00    0.00    0.00    0.00    0.00    0.00    0.00    0.00    0.00  100.00
13:00:03       7    0.00    0.00    0.00    0.00    0.00    0.00    0.00    0.00    0.00  100.00

13:00:03     CPU    %usr   %nice    %sys %iowait    %irq   %soft  %steal  %guest  %gnice   %idle
13:00:04     all    0.00    0.00    0.00    0.00    0.00    0.00    0.00    0.00    0.00  100.00
13:00:04       0    0.00    0.00    0.00    0.00    0.00    0.00    0.00    0.00    0.00  100.00
13:00:04       1    0.00    0.00    0.00    0.00    0.00    0.00    0.00    0.00    0.00  100.00
13:00:04       2    0.00    0.00    0.00    0.00    0.00    0.00    0.00    0.00    0.00  100.00
13:00:04       3    0.00    0.00    0.00    0.00    0.00    0.00    0.00    0.00    0.00  100.00
13:00:04       4    0.00    0.00    0.00    0.00    0.00    0.00    0.00    0.00    0.00  100.00
13:00:04       5    0.00    0.00    0.00    0.00    0.00    0.00    0.00    0.00    0.00  100.00
13:00:04       6    0.00    0.00    0.00    0.00    0.00    0.00    0.00    0.00    0.00  100.00
13:00:04       7    0.00    0.00    0.00    0.00    0.00    0.00    0.00    0.00    0.00  100.00

13:00:04     CPU    %usr   %nice    %sys %iowait    %irq   %soft  %steal  %guest  %gnice   %idle
13:00:05     all    2.00    0.00    0.62    0.12    0.00    0.12    0.00    0.00    0.00   97.12
13:00:05       0   13.73    0.00    2.94    0.98    0.00    0.98    0.00    0.00    0.00   81.37
13:00:05       1    0.00    0.00    0.00    0.00    0.00    0.00    0.00    0.00    0.00  100.00
13:00:05       2    0.00    0.00    0.00    0.00    0.00    0.00    0.00    0.00    0.00  100.00
13:00:05       3    1.00    0.00    0.00    0.00    0.00    0.00    0.00    0.00    0.00   99.00
13:00:05       4    1.01    0.00    2.02    0.00    0.00    0.00    0.00    0.00    0.00   96.97
13:00:05       5    0.00    0.00    0.00    0.00    0.00    0.00    0.00    0.00    0.00  100.00
13:00:05       6    0.00    0.00    0.00    0.00    0.00    0.00    0.00    0.00    0.00  100.00
13:00:05       7    0.00    0.00    0.00    0.00    0.00    0.00    0.00    0.00    0.00  100.00

13:00:05     CPU    %usr   %nice    %sys %iowait    %irq   %soft  %steal  %guest  %gnice   %idle
13:00:06     all    0.00    0.00    0.13    0.00    0.00    0.00    0.00    0.00    0.00   99.87
13:00:06       0    0.00    0.00    0.00    0.00    0.00    0.00    0.00    0.00    0.00  100.00
13:00:06       1    0.00    0.00    0.00    0.00    0.00    0.00    0.00    0.00    0.00  100.00
13:00:06       2    0.00    0.00    0.00    0.00    0.00    0.00    0.00    0.00    0.00  100.00
13:00:06       3    0.00    0.00    0.00    0.00    0.00    0.00    0.00    0.00    0.00  100.00
13:00:06       4    0.00    0.00    1.01    0.00    0.00    0.00    0.00    0.00    0.00   98.99
13:00:06       5    0.00    0.00    0.00    0.00    0.00    0.00    0.00    0.00    0.00  100.00
13:00:06       6    0.00    0.00    0.00    0.00    0.00    0.00    0.00    0.00    0.00  100.00
13:00:06       7    0.00    0.00    0.00    0.00    0.00    0.00    0.00    0.00    0.00  100.00

13:00:06     CPU    %usr   %nice    %sys %iowait    %irq   %soft  %steal  %guest  %gnice   %idle
13:00:07     all    0.12    0.00    0.37    0.00    0.00    0.00    0.00    0.00    0.00   99.50
13:00:07       0    0.99    0.00    2.97    0.00    0.00    0.00    0.00    0.00    0.00   96.04
13:00:07       1    0.00    0.00    0.00    0.00    0.00    0.00    0.00    0.00    0.00  100.00
13:00:07       2    0.00    0.00    0.00    0.00    0.00    0.00    0.00    0.00    0.00  100.00
13:00:07       3    0.00    0.00    0.00    0.00    0.00    0.00    0.00    0.00    0.00  100.00
13:00:07       4    0.00    0.00    0.00    0.00    0.00    0.00    0.00    0.00    0.00  100.00
13:00:07       5    0.00    0.00    0.00    0.00    0.00    0.00    0.00    0.00    0.00  100.00
13:00:07       6    0.00    0.00    0.00    0.00    0.00    0.00    0.00    0.00    0.00  100.00
13:00:07       7    0.00    0.00    0.00    0.00    0.00    0.00    0.00    0.00    0.00  100.00

13:00:07     CPU    %usr   %nice    %sys %iowait    %irq   %soft  %steal  %guest  %gnice   %idle
13:00:08     all    0.00    0.00    0.13    0.00    0.00    0.00    0.00    0.00    0.00   99.87
13:00:08       0    0.00    0.00    1.02    0.00    0.00    0.00    0.00    0.00    0.00   98.98
13:00:08       1    0.00    0.00    0.00    0.00    0.00    0.00    0.00    0.00    0.00  100.00
13:00:08       2    0.00    0.00    0.00    0.00    0.00    0.00    0.00    0.00    0.00  100.00
13:00:08       3    0.00    0.00    0.00    0.00    0.00    0.00    0.00    0.00    0.00  100.00
13:00:08       4    0.00    0.00    0.00    0.00    0.00    0.00    0.00    0.00    0.00  100.00
13:00:08       5    0.00    0.00    0.00    0.00    0.00    0.00    0.00    0.00    0.00  100.00
13:00:08       6    0.00    0.00    0.00    0.00    0.00    0.00    0.00    0.00    0.00  100.00
13:00:08       7    0.00    0.00    0.00    0.00    0.00    0.00    0.00    0.00    0.00  100.00

13:00:08     CPU    %usr   %nice    %sys %iowait    %irq   %soft  %steal  %guest  %gnice   %idle
13:00:09     all    0.13    0.00    0.25    0.00    0.00    0.00    0.00    0.00    0.00   99.62
13:00:09       0    1.00    0.00    2.00    0.00    0.00    0.00    0.00    0.00    0.00   97.00
13:00:09       1    0.00    0.00    0.00    0.00    0.00    0.00    0.00    0.00    0.00  100.00
13:00:09       2    0.00    0.00    0.00    0.00    0.00    0.00    0.00    0.00    0.00  100.00
13:00:09       3    0.00    0.00    0.00    0.00    0.00    0.00    0.00    0.00    0.00  100.00
13:00:09       4    0.00    0.00    0.00    0.00    0.00    0.00    0.00    0.00    0.00  100.00
13:00:09       5    0.00    0.00    0.00    0.00    0.00    0.00    0.00    0.00    0.00  100.00
13:00:09       6    0.00    0.00    0.00    0.00    0.00    0.00    0.00    0.00    0.00  100.00
13:00:09       7    0.00    0.00    0.00    0.00    0.00    0.00    0.00    0.00    0.00  100.00

13:00:09     CPU    %usr   %nice    %sys %iowait    %irq   %soft  %steal  %guest  %gnice   %idle
13:00:10     all    0.00    0.00    0.13    0.00    0.00    0.00    0.00    0.00    0.00   99.87
13:00:10       0    0.00    0.00    1.01    0.00    0.00    0.00    0.00    0.00    0.00   98.99
13:00:10       1    0.00    0.00    0.00    0.00    0.00    0.00    0.00    0.00    0.00  100.00
13:00:10       2    0.00    0.00    0.00    0.00    0.00    0.00    0.00    0.00    0.00  100.00
13:00:10       3    0.00    0.00    0.00    0.00    0.00    0.00    0.00    0.00    0.00  100.00
13:00:10       4    0.00    0.00    0.00    0.00    0.00    0.00    0.00    0.00    0.00  100.00
13:00:10       5    0.00    0.00    0.00    0.00    0.00    0.00    0.00    0.00    0.00  100.00
13:00:10       6    0.00    0.00    0.00    0.00    0.00    0.00    0.00    0.00    0.00  100.00
13:00:10       7    0.00    0.00    0.00    0.00    0.00    0.00    0.00    0.00    0.00  100.00

13:00:10     CPU    %usr   %nice    %sys %iowait    %irq   %soft  %steal  %guest  %gnice   %idle
13:00:11     all    0.00    0.00    0.13    0.00    0.00    0.00    0.00    0.00    0.00   99.87
13:00:11       0    0.00    0.00    1.02    0.00    0.00    0.00    0.00    0.00    0.00   98.98
13:00:11       1    0.00    0.00    0.00    0.00    0.00    0.00    0.00    0.00    0.00  100.00
13:00:11       2    0.00    0.00    0.00    0.00    0.00    0.00    0.00    0.00    0.00  100.00
13:00:11       3    0.00    0.00    0.00    0.00    0.00    0.00    0.00    0.00    0.00  100.00
13:00:11       4    0.00    0.00    0.00    0.00    0.00    0.00    0.00    0.00    0.00  100.00
13:00:11       5    0.00    0.00    0.00    0.00    0.00    0.00    0.00    0.00    0.00  100.00
13:00:11       6    0.00    0.00    0.00    0.00    0.00    0.00    0.00    0.00    0.00  100.00
13:00:11       7    0.00    0.00    0.00    0.00    0.00    0.00    0.00    0.00    0.00  100.00

13:00:11     CPU    %usr   %nice    %sys %iowait    %irq   %soft  %steal  %guest  %gnice   %idle
13:00:12     all    0.00    0.00    0.13    0.00    0.00    0.00    0.00    0.00    0.00   99.87
13:00:12       0    0.00    0.00    1.02    0.00    0.00    0.00    0.00    0.00    0.00   98.98
13:00:12       1    0.00    0.00    0.00    0.00    0.00    0.00    0.00    0.00    0.00  100.00
13:00:12       2    0.00    0.00    0.00    0.00    0.00    0.00    0.00    0.00    0.00  100.00
13:00:12       3    0.00    0.00    0.00    0.00    0.00    0.00    0.00    0.00    0.00  100.00
13:00:12       4    0.00    0.00    0.00    0.00    0.00    0.00    0.00    0.00    0.00  100.00
13:00:12       5    0.00    0.00    0.00    0.00    0.00    0.00    0.00    0.00    0.00  100.00
13:00:12       6    0.00    0.00    0.00    0.00    0.00    0.00    0.00    0.00    0.00  100.00
13:00:12       7    0.00    0.00    0.00    0.00    0.00    0.00    0.00    0.00    0.00  100.00

13:00:12     CPU    %usr   %nice    %sys %iowait    %irq   %soft  %steal  %guest  %gnice   %idle
13:00:13     all    0.00    0.00    0.00    0.00    0.00    0.00    0.00    0.00    0.00  100.00
13:00:13       0    0.00    0.00    0.00    0.00    0.00    0.00    0.00    0.00    0.00  100.00
13:00:13       1    0.00    0.00    0.00    0.00    0.00    0.00    0.00    0.00    0.00  100.00
13:00:13       2    0.00    0.00    0.00    0.00    0.00    0.00    0.00    0.00    0.00  100.00
13:00:13       3    0.00    0.00    0.00    0.00    0.00    0.00    0.00    0.00    0.00  100.00
13:00:13       4    0.00    0.00    0.00    0.00    0.00    0.00    0.00    0.00    0.00  100.00
13:00:13       5    0.00    0.00    0.00    0.00    0.00    0.00    0.00    0.00    0.00  100.00
13:00:13       6    0.00    0.00    0.00    0.00    0.00    0.00    0.00    0.00    0.00  100.00
13:00:13       7    0.00    0.00    0.00    0.00    0.00    0.00    0.00    0.00    0.00  100.00

13:00:13     CPU    %usr   %nice    %sys %iowait    %irq   %soft  %steal  %guest  %gnice   %idle
13:00:14     all    0.12    0.00    0.37    0.00    0.00    0.00    0.00    0.00    0.00   99.50
13:00:14       0    0.00    0.00    0.00    0.00    0.00    0.00    0.00    0.00    0.00  100.00
13:00:14       1    0.00    0.00    0.00    0.00    0.00    0.00    0.00    0.00    0.00  100.00
13:00:14       2    0.00    0.00    0.00    0.00    0.00    0.00    0.00    0.00    0.00  100.00
13:00:14       3    0.00    0.00    0.00    0.00    0.00    0.00    0.00    0.00    0.00  100.00
13:00:14       4    0.00    0.00    0.00    0.00    0.00    0.00    0.00    0.00    0.00  100.00
13:00:14       5    0.00    0.00    0.00    0.00    0.00    0.00    0.00    0.00    0.00  100.00
13:00:14       6    0.00    0.00    0.00    0.00    0.00    0.00    0.00    0.00    0.00  100.00
13:00:14       7    0.98    0.00    2.94    0.00    0.00    0.00    0.00    0.00    0.00   96.08

13:00:14     CPU    %usr   %nice    %sys %iowait    %irq   %soft  %steal  %guest  %gnice   %idle
13:00:15     all    0.00    0.00    0.13    0.00    0.00    0.00    0.00    0.00    0.00   99.87
13:00:15       0    0.00    0.00    0.00    0.00    0.00    0.00    0.00    0.00    0.00  100.00
13:00:15       1    0.00    0.00    0.00    0.00    0.00    0.00    0.00    0.00    0.00  100.00
13:00:15       2    0.00    0.00    0.00    0.00    0.00    0.00    0.00    0.00    0.00  100.00
13:00:15       3    0.00    0.00    0.00    0.00    0.00    0.00    0.00    0.00    0.00  100.00
13:00:15       4    0.00    0.00    0.00    0.00    0.00    0.00    0.00    0.00    0.00  100.00
13:00:15       5    0.00    0.00    0.00    0.00    0.00    0.00    0.00    0.00    0.00  100.00
13:00:15       6    0.00    0.00    0.00    0.00    0.00    0.00    0.00    0.00    0.00  100.00
13:00:15       7    0.00    0.00    1.02    0.00    0.00    0.00    0.00    0.00    0.00   98.98

13:00:15     CPU    %usr   %nice    %sys %iowait    %irq   %soft  %steal  %guest  %gnice   %idle
13:00:16     all    0.25    0.00    0.25    0.00    0.00    0.00    0.00    0.00    0.00   99.50
13:00:16       0    0.99    0.00    0.00    0.00    0.00    0.00    0.00    0.00    0.00   99.01
13:00:16       1    0.00    0.00    0.00    0.00    0.00    0.00    0.00    0.00    0.00  100.00
13:00:16       2    0.00    0.00    0.00    0.00    0.00    0.00    0.00    0.00    0.00  100.00
13:00:16       3    0.00    0.00    0.00    0.00    0.00    0.00    0.00    0.00    0.00  100.00
13:00:16       4    0.00    0.00    0.00    0.00    0.00    0.00    0.00    0.00    0.00  100.00
13:00:16       5    0.00    0.00    0.00    0.00    0.00    0.00    0.00    0.00    0.00  100.00
13:00:16       6    0.00    0.00    0.00    0.00    0.00    0.00    0.00    0.00    0.00  100.00
13:00:16       7    1.00    0.00    2.00    0.00    0.00    0.00    0.00    0.00    0.00   97.00

13:00:16     CPU    %usr   %nice    %sys %iowait    %irq   %soft  %steal  %guest  %gnice   %idle
13:00:17     all    0.00    0.00    0.25    0.00    0.00    0.00    0.00    0.00    0.00   99.75
13:00:17       0    0.00    0.00    0.00    0.00    0.00    0.00    0.00    0.00    0.00  100.00
13:00:17       1    0.00    0.00    0.00    0.00    0.00    0.00    0.00    0.00    0.00  100.00
13:00:17       2    0.00    0.00    0.00    0.00    0.00    0.00    0.00    0.00    0.00  100.00
13:00:17       3    0.00    0.00    0.00    0.00    0.00    0.00    0.00    0.00    0.00  100.00
13:00:17       4    0.00    0.00    0.00    0.00    0.00    0.00    0.00    0.00    0.00  100.00
13:00:17       5    0.00    0.00    0.00    0.00    0.00    0.00    0.00    0.00    0.00  100.00
13:00:17       6    0.00    0.00    0.00    0.00    0.00    0.00    0.00    0.00    0.00  100.00
13:00:17       7    0.00    0.00    2.00    0.00    0.00    0.00    0.00    0.00    0.00   98.00

13:00:17     CPU    %usr   %nice    %sys %iowait    %irq   %soft  %steal  %guest  %gnice   %idle
13:00:18     all    0.00    0.00    0.13    0.00    0.00    0.00    0.00    0.00    0.00   99.87
13:00:18       0    0.00    0.00    0.00    0.00    0.00    0.00    0.00    0.00    0.00  100.00
13:00:18       1    0.00    0.00    1.02    0.00    0.00    0.00    0.00    0.00    0.00   98.98
13:00:18       2    0.00    0.00    0.00    0.00    0.00    0.00    0.00    0.00    0.00  100.00
13:00:18       3    0.00    0.00    0.00    0.00    0.00    0.00    0.00    0.00    0.00  100.00
13:00:18       4    0.00    0.00    0.00    0.00    0.00    0.00    0.00    0.00    0.00  100.00
13:00:18       5    0.00    0.00    0.00    0.00    0.00    0.00    0.00    0.00    0.00  100.00
13:00:18       6    0.00    0.00    0.00    0.00    0.00    0.00    0.00    0.00    0.00  100.00
13:00:18       7    0.00    0.00    0.00    0.00    0.00    0.00    0.00    0.00    0.00  100.00

13:00:18     CPU    %usr   %nice    %sys %iowait    %irq   %soft  %steal  %guest  %gnice   %idle
13:00:19     all    0.00    0.00    0.13    0.00    0.00    0.00    0.00    0.00    0.00   99.87
13:00:19       0    0.00    0.00    0.00    0.00    0.00    0.00    0.00    0.00    0.00  100.00
13:00:19       1    0.00    0.00    0.00    0.00    0.00    0.00    0.00    0.00    0.00  100.00
13:00:19       2    0.00    0.00    0.00    0.00    0.00    0.00    0.00    0.00    0.00  100.00
13:00:19       3    0.00    0.00    0.00    0.00    0.00    0.00    0.00    0.00    0.00  100.00
13:00:19       4    0.00    0.00    1.01    0.00    0.00    0.00    0.00    0.00    0.00   98.99
13:00:19       5    0.00    0.00    0.00    0.00    0.00    0.00    0.00    0.00    0.00  100.00
13:00:19       6    0.00    0.00    0.00    0.00    0.00    0.00    0.00    0.00    0.00  100.00
13:00:19       7    0.00    0.00    0.00    0.00    0.00    0.00    0.00    0.00    0.00  100.00

13:00:19     CPU    %usr   %nice    %sys %iowait    %irq   %soft  %steal  %guest  %gnice   %idle
13:00:20     all    0.00    0.00    0.00    0.00    0.00    0.00    0.00    0.00    0.00  100.00
13:00:20       0    0.00    0.00    0.00    0.00    0.00    0.00    0.00    0.00    0.00  100.00
13:00:20       1    0.00    0.00    0.00    0.00    0.00    0.00    0.00    0.00    0.00  100.00
13:00:20       2    0.00    0.00    0.00    0.00    0.00    0.00    0.00    0.00    0.00  100.00
13:00:20       3    0.00    0.00    0.00    0.00    0.00    0.00    0.00    0.00    0.00  100.00
13:00:20       4    0.00    0.00    0.00    0.00    0.00    0.00    0.00    0.00    0.00  100.00
13:00:20       5    0.00    0.00    0.00    0.00    0.00    0.00    0.00    0.00    0.00  100.00
13:00:20       6    0.00    0.00    0.00    0.00    0.00    0.00    0.00    0.00    0.00  100.00
13:00:20       7    0.00    0.00    0.00    0.00    0.00    0.00    0.00    0.00    0.00  100.00

13:00:20     CPU    %usr   %nice    %sys %iowait    %irq   %soft  %steal  %guest  %gnice   %idle
13:00:21     all    0.25    0.00    0.25    0.00    0.00    0.00    0.00    0.00    0.00   99.50
13:00:21       0    0.00    0.00    0.00    0.00    0.00    0.00    0.00    0.00    0.00  100.00
13:00:21       1    0.99    0.00    0.99    0.00    0.00    0.00    0.00    0.00    0.00   98.02
13:00:21       2    0.00    0.00    0.00    0.00    0.00    0.00    0.00    0.00    0.00  100.00
13:00:21       3    0.00    0.00    0.00    0.00    0.00    0.00    0.00    0.00    0.00  100.00
13:00:21       4    1.00    0.00    1.00    0.00    0.00    0.00    0.00    0.00    0.00   98.00
13:00:21       5    0.00    0.00    0.00    0.00    0.00    0.00    0.00    0.00    0.00  100.00
13:00:21       6    0.00    0.00    0.00    0.00    0.00    0.00    0.00    0.00    0.00  100.00
13:00:21       7    0.00    0.00    0.00    0.00    0.00    0.00    0.00    0.00    0.00  100.00

13:00:21     CPU    %usr   %nice    %sys %iowait    %irq   %soft  %steal  %guest  %gnice   %idle
13:00:22     all    0.00    0.00    0.13    0.00    0.00    0.00    0.00    0.00    0.00   99.87
13:00:22       0    0.00    0.00    0.00    0.00    0.00    0.00    0.00    0.00    0.00  100.00
13:00:22       1    0.00    0.00    1.02    0.00    0.00    0.00    0.00    0.00    0.00   98.98
13:00:22       2    0.00    0.00    0.00    0.00    0.00    0.00    0.00    0.00    0.00  100.00
13:00:22       3    0.00    0.00    0.00    0.00    0.00    0.00    0.00    0.00    0.00  100.00
13:00:22       4    0.00    0.00    0.00    0.00    0.00    0.00    0.00    0.00    0.00  100.00
13:00:22       5    0.00    0.00    0.00    0.00    0.00    0.00    0.00    0.00    0.00  100.00
13:00:22       6    0.00    0.00    0.00    0.00    0.00    0.00    0.00    0.00    0.00  100.00
13:00:22       7    0.00    0.00    0.00    0.00    0.00    0.00    0.00    0.00    0.00  100.00

13:00:22     CPU    %usr   %nice    %sys %iowait    %irq   %soft  %steal  %guest  %gnice   %idle
13:00:23     all    0.00    0.00    0.25    0.00    0.00    0.00    0.00    0.00    0.00   99.75
13:00:23       0    0.00    0.00    0.00    0.00    0.00    0.00    0.00    0.00    0.00  100.00
13:00:23       1    0.00    0.00    1.01    0.00    0.00    0.00    0.00    0.00    0.00   98.99
13:00:23       2    0.00    0.00    0.00    0.00    0.00    0.00    0.00    0.00    0.00  100.00
13:00:23       3    0.00    0.00    1.00    0.00    0.00    0.00    0.00    0.00    0.00   99.00
13:00:23       4    0.00    0.00    0.00    0.00    0.00    0.00    0.00    0.00    0.00  100.00
13:00:23       5    0.00    0.00    0.00    0.00    0.00    0.00    0.00    0.00    0.00  100.00
13:00:23       6    0.00    0.00    0.00    0.00    0.00    0.00    0.00    0.00    0.00  100.00
13:00:23       7    0.00    0.00    0.00    0.00    0.00    0.00    0.00    0.00    0.00  100.00

13:00:23     CPU    %usr   %nice    %sys %iowait    %irq   %soft  %steal  %guest  %gnice   %idle
13:00:24     all    0.00    0.00    0.13    0.00    0.00    0.00    0.00    0.00    0.00   99.87
13:00:24       0    0.00    0.00    0.00    0.00    0.00    0.00    0.00    0.00    0.00  100.00
13:00:24       1    0.00    0.00    1.01    0.00    0.00    0.00    0.00    0.00    0.00   98.99
13:00:24       2    0.00    0.00    0.00    0.00    0.00    0.00    0.00    0.00    0.00  100.00
13:00:24       3    0.00    0.00    0.00    0.00    0.00    0.00    0.00    0.00    0.00  100.00
13:00:24       4    0.00    0.00    0.00    0.00    0.00    0.00    0.00    0.00    0.00  100.00
13:00:24       5    0.00    0.00    0.00    0.00    0.00    0.00    0.00    0.00    0.00  100.00
13:00:24       6    0.00    0.00    0.00    0.00    0.00    0.00    0.00    0.00    0.00  100.00
13:00:24       7    0.00    0.00    0.00    0.00    0.00    0.00    0.00    0.00    0.00  100.00

13:00:24     CPU    %usr   %nice    %sys %iowait    %irq   %soft  %steal  %guest  %gnice   %idle
13:00:25     all    0.00    0.00    0.13    0.00    0.00    0.00    0.00    0.00    0.00   99.87
13:00:25       0    0.00    0.00    0.00    0.00    0.00    0.00    0.00    0.00    0.00  100.00
13:00:25       1    0.00    0.00    1.01    0.00    0.00    0.00    0.00    0.00    0.00   98.99
13:00:25       2    0.00    0.00    0.00    0.00    0.00    0.00    0.00    0.00    0.00  100.00
13:00:25       3    0.00    0.00    0.00    0.00    0.00    0.00    0.00    0.00    0.00  100.00
13:00:25       4    0.00    0.00    0.00    0.00    0.00    0.00    0.00    0.00    0.00  100.00
13:00:25       5    0.00    0.00    0.00    0.00    0.00    0.00    0.00    0.00    0.00  100.00
13:00:25       6    0.00    0.00    0.00    0.00    0.00    0.00    0.00    0.00    0.00  100.00
13:00:25       7    0.00    0.00    0.00    0.00    0.00    0.00    0.00    0.00    0.00  100.00

13:00:25     CPU    %usr   %nice    %sys %iowait    %irq   %soft  %steal  %guest  %gnice   %idle
13:00:26     all    0.12    0.00    0.25    0.00    0.00    0.00    0.00    0.00    0.00   99.62
13:00:26       0    0.00    0.00    0.00    0.00    0.00    0.00    0.00    0.00    0.00  100.00
13:00:26       1    1.00    0.00    2.00    0.00    0.00    0.00    0.00    0.00    0.00   97.00
13:00:26       2    0.00    0.00    0.00    0.00    0.00    0.00    0.00    0.00    0.00  100.00
13:00:26       3    0.00    0.00    0.00    0.00    0.00    0.00    0.00    0.00    0.00  100.00
13:00:26       4    0.00    0.00    0.00    0.00    0.00    0.00    0.00    0.00    0.00  100.00
13:00:26       5    0.00    0.00    0.00    0.00    0.00    0.00    0.00    0.00    0.00  100.00
13:00:26       6    0.00    0.00    0.00    0.00    0.00    0.00    0.00    0.00    0.00  100.00
13:00:26       7    0.00    0.00    0.00    0.00    0.00    0.00    0.00    0.00    0.00  100.00

13:00:26     CPU    %usr   %nice    %sys %iowait    %irq   %soft  %steal  %guest  %gnice   %idle
13:00:27     all    0.00    0.00    0.13    0.00    0.00    0.00    0.00    0.00    0.00   99.87
13:00:27       0    0.00    0.00    0.00    0.00    0.00    0.00    0.00    0.00    0.00  100.00
13:00:27       1    0.00    0.00    1.02    0.00    0.00    0.00    0.00    0.00    0.00   98.98
13:00:27       2    0.00    0.00    0.00    0.00    0.00    0.00    0.00    0.00    0.00  100.00
13:00:27       3    0.00    0.00    0.00    0.00    0.00    0.00    0.00    0.00    0.00  100.00
13:00:27       4    0.00    0.00    0.00    0.00    0.00    0.00    0.00    0.00    0.00  100.00
13:00:27       5    0.00    0.00    0.00    0.00    0.00    0.00    0.00    0.00    0.00  100.00
13:00:27       6    0.00    0.00    0.00    0.00    0.00    0.00    0.00    0.00    0.00  100.00
13:00:27       7    0.00    0.00    0.00    0.00    0.00    0.00    0.00    0.00    0.00  100.00

13:00:27     CPU    %usr   %nice    %sys %iowait    %irq   %soft  %steal  %guest  %gnice   %idle
13:00:28     all    0.13    0.00    0.13    0.00    0.00    0.00    0.00    0.00    0.00   99.75
13:00:28       0    0.00    0.00    0.00    0.00    0.00    0.00    0.00    0.00    0.00  100.00
13:00:28       1    1.01    0.00    1.01    0.00    0.00    0.00    0.00    0.00    0.00   97.98
13:00:28       2    0.00    0.00    0.00    0.00    0.00    0.00    0.00    0.00    0.00  100.00
13:00:28       3    0.00    0.00    0.00    0.00    0.00    0.00    0.00    0.00    0.00  100.00
13:00:28       4    0.00    0.00    0.00    0.00    0.00    0.00    0.00    0.00    0.00  100.00
13:00:28       5    0.00    0.00    0.00    0.00    0.00    0.00    0.00    0.00    0.00  100.00
13:00:28       6    0.00    0.00    0.00    0.00    0.00    0.00    0.00    0.00    0.00  100.00
13:00:28       7    0.00    0.00    0.00    0.00    0.00    0.00    0.00    0.00    0.00  100.00

13:00:28     CPU    %usr   %nice    %sys %iowait    %irq   %soft  %steal  %guest  %gnice   %idle
13:00:29     all    0.00    0.00    0.13    0.00    0.00    0.00    0.00    0.00    0.00   99.87
13:00:29       0    0.00    0.00    0.00    0.00    0.00    0.00    0.00    0.00    0.00  100.00
13:00:29       1    0.00    0.00    1.01    0.00    0.00    0.00    0.00    0.00    0.00   98.99
13:00:29       2    0.00    0.00    0.00    0.00    0.00    0.00    0.00    0.00    0.00  100.00
13:00:29       3    0.00    0.00    0.00    0.00    0.00    0.00    0.00    0.00    0.00  100.00
13:00:29       4    0.00    0.00    0.00    0.00    0.00    0.00    0.00    0.00    0.00  100.00
13:00:29       5    0.00    0.00    0.00    0.00    0.00    0.00    0.00    0.00    0.00  100.00
13:00:29       6    0.00    0.00    0.00    0.00    0.00    0.00    0.00    0.00    0.00  100.00
13:00:29       7    0.00    0.00    0.00    0.00    0.00    0.00    0.00    0.00    0.00  100.00

13:00:29     CPU    %usr   %nice    %sys %iowait    %irq   %soft  %steal  %guest  %gnice   %idle
13:00:30     all    0.00    0.00    0.25    0.00    0.00    0.00    0.00    0.00    0.00   99.75
13:00:30       0    0.00    0.00    0.00    0.00    0.00    0.00    0.00    0.00    0.00  100.00
13:00:30       1    0.00    0.00    1.00    0.00    0.00    0.00    0.00    0.00    0.00   99.00
13:00:30       2    0.00    0.00    0.00    0.00    0.00    0.00    0.00    0.00    0.00  100.00
13:00:30       3    0.00    0.00    0.00    0.00    0.00    0.00    0.00    0.00    0.00  100.00
13:00:30       4    0.00    0.00    1.00    0.00    0.00    0.00    0.00    0.00    0.00   99.00
13:00:30       5    0.00    0.00    0.00    0.00    0.00    0.00    0.00    0.00    0.00  100.00
13:00:30       6    0.00    0.00    0.00    0.00    0.00    0.00    0.00    0.00    0.00  100.00
13:00:30       7    0.00    0.00    0.00    0.00    0.00    0.00    0.00    0.00    0.00  100.00

13:00:30     CPU    %usr   %nice    %sys %iowait    %irq   %soft  %steal  %guest  %gnice   %idle
13:00:31     all    0.12    0.00    0.38    0.00    0.00    0.00    0.00    0.00    0.00   99.50
13:00:31       0    0.00    0.00    0.00    0.00    0.00    0.00    0.00    0.00    0.00  100.00
13:00:31       1    0.00    0.00    2.00    0.00    0.00    0.00    0.00    0.00    0.00   98.00
13:00:31       2    0.00    0.00    0.00    0.00    0.00    0.00    0.00    0.00    0.00  100.00
13:00:31       3    0.00    0.00    0.00    0.00    0.00    0.00    0.00    0.00    0.00  100.00
13:00:31       4    1.00    0.00    1.00    0.00    0.00    0.00    0.00    0.00    0.00   98.00
13:00:31       5    0.00    0.00    0.00    0.00    0.00    0.00    0.00    0.00    0.00  100.00
13:00:31       6    0.00    0.00    0.00    0.00    0.00    0.00    0.00    0.00    0.00  100.00
13:00:31       7    0.00    0.00    0.00    0.00    0.00    0.00    0.00    0.00    0.00  100.00

13:00:31     CPU    %usr   %nice    %sys %iowait    %irq   %soft  %steal  %guest  %gnice   %idle
13:00:32     all    0.00    0.00    0.13    0.00    0.00    0.00    0.00    0.00    0.00   99.87
13:00:32       0    0.00    0.00    0.00    0.00    0.00    0.00    0.00    0.00    0.00  100.00
13:00:32       1    0.00    0.00    1.00    0.00    0.00    0.00    0.00    0.00    0.00   99.00
13:00:32       2    0.00    0.00    0.00    0.00    0.00    0.00    0.00    0.00    0.00  100.00
13:00:32       3    0.00    0.00    0.00    0.00    0.00    0.00    0.00    0.00    0.00  100.00
13:00:32       4    0.00    0.00    0.00    0.00    0.00    0.00    0.00    0.00    0.00  100.00
13:00:32       5    0.00    0.00    0.00    0.00    0.00    0.00    0.00    0.00    0.00  100.00
13:00:32       6    0.00    0.00    0.00    0.00    0.00    0.00    0.00    0.00    0.00  100.00
13:00:32       7    0.00    0.00    0.00    0.00    0.00    0.00    0.00    0.00    0.00  100.00

13:00:32     CPU    %usr   %nice    %sys %iowait    %irq   %soft  %steal  %guest  %gnice   %idle
13:00:33     all    0.00    0.00    0.38    0.00    0.00    0.00    0.00    0.00    0.00   99.62
13:00:33       0    0.00    0.00    0.99    0.00    0.00    0.00    0.00    0.00    0.00   99.01
13:00:33       1    0.00    0.00    1.01    0.00    0.00    0.00    0.00    0.00    0.00   98.99
13:00:33       2    0.00    0.00    0.00    0.00    0.00    0.00    0.00    0.00    0.00  100.00
13:00:33       3    0.00    0.00    0.00    0.00    0.00    0.00    0.00    0.00    0.00  100.00
13:00:33       4    0.00    0.00    1.00    0.00    0.00    0.00    0.00    0.00    0.00   99.00
13:00:33       5    0.00    0.00    0.00    0.00    0.00    0.00    0.00    0.00    0.00  100.00
13:00:33       6    0.00    0.00    0.00    0.00    0.00    0.00    0.00    0.00    0.00  100.00
13:00:33       7    0.00    0.00    0.00    0.00    0.00    0.00    0.00    0.00    0.00  100.00

13:00:33     CPU    %usr   %nice    %sys %iowait    %irq   %soft  %steal  %guest  %gnice   %idle
13:00:34     all    0.00    0.00    0.00    0.00    0.00    0.00    0.00    0.00    0.00  100.00
13:00:34       0    0.00    0.00    0.00    0.00    0.00    0.00    0.00    0.00    0.00  100.00
13:00:34       1    0.00    0.00    0.00    0.00    0.00    0.00    0.00    0.00    0.00  100.00
13:00:34       2    0.00    0.00    0.00    0.00    0.00    0.00    0.00    0.00    0.00  100.00
13:00:34       3    0.00    0.00    0.00    0.00    0.00    0.00    0.00    0.00    0.00  100.00
13:00:34       4    0.00    0.00    0.00    0.00    0.00    0.00    0.00    0.00    0.00  100.00
13:00:34       5    0.00    0.00    0.00    0.00    0.00    0.00    0.00    0.00    0.00  100.00
13:00:34       6    0.00    0.00    0.00    0.00    0.00    0.00    0.00    0.00    0.00  100.00
13:00:34       7    0.00    0.00    0.00    0.00    0.00    0.00    0.00    0.00    0.00  100.00

13:00:34     CPU    %usr   %nice    %sys %iowait    %irq   %soft  %steal  %guest  %gnice   %idle
13:00:35     all    0.12    0.00    0.12    0.00    0.00    0.00    0.00    0.00    0.00   99.75
13:00:35       0    0.00    0.00    0.00    0.00    0.00    0.00    0.00    0.00    0.00  100.00
13:00:35       1    0.00    0.00    0.00    0.00    0.00    0.00    0.00    0.00    0.00  100.00
13:00:35       2    0.00    0.00    0.00    0.00    0.00    0.00    0.00    0.00    0.00  100.00
13:00:35       3    0.00    0.00    0.00    0.00    0.00    0.00    0.00    0.00    0.00  100.00
13:00:35       4    0.99    0.00    0.99    0.00    0.00    0.00    0.00    0.00    0.00   98.02
13:00:35       5    0.00    0.00    0.00    0.00    0.00    0.00    0.00    0.00    0.00  100.00
13:00:35       6    0.00    0.00    0.00    0.00    0.00    0.00    0.00    0.00    0.00  100.00
13:00:35       7    0.00    0.00    0.00    0.00    0.00    0.00    0.00    0.00    0.00  100.00

13:00:35     CPU    %usr   %nice    %sys %iowait    %irq   %soft  %steal  %guest  %gnice   %idle
13:00:36     all    0.13    0.00    0.25    0.00    0.00    0.00    0.00    0.00    0.00   99.62
13:00:36       0    0.00    0.00    0.00    0.00    0.00    0.00    0.00    0.00    0.00  100.00
13:00:36       1    1.01    0.00    2.02    0.00    0.00    0.00    0.00    0.00    0.00   96.97
13:00:36       2    0.00    0.00    0.00    0.00    0.00    0.00    0.00    0.00    0.00  100.00
13:00:36       3    0.00    0.00    0.00    0.00    0.00    0.00    0.00    0.00    0.00  100.00
13:00:36       4    0.00    0.00    0.00    0.00    0.00    0.00    0.00    0.00    0.00  100.00
13:00:36       5    0.00    0.00    0.00    0.00    0.00    0.00    0.00    0.00    0.00  100.00
13:00:36       6    0.00    0.00    0.00    0.00    0.00    0.00    0.00    0.00    0.00  100.00
13:00:36       7    0.00    0.00    0.00    0.00    0.00    0.00    0.00    0.00    0.00  100.00

13:00:36     CPU    %usr   %nice    %sys %iowait    %irq   %soft  %steal  %guest  %gnice   %idle
13:00:37     all    0.00    0.00    0.25    0.00    0.00    0.00    0.00    0.00    0.00   99.75
13:00:37       0    0.00    0.00    0.00    0.00    0.00    0.00    0.00    0.00    0.00  100.00
13:00:37       1    0.00    0.00    1.01    0.00    0.00    0.00    0.00    0.00    0.00   98.99
13:00:37       2    0.00    0.00    0.00    0.00    0.00    0.00    0.00    0.00    0.00  100.00
13:00:37       3    0.00    0.00    0.00    0.00    0.00    0.00    0.00    0.00    0.00  100.00
13:00:37       4    0.00    0.00    1.01    0.00    0.00    0.00    0.00    0.00    0.00   98.99
13:00:37       5    0.00    0.00    0.00    0.00    0.00    0.00    0.00    0.00    0.00  100.00
13:00:37       6    0.00    0.00    0.00    0.00    0.00    0.00    0.00    0.00    0.00  100.00
13:00:37       7    0.00    0.00    0.00    0.00    0.00    0.00    0.00    0.00    0.00  100.00

13:00:37     CPU    %usr   %nice    %sys %iowait    %irq   %soft  %steal  %guest  %gnice   %idle
13:00:38     all    0.13    0.00    0.13    0.00    0.00    0.00    0.00    0.00    0.00   99.75
13:00:38       0    0.00    0.00    0.00    0.00    0.00    0.00    0.00    0.00    0.00  100.00
13:00:38       1    1.01    0.00    1.01    0.00    0.00    0.00    0.00    0.00    0.00   97.98
13:00:38       2    0.00    0.00    0.00    0.00    0.00    0.00    0.00    0.00    0.00  100.00
13:00:38       3    0.00    0.00    0.00    0.00    0.00    0.00    0.00    0.00    0.00  100.00
13:00:38       4    0.00    0.00    0.00    0.00    0.00    0.00    0.00    0.00    0.00  100.00
13:00:38       5    0.00    0.00    0.00    0.00    0.00    0.00    0.00    0.00    0.00  100.00
13:00:38       6    0.00    0.00    0.00    0.00    0.00    0.00    0.00    0.00    0.00  100.00
13:00:38       7    0.00    0.00    0.00    0.00    0.00    0.00    0.00    0.00    0.00  100.00

13:00:38     CPU    %usr   %nice    %sys %iowait    %irq   %soft  %steal  %guest  %gnice   %idle
13:00:39     all    0.00    0.00    0.13    0.00    0.00    0.00    0.00    0.00    0.00   99.87
13:00:39       0    0.00    0.00    0.00    0.00    0.00    0.00    0.00    0.00    0.00  100.00
13:00:39       1    0.00    0.00    1.00    0.00    0.00    0.00    0.00    0.00    0.00   99.00
13:00:39       2    0.00    0.00    0.00    0.00    0.00    0.00    0.00    0.00    0.00  100.00
13:00:39       3    0.00    0.00    0.00    0.00    0.00    0.00    0.00    0.00    0.00  100.00
13:00:39       4    0.00    0.00    0.00    0.00    0.00    0.00    0.00    0.00    0.00  100.00
13:00:39       5    0.00    0.00    0.00    0.00    0.00    0.00    0.00    0.00    0.00  100.00
13:00:39       6    0.00    0.00    0.00    0.00    0.00    0.00    0.00    0.00    0.00  100.00
13:00:39       7    0.00    0.00    0.00    0.00    0.00    0.00    0.00    0.00    0.00  100.00

13:00:39     CPU    %usr   %nice    %sys %iowait    %irq   %soft  %steal  %guest  %gnice   %idle
13:00:40     all    0.00    0.00    0.25    0.00    0.00    0.00    0.00    0.00    0.00   99.75
13:00:40       0    0.00    0.00    0.00    0.00    0.00    0.00    0.00    0.00    0.00  100.00
13:00:40       1    0.00    0.00    1.01    0.00    0.00    0.00    0.00    0.00    0.00   98.99
13:00:40       2    0.00    0.00    0.00    0.00    0.00    0.00    0.00    0.00    0.00  100.00
13:00:40       3    0.00    0.00    0.00    0.00    0.00    0.00    0.00    0.00    0.00  100.00
13:00:40       4    0.00    0.00    1.00    0.00    0.00    0.00    0.00    0.00    0.00   99.00
13:00:40       5    0.00    0.00    0.00    0.00    0.00    0.00    0.00    0.00    0.00  100.00
13:00:40       6    0.00    0.00    0.00    0.00    0.00    0.00    0.00    0.00    0.00  100.00
13:00:40       7    0.00    0.00    0.00    0.00    0.00    0.00    0.00    0.00    0.00  100.00

13:00:40     CPU    %usr   %nice    %sys %iowait    %irq   %soft  %steal  %guest  %gnice   %idle
13:00:41     all    0.00    0.00    0.13    0.00    0.00    0.00    0.00    0.00    0.00   99.87
13:00:41       0    0.00    0.00    0.00    0.00    0.00    0.00    0.00    0.00    0.00  100.00
13:00:41       1    0.00    0.00    0.00    0.00    0.00    0.00    0.00    0.00    0.00  100.00
13:00:41       2    0.00    0.00    0.00    0.00    0.00    0.00    0.00    0.00    0.00  100.00
13:00:41       3    0.00    0.00    0.00    0.00    0.00    0.00    0.00    0.00    0.00  100.00
13:00:41       4    0.00    0.00    1.01    0.00    0.00    0.00    0.00    0.00    0.00   98.99
13:00:41       5    0.00    0.00    0.00    0.00    0.00    0.00    0.00    0.00    0.00  100.00
13:00:41       6    0.00    0.00    0.00    0.00    0.00    0.00    0.00    0.00    0.00  100.00
13:00:41       7    0.00    0.00    0.00    0.00    0.00    0.00    0.00    0.00    0.00  100.00

13:00:41     CPU    %usr   %nice    %sys %iowait    %irq   %soft  %steal  %guest  %gnice   %idle
13:00:42     all    0.13    0.00    0.13    0.00    0.00    0.00    0.00    0.00    0.00   99.75
13:00:42       0    0.00    0.00    0.00    0.00    0.00    0.00    0.00    0.00    0.00  100.00
13:00:42       1    1.00    0.00    0.00    0.00    0.00    0.00    0.00    0.00    0.00   99.00
13:00:42       2    0.00    0.00    1.02    0.00    0.00    0.00    0.00    0.00    0.00   98.98
13:00:42       3    0.00    0.00    0.00    0.00    0.00    0.00    0.00    0.00    0.00  100.00
13:00:42       4    0.00    0.00    0.00    0.00    0.00    0.00    0.00    0.00    0.00  100.00
13:00:42       5    0.00    0.00    0.00    0.00    0.00    0.00    0.00    0.00    0.00  100.00
13:00:42       6    0.00    0.00    0.00    0.00    0.00    0.00    0.00    0.00    0.00  100.00
13:00:42       7    0.00    0.00    0.00    0.00    0.00    0.00    0.00    0.00    0.00  100.00

13:00:42     CPU    %usr   %nice    %sys %iowait    %irq   %soft  %steal  %guest  %gnice   %idle
13:00:43     all    0.12    0.00    0.25    0.00    0.00    0.00    0.00    0.00    0.00   99.63
13:00:43       0    0.00    0.00    0.00    0.00    0.00    0.00    0.00    0.00    0.00  100.00
13:00:43       1    0.00    0.00    0.00    0.00    0.00    0.00    0.00    0.00    0.00  100.00
13:00:43       2    0.99    0.00    1.98    0.00    0.00    0.00    0.00    0.00    0.00   97.03
13:00:43       3    0.00    0.00    0.00    0.00    0.00    0.00    0.00    0.00    0.00  100.00
13:00:43       4    0.00    0.00    0.00    0.00    0.00    0.00    0.00    0.00    0.00  100.00
13:00:43       5    0.00    0.00    0.00    0.00    0.00    0.00    0.00    0.00    0.00  100.00
13:00:43       6    0.00    0.00    0.00    0.00    0.00    0.00    0.00    0.00    0.00  100.00
13:00:43       7    0.00    0.00    0.00    0.00    0.00    0.00    0.00    0.00    0.00  100.00

13:00:43     CPU    %usr   %nice    %sys %iowait    %irq   %soft  %steal  %guest  %gnice   %idle
13:00:44     all    0.00    0.00    0.00    0.00    0.00    0.00    0.00    0.00    0.00  100.00
13:00:44       0    0.00    0.00    0.00    0.00    0.00    0.00    0.00    0.00    0.00  100.00
13:00:44       1    0.00    0.00    0.00    0.00    0.00    0.00    0.00    0.00    0.00  100.00
13:00:44       2    0.00    0.00    0.00    0.00    0.00    0.00    0.00    0.00    0.00  100.00
13:00:44       3    0.00    0.00    0.00    0.00    0.00    0.00    0.00    0.00    0.00  100.00
13:00:44       4    0.00    0.00    0.00    0.00    0.00    0.00    0.00    0.00    0.00  100.00
13:00:44       5    0.00    0.00    0.00    0.00    0.00    0.00    0.00    0.00    0.00  100.00
13:00:44       6    0.00    0.00    0.00    0.00    0.00    0.00    0.00    0.00    0.00  100.00
13:00:44       7    0.00    0.00    0.00    0.00    0.00    0.00    0.00    0.00    0.00  100.00

13:00:44     CPU    %usr   %nice    %sys %iowait    %irq   %soft  %steal  %guest  %gnice   %idle
13:00:45     all    0.12    0.00    0.37    0.00    0.00    0.00    0.00    0.00    0.00   99.50
13:00:45       0    0.00    0.00    0.00    0.00    0.00    0.00    0.00    0.00    0.00  100.00
13:00:45       1    0.00    0.00    0.00    0.00    0.00    0.00    0.00    0.00    0.00  100.00
13:00:45       2    0.99    0.00    2.97    0.00    0.00    0.00    0.00    0.00    0.00   96.04
13:00:45       3    0.00    0.00    0.00    0.00    0.00    0.00    0.00    0.00    0.00  100.00
13:00:45       4    0.00    0.00    0.00    0.00    0.00    0.00    0.00    0.00    0.00  100.00
13:00:45       5    0.00    0.00    0.00    0.00    0.00    0.00    0.00    0.00    0.00  100.00
13:00:45       6    0.00    0.00    0.00    0.00    0.00    0.00    0.00    0.00    0.00  100.00
13:00:45       7    0.00    0.00    0.00    0.00    0.00    0.00    0.00    0.00    0.00  100.00

13:00:45     CPU    %usr   %nice    %sys %iowait    %irq   %soft  %steal  %guest  %gnice   %idle
13:00:46     all    0.00    0.00    0.00    0.00    0.00    0.00    0.00    0.00    0.00  100.00
13:00:46       0    0.00    0.00    0.00    0.00    0.00    0.00    0.00    0.00    0.00  100.00
13:00:46       1    0.00    0.00    0.00    0.00    0.00    0.00    0.00    0.00    0.00  100.00
13:00:46       2    0.00    0.00    0.00    0.00    0.00    0.00    0.00    0.00    0.00  100.00
13:00:46       3    0.00    0.00    0.00    0.00    0.00    0.00    0.00    0.00    0.00  100.00
13:00:46       4    0.00    0.00    0.00    0.00    0.00    0.00    0.00    0.00    0.00  100.00
13:00:46       5    0.00    0.00    0.00    0.00    0.00    0.00    0.00    0.00    0.00  100.00
13:00:46       6    0.00    0.00    0.00    0.00    0.00    0.00    0.00    0.00    0.00  100.00
13:00:46       7    0.00    0.00    0.00    0.00    0.00    0.00    0.00    0.00    0.00  100.00

13:00:46     CPU    %usr   %nice    %sys %iowait    %irq   %soft  %steal  %guest  %gnice   %idle
13:00:47     all    0.00    0.00    0.25    0.00    0.00    0.00    0.00    0.00    0.00   99.75
13:00:47       0    0.00    0.00    0.00    0.00    0.00    0.00    0.00    0.00    0.00  100.00
13:00:47       1    0.00    0.00    0.00    0.00    0.00    0.00    0.00    0.00    0.00  100.00
13:00:47       2    0.00    0.00    2.02    0.00    0.00    0.00    0.00    0.00    0.00   97.98
13:00:47       3    0.00    0.00    0.00    0.00    0.00    0.00    0.00    0.00    0.00  100.00
13:00:47       4    0.00    0.00    0.00    0.00    0.00    0.00    0.00    0.00    0.00  100.00
13:00:47       5    0.00    0.00    0.00    0.00    0.00    0.00    0.00    0.00    0.00  100.00
13:00:47       6    0.00    0.00    0.00    0.00    0.00    0.00    0.00    0.00    0.00  100.00
13:00:47       7    0.00    0.00    0.00    0.00    0.00    0.00    0.00    0.00    0.00  100.00

13:00:47     CPU    %usr   %nice    %sys %iowait    %irq   %soft  %steal  %guest  %gnice   %idle
13:00:48     all    0.12    0.00    0.12    0.00    0.00    0.00    0.00    0.00    0.00   99.75
13:00:48       0    0.00    0.00    0.00    0.00    0.00    0.00    0.00    0.00    0.00  100.00
13:00:48       1    0.00    0.00    0.00    0.00    0.00    0.00    0.00    0.00    0.00  100.00
13:00:48       2    1.00    0.00    1.00    0.00    0.00    0.00    0.00    0.00    0.00   98.00
13:00:48       3    0.00    0.00    0.00    0.00    0.00    0.00    0.00    0.00    0.00  100.00
13:00:48       4    0.00    0.00    0.00    0.00    0.00    0.00    0.00    0.00    0.00  100.00
13:00:48       5    0.00    0.00    0.00    0.00    0.00    0.00    0.00    0.00    0.00  100.00
13:00:48       6    0.00    0.00    0.00    0.00    0.00    0.00    0.00    0.00    0.00  100.00
13:00:48       7    0.00    0.00    0.00    0.00    0.00    0.00    0.00    0.00    0.00  100.00

13:00:48     CPU    %usr   %nice    %sys %iowait    %irq   %soft  %steal  %guest  %gnice   %idle
13:00:49     all    0.00    0.00    0.25    0.00    0.00    0.00    0.00    0.00    0.00   99.75
13:00:49       0    0.00    0.00    0.00    0.00    0.00    0.00    0.00    0.00    0.00  100.00
13:00:49       1    0.00    0.00    0.99    0.00    0.00    0.00    0.00    0.00    0.00   99.01
13:00:49       2    0.00    0.00    1.02    0.00    0.00    0.00    0.00    0.00    0.00   98.98
13:00:49       3    0.00    0.00    0.00    0.00    0.00    0.00    0.00    0.00    0.00  100.00
13:00:49       4    0.00    0.00    0.00    0.00    0.00    0.00    0.00    0.00    0.00  100.00
13:00:49       5    0.00    0.00    0.00    0.00    0.00    0.00    0.00    0.00    0.00  100.00
13:00:49       6    0.00    0.00    0.00    0.00    0.00    0.00    0.00    0.00    0.00  100.00
13:00:49       7    0.00    0.00    0.00    0.00    0.00    0.00    0.00    0.00    0.00  100.00

13:00:49     CPU    %usr   %nice    %sys %iowait    %irq   %soft  %steal  %guest  %gnice   %idle
13:00:50     all    0.00    0.00    0.38    0.00    0.00    0.00    0.00    0.00    0.00   99.62
13:00:50       0    0.00    0.00    0.00    0.00    0.00    0.00    0.00    0.00    0.00  100.00
13:00:50       1    0.00    0.00    0.00    0.00    0.00    0.00    0.00    0.00    0.00  100.00
13:00:50       2    0.00    0.00    3.00    0.00    0.00    0.00    0.00    0.00    0.00   97.00
13:00:50       3    0.00    0.00    0.00    0.00    0.00    0.00    0.00    0.00    0.00  100.00
13:00:50       4    0.00    0.00    0.00    0.00    0.00    0.00    0.00    0.00    0.00  100.00
13:00:50       5    0.00    0.00    0.00    0.00    0.00    0.00    0.00    0.00    0.00  100.00
13:00:50       6    0.00    0.00    0.00    0.00    0.00    0.00    0.00    0.00    0.00  100.00
13:00:50       7    0.00    0.00    0.00    0.00    0.00    0.00    0.00    0.00    0.00  100.00

13:00:50     CPU    %usr   %nice    %sys %iowait    %irq   %soft  %steal  %guest  %gnice   %idle
13:00:51     all    0.13    0.00    0.00    0.00    0.00    0.00    0.00    0.00    0.00   99.87
13:00:51       0    0.00    0.00    0.00    0.00    0.00    0.00    0.00    0.00    0.00  100.00
13:00:51       1    0.00    0.00    0.00    0.00    0.00    0.00    0.00    0.00    0.00  100.00
13:00:51       2    1.01    0.00    0.00    0.00    0.00    0.00    0.00    0.00    0.00   98.99
13:00:51       3    0.00    0.00    0.00    0.00    0.00    0.00    0.00    0.00    0.00  100.00
13:00:51       4    0.00    0.00    0.00    0.00    0.00    0.00    0.00    0.00    0.00  100.00
13:00:51       5    0.00    0.00    0.00    0.00    0.00    0.00    0.00    0.00    0.00  100.00
13:00:51       6    0.00    0.00    0.00    0.00    0.00    0.00    0.00    0.00    0.00  100.00
13:00:51       7    0.00    0.00    0.00    0.00    0.00    0.00    0.00    0.00    0.00  100.00

13:00:51     CPU    %usr   %nice    %sys %iowait    %irq   %soft  %steal  %guest  %gnice   %idle
13:00:52     all    0.00    0.00    0.38    0.00    0.00    0.00    0.00    0.00    0.00   99.62
13:00:52       0    0.00    0.00    0.00    0.00    0.00    0.00    0.00    0.00    0.00  100.00
13:00:52       1    0.00    0.00    0.00    0.00    0.00    0.00    0.00    0.00    0.00  100.00
13:00:52       2    0.00    0.00    3.00    0.00    0.00    0.00    0.00    0.00    0.00   97.00
13:00:52       3    0.00    0.00    0.00    0.00    0.00    0.00    0.00    0.00    0.00  100.00
13:00:52       4    0.00    0.00    0.00    0.00    0.00    0.00    0.00    0.00    0.00  100.00
13:00:52       5    0.00    0.00    0.00    0.00    0.00    0.00    0.00    0.00    0.00  100.00
13:00:52       6    0.00    0.00    0.00    0.00    0.00    0.00    0.00    0.00    0.00  100.00
13:00:52       7    0.00    0.00    0.00    0.00    0.00    0.00    0.00    0.00    0.00  100.00

13:00:52     CPU    %usr   %nice    %sys %iowait    %irq   %soft  %steal  %guest  %gnice   %idle
13:00:53     all    0.00    0.00    0.13    0.00    0.00    0.00    0.00    0.00    0.00   99.87
13:00:53       0    0.00    0.00    0.00    0.00    0.00    0.00    0.00    0.00    0.00  100.00
13:00:53       1    0.00    0.00    0.00    0.00    0.00    0.00    0.00    0.00    0.00  100.00
13:00:53       2    0.00    0.00    1.02    0.00    0.00    0.00    0.00    0.00    0.00   98.98
13:00:53       3    0.00    0.00    0.00    0.00    0.00    0.00    0.00    0.00    0.00  100.00
13:00:53       4    0.00    0.00    0.00    0.00    0.00    0.00    0.00    0.00    0.00  100.00
13:00:53       5    0.00    0.00    0.00    0.00    0.00    0.00    0.00    0.00    0.00  100.00
13:00:53       6    0.00    0.00    0.00    0.00    0.00    0.00    0.00    0.00    0.00  100.00
13:00:53       7    0.00    0.00    0.00    0.00    0.00    0.00    0.00    0.00    0.00  100.00

13:00:53     CPU    %usr   %nice    %sys %iowait    %irq   %soft  %steal  %guest  %gnice   %idle
13:00:54     all    0.13    0.00    0.00    0.00    0.00    0.00    0.00    0.00    0.00   99.87
13:00:54       0    0.00    0.00    0.00    0.00    0.00    0.00    0.00    0.00    0.00  100.00
13:00:54       1    0.00    0.00    0.00    0.00    0.00    0.00    0.00    0.00    0.00  100.00
13:00:54       2    1.01    0.00    0.00    0.00    0.00    0.00    0.00    0.00    0.00   98.99
13:00:54       3    0.00    0.00    0.00    0.00    0.00    0.00    0.00    0.00    0.00  100.00
13:00:54       4    0.00    0.00    0.00    0.00    0.00    0.00    0.00    0.00    0.00  100.00
13:00:54       5    0.00    0.00    0.00    0.00    0.00    0.00    0.00    0.00    0.00  100.00
13:00:54       6    0.00    0.00    0.00    0.00    0.00    0.00    0.00    0.00    0.00  100.00
13:00:54       7    0.00    0.00    0.00    0.00    0.00    0.00    0.00    0.00    0.00  100.00

13:00:54     CPU    %usr   %nice    %sys %iowait    %irq   %soft  %steal  %guest  %gnice   %idle
13:00:55     all    0.00    0.00    0.38    0.00    0.00    0.00    0.00    0.00    0.00   99.62
13:00:55       0    0.00    0.00    0.00    0.00    0.00    0.00    0.00    0.00    0.00  100.00
13:00:55       1    0.00    0.00    0.00    0.00    0.00    0.00    0.00    0.00    0.00  100.00
13:00:55       2    0.00    0.00    3.00    0.00    0.00    0.00    0.00    0.00    0.00   97.00
13:00:55       3    0.00    0.00    0.00    0.00    0.00    0.00    0.00    0.00    0.00  100.00
13:00:55       4    0.00    0.00    0.00    0.00    0.00    0.00    0.00    0.00    0.00  100.00
13:00:55       5    0.00    0.00    0.00    0.00    0.00    0.00    0.00    0.00    0.00  100.00
13:00:55       6    0.00    0.00    0.00    0.00    0.00    0.00    0.00    0.00    0.00  100.00
13:00:55       7    0.00    0.00    0.00    0.00    0.00    0.00    0.00    0.00    0.00  100.00

13:00:55     CPU    %usr   %nice    %sys %iowait    %irq   %soft  %steal  %guest  %gnice   %idle
13:00:56     all    0.13    0.00    0.00    0.00    0.00    0.00    0.00    0.00    0.00   99.87
13:00:56       0    0.00    0.00    0.00    0.00    0.00    0.00    0.00    0.00    0.00  100.00
13:00:56       1    0.00    0.00    0.00    0.00    0.00    0.00    0.00    0.00    0.00  100.00
13:00:56       2    1.02    0.00    0.00    0.00    0.00    0.00    0.00    0.00    0.00   98.98
13:00:56       3    0.00    0.00    0.00    0.00    0.00    0.00    0.00    0.00    0.00  100.00
13:00:56       4    0.00    0.00    0.00    0.00    0.00    0.00    0.00    0.00    0.00  100.00
13:00:56       5    0.00    0.00    0.00    0.00    0.00    0.00    0.00    0.00    0.00  100.00
13:00:56       6    0.00    0.00    0.00    0.00    0.00    0.00    0.00    0.00    0.00  100.00
13:00:56       7    0.00    0.00    0.00    0.00    0.00    0.00    0.00    0.00    0.00  100.00

13:00:56     CPU    %usr   %nice    %sys %iowait    %irq   %soft  %steal  %guest  %gnice   %idle
13:00:57     all    0.00    0.00    0.37    0.00    0.00    0.00    0.00    0.00    0.00   99.63
13:00:57       0    0.00    0.00    0.00    0.00    0.00    0.00    0.00    0.00    0.00  100.00
13:00:57       1    0.00    0.00    1.00    0.00    0.00    0.00    0.00    0.00    0.00   99.00
13:00:57       2    0.00    0.00    1.98    0.00    0.00    0.00    0.00    0.00    0.00   98.02
13:00:57       3    0.00    0.00    0.00    0.00    0.00    0.00    0.00    0.00    0.00  100.00
13:00:57       4    0.00    0.00    0.00    0.00    0.00    0.00    0.00    0.00    0.00  100.00
13:00:57       5    0.00    0.00    0.00    0.00    0.00    0.00    0.00    0.00    0.00  100.00
13:00:57       6    0.00    0.00    0.00    0.00    0.00    0.00    0.00    0.00    0.00  100.00
13:00:57       7    0.00    0.00    0.00    0.00    0.00    0.00    0.00    0.00    0.00  100.00

13:00:57     CPU    %usr   %nice    %sys %iowait    %irq   %soft  %steal  %guest  %gnice   %idle
13:00:58     all    0.00    0.00    0.13    0.00    0.00    0.00    0.00    0.00    0.00   99.87
13:00:58       0    0.00    0.00    0.00    0.00    0.00    0.00    0.00    0.00    0.00  100.00
13:00:58       1    0.00    0.00    0.00    0.00    0.00    0.00    0.00    0.00    0.00  100.00
13:00:58       2    0.00    0.00    0.00    0.00    0.00    0.00    0.00    0.00    0.00  100.00
13:00:58       3    0.00    0.00    0.00    0.00    0.00    0.00    0.00    0.00    0.00  100.00
13:00:58       4    0.00    0.00    1.00    0.00    0.00    0.00    0.00    0.00    0.00   99.00
13:00:58       5    0.00    0.00    0.00    0.00    0.00    0.00    0.00    0.00    0.00  100.00
13:00:58       6    0.00    0.00    0.00    0.00    0.00    0.00    0.00    0.00    0.00  100.00
13:00:58       7    0.00    0.00    0.00    0.00    0.00    0.00    0.00    0.00    0.00  100.00

13:00:58     CPU    %usr   %nice    %sys %iowait    %irq   %soft  %steal  %guest  %gnice   %idle
13:00:59     all    0.12    0.00    0.25    0.00    0.00    0.00    0.00    0.00    0.00   99.62
13:00:59       0    0.00    0.00    0.00    0.00    0.00    0.00    0.00    0.00    0.00  100.00
13:00:59       1    0.99    0.00    1.98    0.00    0.00    0.00    0.00    0.00    0.00   97.03
13:00:59       2    0.00    0.00    0.00    0.00    0.00    0.00    0.00    0.00    0.00  100.00
13:00:59       3    0.00    0.00    0.00    0.00    0.00    0.00    0.00    0.00    0.00  100.00
13:00:59       4    0.00    0.00    0.00    0.00    0.00    0.00    0.00    0.00    0.00  100.00
13:00:59       5    0.00    0.00    0.00    0.00    0.00    0.00    0.00    0.00    0.00  100.00
13:00:59       6    0.00    0.00    0.00    0.00    0.00    0.00    0.00    0.00    0.00  100.00
13:00:59       7    0.00    0.00    0.00    0.00    0.00    0.00    0.00    0.00    0.00  100.00

13:00:59     CPU    %usr   %nice    %sys %iowait    %irq   %soft  %steal  %guest  %gnice   %idle
13:01:00     all    0.00    0.00    0.13    0.00    0.00    0.00    0.00    0.00    0.00   99.87
13:01:00       0    0.00    0.00    0.00    0.00    0.00    0.00    0.00    0.00    0.00  100.00
13:01:00       1    0.00    0.00    1.02    0.00    0.00    0.00    0.00    0.00    0.00   98.98
13:01:00       2    0.00    0.00    0.00    0.00    0.00    0.00    0.00    0.00    0.00  100.00
13:01:00       3    0.00    0.00    0.00    0.00    0.00    0.00    0.00    0.00    0.00  100.00
13:01:00       4    0.00    0.00    0.00    0.00    0.00    0.00    0.00    0.00    0.00  100.00
13:01:00       5    0.00    0.00    0.00    0.00    0.00    0.00    0.00    0.00    0.00  100.00
13:01:00       6    0.00    0.00    0.00    0.00    0.00    0.00    0.00    0.00    0.00  100.00
13:01:00       7    0.00    0.00    0.00    0.00    0.00    0.00    0.00    0.00    0.00  100.00

13:01:00     CPU    %usr   %nice    %sys %iowait    %irq   %soft  %steal  %guest  %gnice   %idle
13:01:01     all    0.12    0.00    0.50    0.00    0.00    0.00    0.00    0.00    0.00   99.38
13:01:01       0    0.00    0.00    0.00    0.00    0.00    0.00    0.00    0.00    0.00  100.00
13:01:01       1    0.98    0.00    1.96    0.00    0.00    0.00    0.00    0.00    0.00   97.06
13:01:01       2    0.00    0.00    0.00    0.00    0.00    0.00    0.00    0.00    0.00  100.00
13:01:01       3    0.00    0.00    0.00    0.00    0.00    0.00    0.00    0.00    0.00  100.00
13:01:01       4    0.00    0.00    1.00    0.00    0.00    0.00    0.00    0.00    0.00   99.00
13:01:01       5    0.00    0.00    0.00    0.00    0.00    0.00    0.00    0.00    0.00  100.00
13:01:01       6    0.00    0.00    0.99    0.00    0.00    0.00    0.00    0.00    0.00   99.01
13:01:01       7    0.00    0.00    0.00    0.00    0.00    0.00    0.00    0.00    0.00  100.00

13:01:01     CPU    %usr   %nice    %sys %iowait    %irq   %soft  %steal  %guest  %gnice   %idle
13:01:02     all    0.00    0.00    0.00    0.00    0.00    0.00    0.00    0.00    0.00  100.00
13:01:02       0    0.00    0.00    0.00    0.00    0.00    0.00    0.00    0.00    0.00  100.00
13:01:02       1    0.00    0.00    0.00    0.00    0.00    0.00    0.00    0.00    0.00  100.00
13:01:02       2    0.00    0.00    0.00    0.00    0.00    0.00    0.00    0.00    0.00  100.00
13:01:02       3    0.00    0.00    0.00    0.00    0.00    0.00    0.00    0.00    0.00  100.00
13:01:02       4    0.00    0.00    0.00    0.00    0.00    0.00    0.00    0.00    0.00  100.00
13:01:02       5    0.00    0.00    0.00    0.00    0.00    0.00    0.00    0.00    0.00  100.00
13:01:02       6    0.00    0.00    0.00    0.00    0.00    0.00    0.00    0.00    0.00  100.00
13:01:02       7    0.00    0.00    0.00    0.00    0.00    0.00    0.00    0.00    0.00  100.00

13:01:02     CPU    %usr   %nice    %sys %iowait    %irq   %soft  %steal  %guest  %gnice   %idle
13:01:03     all    0.12    0.00    0.25    0.00    0.00    0.00    0.00    0.00    0.00   99.62
13:01:03       0    0.00    0.00    0.00    0.00    0.00    0.00    0.00    0.00    0.00  100.00
13:01:03       1    0.00    0.00    1.00    0.00    0.00    0.00    0.00    0.00    0.00   99.00
13:01:03       2    0.00    0.00    0.00    0.00    0.00    0.00    0.00    0.00    0.00  100.00
13:01:03       3    0.00    0.00    0.00    0.00    0.00    0.00    0.00    0.00    0.00  100.00
13:01:03       4    0.99    0.00    0.99    0.00    0.00    0.00    0.00    0.00    0.00   98.02
13:01:03       5    0.00    0.00    0.00    0.00    0.00    0.00    0.00    0.00    0.00  100.00
13:01:03       6    0.00    0.00    0.00    0.00    0.00    0.00    0.00    0.00    0.00  100.00
13:01:03       7    0.00    0.00    0.00    0.00    0.00    0.00    0.00    0.00    0.00  100.00

13:01:03     CPU    %usr   %nice    %sys %iowait    %irq   %soft  %steal  %guest  %gnice   %idle
13:01:04     all    0.12    0.00    0.25    0.00    0.00    0.00    0.00    0.00    0.00   99.62
13:01:04       0    0.00    0.00    0.00    0.00    0.00    0.00    0.00    0.00    0.00  100.00
13:01:04       1    0.00    0.00    1.00    0.00    0.00    0.00    0.00    0.00    0.00   99.00
13:01:04       2    0.99    0.00    0.99    0.00    0.00    0.00    0.00    0.00    0.00   98.02
13:01:04       3    0.00    0.00    0.00    0.00    0.00    0.00    0.00    0.00    0.00  100.00
13:01:04       4    0.00    0.00    0.00    0.00    0.00    0.00    0.00    0.00    0.00  100.00
13:01:04       5    0.00    0.00    0.00    0.00    0.00    0.00    0.00    0.00    0.00  100.00
13:01:04       6    0.00    0.00    0.00    0.00    0.00    0.00    0.00    0.00    0.00  100.00
13:01:04       7    0.00    0.00    0.00    0.00    0.00    0.00    0.00    0.00    0.00  100.00

13:01:04     CPU    %usr   %nice    %sys %iowait    %irq   %soft  %steal  %guest  %gnice   %idle
13:01:05     all    0.00    0.00    0.00    0.00    0.00    0.00    0.00    0.00    0.00  100.00
13:01:05       0    0.00    0.00    0.00    0.00    0.00    0.00    0.00    0.00    0.00  100.00
13:01:05       1    0.00    0.00    0.00    0.00    0.00    0.00    0.00    0.00    0.00  100.00
13:01:05       2    0.00    0.00    0.00    0.00    0.00    0.00    0.00    0.00    0.00  100.00
13:01:05       3    0.00    0.00    0.00    0.00    0.00    0.00    0.00    0.00    0.00  100.00
13:01:05       4    0.00    0.00    0.00    0.00    0.00    0.00    0.00    0.00    0.00  100.00
13:01:05       5    0.00    0.00    0.00    0.00    0.00    0.00    0.00    0.00    0.00  100.00
13:01:05       6    0.00    0.00    0.00    0.00    0.00    0.00    0.00    0.00    0.00  100.00
13:01:05       7    0.00    0.00    0.00    0.00    0.00    0.00    0.00    0.00    0.00  100.00

13:01:05     CPU    %usr   %nice    %sys %iowait    %irq   %soft  %steal  %guest  %gnice   %idle
13:01:06     all    0.12    0.00    0.00    0.00    0.00    0.00    0.00    0.00    0.00   99.88
13:01:06       0    0.00    0.00    0.00    0.00    0.00    0.00    0.00    0.00    0.00  100.00
13:01:06       1    0.00    0.00    0.00    0.00    0.00    0.00    0.00    0.00    0.00  100.00
13:01:06       2    0.00    0.00    0.00    0.00    0.00    0.00    0.00    0.00    0.00  100.00
13:01:06       3    0.00    0.00    0.00    0.00    0.00    0.00    0.00    0.00    0.00  100.00
13:01:06       4    0.00    0.00    0.00    0.00    0.00    0.00    0.00    0.00    0.00  100.00
13:01:06       5    0.00    0.00    0.00    0.00    0.00    0.00    0.00    0.00    0.00  100.00
13:01:06       6    0.99    0.00    0.00    0.00    0.00    0.00    0.00    0.00    0.00   99.01
13:01:06       7    0.00    0.00    0.00    0.00    0.00    0.00    0.00    0.00    0.00  100.00

13:01:06     CPU    %usr   %nice    %sys %iowait    %irq   %soft  %steal  %guest  %gnice   %idle
13:01:07     all    0.00    0.00    0.00    0.00    0.00    0.00    0.00    0.00    0.00  100.00
13:01:07       0    0.00    0.00    0.00    0.00    0.00    0.00    0.00    0.00    0.00  100.00
13:01:07       1    0.00    0.00    0.00    0.00    0.00    0.00    0.00    0.00    0.00  100.00
13:01:07       2    0.00    0.00    0.00    0.00    0.00    0.00    0.00    0.00    0.00  100.00
13:01:07       3    0.00    0.00    0.00    0.00    0.00    0.00    0.00    0.00    0.00  100.00
13:01:07       4    0.00    0.00    0.00    0.00    0.00    0.00    0.00    0.00    0.00  100.00
13:01:07       5    0.00    0.00    0.00    0.00    0.00    0.00    0.00    0.00    0.00  100.00
13:01:07       6    0.00    0.00    0.00    0.00    0.00    0.00    0.00    0.00    0.00  100.00
13:01:07       7    0.00    0.00    0.00    0.00    0.00    0.00    0.00    0.00    0.00  100.00

13:01:07     CPU    %usr   %nice    %sys %iowait    %irq   %soft  %steal  %guest  %gnice   %idle
13:01:08     all    0.00    0.00    0.00    0.00    0.00    0.00    0.00    0.00    0.00  100.00
13:01:08       0    0.00    0.00    0.00    0.00    0.00    0.00    0.00    0.00    0.00  100.00
13:01:08       1    0.00    0.00    0.00    0.00    0.00    0.00    0.00    0.00    0.00  100.00
13:01:08       2    0.00    0.00    0.00    0.00    0.00    0.00    0.00    0.00    0.00  100.00
13:01:08       3    0.00    0.00    0.00    0.00    0.00    0.00    0.00    0.00    0.00  100.00
13:01:08       4    0.00    0.00    0.00    0.00    0.00    0.00    0.00    0.00    0.00  100.00
13:01:08       5    0.00    0.00    0.00    0.00    0.00    0.00    0.00    0.00    0.00  100.00
13:01:08       6    0.00    0.00    0.00    0.00    0.00    0.00    0.00    0.00    0.00  100.00
13:01:08       7    0.00    0.00    0.00    0.00    0.00    0.00    0.00    0.00    0.00  100.00

13:01:08     CPU    %usr   %nice    %sys %iowait    %irq   %soft  %steal  %guest  %gnice   %idle
13:01:09     all    0.00    0.00    0.00    0.00    0.00    0.00    0.00    0.00    0.00  100.00
13:01:09       0    0.00    0.00    0.00    0.00    0.00    0.00    0.00    0.00    0.00  100.00
13:01:09       1    0.00    0.00    0.00    0.00    0.00    0.00    0.00    0.00    0.00  100.00
13:01:09       2    0.00    0.00    0.00    0.00    0.00    0.00    0.00    0.00    0.00  100.00
13:01:09       3    0.00    0.00    0.00    0.00    0.00    0.00    0.00    0.00    0.00  100.00
13:01:09       4    0.00    0.00    0.00    0.00    0.00    0.00    0.00    0.00    0.00  100.00
13:01:09       5    0.00    0.00    0.00    0.00    0.00    0.00    0.00    0.00    0.00  100.00
13:01:09       6    0.00    0.00    0.00    0.00    0.00    0.00    0.00    0.00    0.00  100.00
13:01:09       7    0.00    0.00    0.00    0.00    0.00    0.00    0.00    0.00    0.00  100.00
