Linux 6.14.0-1018-aws (ip-10-0-1-227) 	01/03/26 	_aarch64_	(8 CPU)

13:01:18     CPU    %usr   %nice    %sys %iowait    %irq   %soft  %steal  %guest  %gnice   %idle
13:01:19     all    0.00    0.00    0.00    0.00    0.00    0.00    0.00    0.00    0.00  100.00
13:01:19       0    0.00    0.00    0.00    0.00    0.00    0.00    0.00    0.00    0.00  100.00
13:01:19       1    0.00    0.00    0.00    0.00    0.00    0.00    0.00    0.00    0.00  100.00
13:01:19       2    0.00    0.00    0.00    0.00    0.00    0.00    0.00    0.00    0.00  100.00
13:01:19       3    0.00    0.00    0.00    0.00    0.00    0.00    0.00    0.00    0.00  100.00
13:01:19       4    0.00    0.00    0.00    0.00    0.00    0.00    0.00    0.00    0.00  100.00
13:01:19       5    0.00    0.00    0.00    0.00    0.00    0.00    0.00    0.00    0.00  100.00
13:01:19       6    0.00    0.00    0.00    0.00    0.00    0.00    0.00    0.00    0.00  100.00
13:01:19       7    0.00    0.00    0.00    0.00    0.00    0.00    0.00    0.00    0.00  100.00

13:01:19     CPU    %usr   %nice    %sys %iowait    %irq   %soft  %steal  %guest  %gnice   %idle
13:01:20     all    0.00    0.00    0.00    0.00    0.00    0.00    0.00    0.00    0.00  100.00
13:01:20       0    0.00    0.00    0.00    0.00    0.00    0.00    0.00    0.00    0.00  100.00
13:01:20       1    0.00    0.00    0.00    0.00    0.00    0.00    0.00    0.00    0.00  100.00
13:01:20       2    0.00    0.00    0.00    0.00    0.00    0.00    0.00    0.00    0.00  100.00
13:01:20       3    0.00    0.00    0.00    0.00    0.00    0.00    0.00    0.00    0.00  100.00
13:01:20       4    0.00    0.00    0.00    0.00    0.00    0.00    0.00    0.00    0.00  100.00
13:01:20       5    0.00    0.00    0.00    0.00    0.00    0.00    0.00    0.00    0.00  100.00
13:01:20       6    0.00    0.00    0.00    0.00    0.00    0.00    0.00    0.00    0.00  100.00
13:01:20       7    0.00    0.00    0.00    0.00    0.00    0.00    0.00    0.00    0.00  100.00

13:01:20     CPU    %usr   %nice    %sys %iowait    %irq   %soft  %steal  %guest  %gnice   %idle
13:01:21     all    2.27    0.00    2.64    0.00    0.00    0.25    0.00    0.00    0.00   94.84
13:01:21       0    1.01    0.00    2.02    0.00    0.00    0.00    0.00    0.00    0.00   96.97
13:01:21       1    1.00    0.00    2.00    0.00    0.00    1.00    0.00    0.00    0.00   96.00
13:01:21       2    1.01    0.00    3.03    0.00    0.00    0.00    0.00    0.00    0.00   95.96
13:01:21       3    0.00    0.00    2.02    0.00    0.00    0.00    0.00    0.00    0.00   97.98
13:01:21       4    0.00    0.00    3.03    0.00    0.00    0.00    0.00    0.00    0.00   96.97
13:01:21       5   14.00    0.00    4.00    0.00    0.00    1.00    0.00    0.00    0.00   81.00
13:01:21       6    1.00    0.00    3.00    0.00    0.00    0.00    0.00    0.00    0.00   96.00
13:01:21       7    0.00    0.00    2.04    0.00    0.00    0.00    0.00    0.00    0.00   97.96

13:01:21     CPU    %usr   %nice    %sys %iowait    %irq   %soft  %steal  %guest  %gnice   %idle
13:01:22     all    0.51    0.00    3.03    0.00    0.00    0.25    0.00    0.00    0.00   96.21
13:01:22       0    1.01    0.00    3.03    0.00    0.00    0.00    0.00    0.00    0.00   95.96
13:01:22       1    0.00    0.00    3.03    0.00    0.00    0.00    0.00    0.00    0.00   96.97
13:01:22       2    0.00    0.00    3.06    0.00    0.00    0.00    0.00    0.00    0.00   96.94
13:01:22       3    1.01    0.00    3.03    0.00    0.00    0.00    0.00    0.00    0.00   95.96
13:01:22       4    1.00    0.00    2.00    0.00    0.00    1.00    0.00    0.00    0.00   96.00
13:01:22       5    1.01    0.00    4.04    0.00    0.00    0.00    0.00    0.00    0.00   94.95
13:01:22       6    0.00    0.00    3.09    0.00    0.00    0.00    0.00    0.00    0.00   96.91
13:01:22       7    0.00    0.00    3.00    0.00    0.00    1.00    0.00    0.00    0.00   96.00

13:01:22     CPU    %usr   %nice    %sys %iowait    %irq   %soft  %steal  %guest  %gnice   %idle
13:01:23     all    0.25    0.00    3.04    0.00    0.00    0.13    0.00    0.00    0.00   96.58
13:01:23       0    0.00    0.00    4.04    0.00    0.00    0.00    0.00    0.00    0.00   95.96
13:01:23       1    0.00    0.00    2.04    0.00    0.00    0.00    0.00    0.00    0.00   97.96
13:01:23       2    1.00    0.00    3.00    0.00    0.00    0.00    0.00    0.00    0.00   96.00
13:01:23       3    0.00    0.00    2.02    0.00    0.00    1.01    0.00    0.00    0.00   96.97
13:01:23       4    0.00    0.00    4.04    0.00    0.00    0.00    0.00    0.00    0.00   95.96
13:01:23       5    0.00    0.00    2.06    0.00    0.00    0.00    0.00    0.00    0.00   97.94
13:01:23       6    0.00    0.00    4.04    0.00    0.00    0.00    0.00    0.00    0.00   95.96
13:01:23       7    1.01    0.00    3.03    0.00    0.00    0.00    0.00    0.00    0.00   95.96

13:01:23     CPU    %usr   %nice    %sys %iowait    %irq   %soft  %steal  %guest  %gnice   %idle
13:01:24     all    0.38    0.00    2.27    0.00    0.00    0.00    0.00    0.00    0.00   97.35
13:01:24       0    0.00    0.00    2.04    0.00    0.00    0.00    0.00    0.00    0.00   97.96
13:01:24       1    0.00    0.00    3.00    0.00    0.00    0.00    0.00    0.00    0.00   97.00
13:01:24       2    0.00    0.00    2.04    0.00    0.00    0.00    0.00    0.00    0.00   97.96
13:01:24       3    1.00    0.00    3.00    0.00    0.00    0.00    0.00    0.00    0.00   96.00
13:01:24       4    0.00    0.00    1.02    0.00    0.00    0.00    0.00    0.00    0.00   98.98
13:01:24       5    1.00    0.00    2.00    0.00    0.00    0.00    0.00    0.00    0.00   97.00
13:01:24       6    1.01    0.00    2.02    0.00    0.00    0.00    0.00    0.00    0.00   96.97
13:01:24       7    0.00    0.00    3.00    0.00    0.00    0.00    0.00    0.00    0.00   97.00

13:01:24     CPU    %usr   %nice    %sys %iowait    %irq   %soft  %steal  %guest  %gnice   %idle
13:01:25     all    0.25    0.00    2.89    0.00    0.00    0.25    0.00    0.00    0.00   96.61
13:01:25       0    1.00    0.00    4.00    0.00    0.00    0.00    0.00    0.00    0.00   95.00
13:01:25       1    0.00    0.00    3.00    0.00    0.00    1.00    0.00    0.00    0.00   96.00
13:01:25       2    0.00    0.00    4.00    0.00    0.00    1.00    0.00    0.00    0.00   95.00
13:01:25       3    0.00    0.00    3.00    0.00    0.00    0.00    0.00    0.00    0.00   97.00
13:01:25       4    0.99    0.00    2.97    0.00    0.00    0.00    0.00    0.00    0.00   96.04
13:01:25       5    0.00    0.00    2.04    0.00    0.00    0.00    0.00    0.00    0.00   97.96
13:01:25       6    0.00    0.00    2.02    0.00    0.00    0.00    0.00    0.00    0.00   97.98
13:01:25       7    0.00    0.00    2.04    0.00    0.00    0.00    0.00    0.00    0.00   97.96

13:01:25     CPU    %usr   %nice    %sys %iowait    %irq   %soft  %steal  %guest  %gnice   %idle
13:01:26     all    0.38    0.00    2.63    0.00    0.00    0.13    0.00    0.00    0.00   96.86
13:01:26       0    0.00    0.00    2.97    0.00    0.00    0.99    0.00    0.00    0.00   96.04
13:01:26       1    1.00    0.00    2.00    0.00    0.00    0.00    0.00    0.00    0.00   97.00
13:01:26       2    0.00    0.00    2.02    0.00    0.00    0.00    0.00    0.00    0.00   97.98
13:01:26       3    0.00    0.00    2.02    0.00    0.00    0.00    0.00    0.00    0.00   97.98
13:01:26       4    0.00    0.00    1.02    0.00    0.00    0.00    0.00    0.00    0.00   98.98
13:01:26       5    0.00    0.00    3.03    0.00    0.00    0.00    0.00    0.00    0.00   96.97
13:01:26       6    1.00    0.00    4.00    0.00    0.00    0.00    0.00    0.00    0.00   95.00
13:01:26       7    0.99    0.00    3.96    0.00    0.00    0.00    0.00    0.00    0.00   95.05

13:01:26     CPU    %usr   %nice    %sys %iowait    %irq   %soft  %steal  %guest  %gnice   %idle
13:01:27     all    0.00    0.00    2.76    0.00    0.00    0.25    0.00    0.00    0.00   96.98
13:01:27       0    0.00    0.00    3.03    0.00    0.00    0.00    0.00    0.00    0.00   96.97
13:01:27       1    0.00    0.00    2.04    0.00    0.00    0.00    0.00    0.00    0.00   97.96
13:01:27       2    0.00    0.00    3.03    0.00    0.00    0.00    0.00    0.00    0.00   96.97
13:01:27       3    0.00    0.00    2.02    0.00    0.00    0.00    0.00    0.00    0.00   97.98
13:01:27       4    0.00    0.00    2.97    0.00    0.00    0.99    0.00    0.00    0.00   96.04
13:01:27       5    0.00    0.00    2.97    0.00    0.00    0.99    0.00    0.00    0.00   96.04
13:01:27       6    0.00    0.00    3.00    0.00    0.00    0.00    0.00    0.00    0.00   97.00
13:01:27       7    0.00    0.00    3.03    0.00    0.00    0.00    0.00    0.00    0.00   96.97

13:01:27     CPU    %usr   %nice    %sys %iowait    %irq   %soft  %steal  %guest  %gnice   %idle
13:01:28     all    0.50    0.00    2.14    0.00    0.00    0.25    0.00    0.00    0.00   97.10
13:01:28       0    1.01    0.00    2.02    0.00    0.00    0.00    0.00    0.00    0.00   96.97
13:01:28       1    0.00    0.00    3.03    0.00    0.00    0.00    0.00    0.00    0.00   96.97
13:01:28       2    0.99    0.00    1.98    0.00    0.00    0.99    0.00    0.00    0.00   96.04
13:01:28       3    0.00    0.00    1.02    0.00    0.00    0.00    0.00    0.00    0.00   98.98
13:01:28       4    1.00    0.00    2.00    0.00    0.00    0.00    0.00    0.00    0.00   97.00
13:01:28       5    1.00    0.00    2.00    0.00    0.00    0.00    0.00    0.00    0.00   97.00
13:01:28       6    0.00    0.00    2.06    0.00    0.00    0.00    0.00    0.00    0.00   97.94
13:01:28       7    0.00    0.00    3.00    0.00    0.00    1.00    0.00    0.00    0.00   96.00

13:01:28     CPU    %usr   %nice    %sys %iowait    %irq   %soft  %steal  %guest  %gnice   %idle
13:01:29     all    0.25    0.00    1.78    0.00    0.00    0.13    0.00    0.00    0.00   97.84
13:01:29       0    0.00    0.00    3.03    0.00    0.00    0.00    0.00    0.00    0.00   96.97
13:01:29       1    1.01    0.00    2.02    0.00    0.00    0.00    0.00    0.00    0.00   96.97
13:01:29       2    0.00    0.00    2.04    0.00    0.00    0.00    0.00    0.00    0.00   97.96
13:01:29       3    0.00    0.00    2.00    0.00    0.00    1.00    0.00    0.00    0.00   97.00
13:01:29       4    0.00    0.00    1.02    0.00    0.00    0.00    0.00    0.00    0.00   98.98
13:01:29       5    0.00    0.00    1.03    0.00    0.00    0.00    0.00    0.00    0.00   98.97
13:01:29       6    0.00    0.00    2.02    0.00    0.00    0.00    0.00    0.00    0.00   97.98
13:01:29       7    1.02    0.00    1.02    0.00    0.00    0.00    0.00    0.00    0.00   97.96

13:01:29     CPU    %usr   %nice    %sys %iowait    %irq   %soft  %steal  %guest  %gnice   %idle
13:01:30     all    0.00    0.00    2.28    0.00    0.00    0.25    0.00    0.00    0.00   97.47
13:01:30       0    0.00    0.00    2.04    0.00    0.00    0.00    0.00    0.00    0.00   97.96
13:01:30       1    0.00    0.00    2.02    0.00    0.00    0.00    0.00    0.00    0.00   97.98
13:01:30       2    0.00    0.00    3.03    0.00    0.00    0.00    0.00    0.00    0.00   96.97
13:01:30       3    0.00    0.00    1.02    0.00    0.00    0.00    0.00    0.00    0.00   98.98
13:01:30       4    0.00    0.00    2.04    0.00    0.00    0.00    0.00    0.00    0.00   97.96
13:01:30       5    0.00    0.00    2.97    0.00    0.00    0.99    0.00    0.00    0.00   96.04
13:01:30       6    0.00    0.00    2.04    0.00    0.00    1.02    0.00    0.00    0.00   96.94
13:01:30       7    0.00    0.00    3.00    0.00    0.00    0.00    0.00    0.00    0.00   97.00

13:01:30     CPU    %usr   %nice    %sys %iowait    %irq   %soft  %steal  %guest  %gnice   %idle
13:01:31     all    0.25    0.00    2.52    0.00    0.00    0.13    0.00    0.00    0.00   97.10
13:01:31       0    0.00    0.00    3.03    0.00    0.00    0.00    0.00    0.00    0.00   96.97
13:01:31       1    0.00    0.00    3.00    0.00    0.00    1.00    0.00    0.00    0.00   96.00
13:01:31       2    1.01    0.00    2.02    0.00    0.00    0.00    0.00    0.00    0.00   96.97
13:01:31       3    1.00    0.00    3.00    0.00    0.00    0.00    0.00    0.00    0.00   96.00
13:01:31       4    0.00    0.00    2.02    0.00    0.00    0.00    0.00    0.00    0.00   97.98
13:01:31       5    0.00    0.00    2.04    0.00    0.00    0.00    0.00    0.00    0.00   97.96
13:01:31       6    0.00    0.00    2.02    0.00    0.00    0.00    0.00    0.00    0.00   97.98
13:01:31       7    0.00    0.00    3.03    0.00    0.00    0.00    0.00    0.00    0.00   96.97

13:01:31     CPU    %usr   %nice    %sys %iowait    %irq   %soft  %steal  %guest  %gnice   %idle
13:01:32     all    0.25    0.00    2.02    0.00    0.00    0.25    0.00    0.00    0.00   97.47
13:01:32       0    1.00    0.00    2.00    0.00    0.00    1.00    0.00    0.00    0.00   96.00
13:01:32       1    0.00    0.00    2.02    0.00    0.00    0.00    0.00    0.00    0.00   97.98
13:01:32       2    0.00    0.00    2.02    0.00    0.00    0.00    0.00    0.00    0.00   97.98
13:01:32       3    0.00    0.00    2.02    0.00    0.00    0.00    0.00    0.00    0.00   97.98
13:01:32       4    0.00    0.00    2.04    0.00    0.00    0.00    0.00    0.00    0.00   97.96
13:01:32       5    0.00    0.00    2.04    0.00    0.00    0.00    0.00    0.00    0.00   97.96
13:01:32       6    1.00    0.00    2.00    0.00    0.00    0.00    0.00    0.00    0.00   97.00
13:01:32       7    0.00    0.00    2.02    0.00    0.00    1.01    0.00    0.00    0.00   96.97

13:01:32     CPU    %usr   %nice    %sys %iowait    %irq   %soft  %steal  %guest  %gnice   %idle
13:01:33     all    0.38    0.00    2.40    0.00    0.00    0.00    0.00    0.00    0.00   97.22
13:01:33       0    0.00    0.00    3.03    0.00    0.00    0.00    0.00    0.00    0.00   96.97
13:01:33       1    0.00    0.00    2.02    0.00    0.00    0.00    0.00    0.00    0.00   97.98
13:01:33       2    0.00    0.00    2.04    0.00    0.00    0.00    0.00    0.00    0.00   97.96
13:01:33       3    0.00    0.00    1.01    0.00    0.00    0.00    0.00    0.00    0.00   98.99
13:01:33       4    1.01    0.00    2.02    0.00    0.00    0.00    0.00    0.00    0.00   96.97
13:01:33       5    1.00    0.00    3.00    0.00    0.00    0.00    0.00    0.00    0.00   96.00
13:01:33       6    0.00    0.00    4.04    0.00    0.00    0.00    0.00    0.00    0.00   95.96
13:01:33       7    1.01    0.00    2.02    0.00    0.00    0.00    0.00    0.00    0.00   96.97

13:01:33     CPU    %usr   %nice    %sys %iowait    %irq   %soft  %steal  %guest  %gnice   %idle
13:01:34     all    0.38    0.00    2.15    0.00    0.00    0.00    0.00    0.00    0.00   97.47
13:01:34       0    0.00    0.00    2.04    0.00    0.00    0.00    0.00    0.00    0.00   97.96
13:01:34       1    1.00    0.00    3.00    0.00    0.00    0.00    0.00    0.00    0.00   96.00
13:01:34       2    0.00    0.00    3.03    0.00    0.00    0.00    0.00    0.00    0.00   96.97
13:01:34       3    0.00    0.00    2.02    0.00    0.00    0.00    0.00    0.00    0.00   97.98
13:01:34       4    0.00    0.00    2.04    0.00    0.00    0.00    0.00    0.00    0.00   97.96
13:01:34       5    0.00    0.00    2.02    0.00    0.00    0.00    0.00    0.00    0.00   97.98
13:01:34       6    1.02    0.00    1.02    0.00    0.00    0.00    0.00    0.00    0.00   97.96
13:01:34       7    1.01    0.00    2.02    0.00    0.00    0.00    0.00    0.00    0.00   96.97

13:01:34     CPU    %usr   %nice    %sys %iowait    %irq   %soft  %steal  %guest  %gnice   %idle
13:01:35     all    0.00    0.00    1.51    2.14    0.00    0.00    0.00    0.00    0.00   96.34
13:01:35       0    0.00    0.00    2.02    3.03    0.00    0.00    0.00    0.00    0.00   94.95
13:01:35       1    0.00    0.00    1.02    4.08    0.00    0.00    0.00    0.00    0.00   94.90
13:01:35       2    0.00    0.00    1.00    5.00    0.00    0.00    0.00    0.00    0.00   94.00
13:01:35       3    0.00    0.00    1.01    5.05    0.00    0.00    0.00    0.00    0.00   93.94
13:01:35       4    0.00    0.00    1.01    0.00    0.00    0.00    0.00    0.00    0.00   98.99
13:01:35       5    0.00    0.00    2.02    0.00    0.00    0.00    0.00    0.00    0.00   97.98
13:01:35       6    0.00    0.00    2.00    0.00    0.00    0.00    0.00    0.00    0.00   98.00
13:01:35       7    0.00    0.00    2.02    0.00    0.00    0.00    0.00    0.00    0.00   97.98

13:01:35     CPU    %usr   %nice    %sys %iowait    %irq   %soft  %steal  %guest  %gnice   %idle
13:01:36     all    0.13    0.00    1.53    0.13    0.00    0.13    0.00    0.00    0.00   98.09
13:01:36       0    0.00    0.00    1.02    1.02    0.00    0.00    0.00    0.00    0.00   97.96
13:01:36       1    0.00    0.00    1.02    0.00    0.00    0.00    0.00    0.00    0.00   98.98
13:01:36       2    1.01    0.00    2.02    0.00    0.00    0.00    0.00    0.00    0.00   96.97
13:01:36       3    0.00    0.00    2.04    0.00    0.00    0.00    0.00    0.00    0.00   97.96
13:01:36       4    0.00    0.00    1.02    0.00    0.00    0.00    0.00    0.00    0.00   98.98
13:01:36       5    0.00    0.00    2.04    0.00    0.00    1.02    0.00    0.00    0.00   96.94
13:01:36       6    0.00    0.00    2.04    0.00    0.00    0.00    0.00    0.00    0.00   97.96
13:01:36       7    0.00    0.00    1.02    0.00    0.00    0.00    0.00    0.00    0.00   98.98

13:01:36     CPU    %usr   %nice    %sys %iowait    %irq   %soft  %steal  %guest  %gnice   %idle
13:01:37     all    0.38    0.00    3.89    0.00    0.00    0.13    0.00    0.00    0.00   95.60
13:01:37       0    1.00    0.00    4.00    0.00    0.00    0.00    0.00    0.00    0.00   95.00
13:01:37       1    1.00    0.00    4.00    0.00    0.00    0.00    0.00    0.00    0.00   95.00
13:01:37       2    0.00    0.00    3.06    0.00    0.00    0.00    0.00    0.00    0.00   96.94
13:01:37       3    0.00    0.00    4.00    0.00    0.00    0.00    0.00    0.00    0.00   96.00
13:01:37       4    0.00    0.00    4.00    0.00    0.00    1.00    0.00    0.00    0.00   95.00
13:01:37       5    0.99    0.00    4.95    0.00    0.00    0.00    0.00    0.00    0.00   94.06
13:01:37       6    0.00    0.00    3.06    0.00    0.00    0.00    0.00    0.00    0.00   96.94
13:01:37       7    0.00    0.00    4.04    0.00    0.00    0.00    0.00    0.00    0.00   95.96

13:01:37     CPU    %usr   %nice    %sys %iowait    %irq   %soft  %steal  %guest  %gnice   %idle
13:01:38     all    0.38    0.00    2.02    0.00    0.00    0.38    0.00    0.00    0.00   97.22
13:01:38       0    0.00    0.00    3.03    0.00    0.00    1.01    0.00    0.00    0.00   95.96
13:01:38       1    0.00    0.00    3.03    0.00    0.00    0.00    0.00    0.00    0.00   96.97
13:01:38       2    0.00    0.00    2.00    0.00    0.00    1.00    0.00    0.00    0.00   97.00
13:01:38       3    1.00    0.00    1.00    0.00    0.00    0.00    0.00    0.00    0.00   98.00
13:01:38       4    0.00    0.00    1.02    0.00    0.00    0.00    0.00    0.00    0.00   98.98
13:01:38       5    0.00    0.00    1.03    0.00    0.00    0.00    0.00    0.00    0.00   98.97
13:01:38       6    1.01    0.00    3.03    0.00    0.00    0.00    0.00    0.00    0.00   95.96
13:01:38       7    1.01    0.00    2.02    0.00    0.00    1.01    0.00    0.00    0.00   95.96

13:01:38     CPU    %usr   %nice    %sys %iowait    %irq   %soft  %steal  %guest  %gnice   %idle
13:01:39     all    0.37    0.00    3.00    0.00    0.00    0.12    0.00    0.00    0.00   96.50
13:01:39       0    1.00    0.00    2.00    0.00    0.00    0.00    0.00    0.00    0.00   97.00
13:01:39       1    0.00    0.00    3.00    0.00    0.00    0.00    0.00    0.00    0.00   97.00
13:01:39       2    1.01    0.00    2.02    0.00    0.00    0.00    0.00    0.00    0.00   96.97
13:01:39       3    0.00    0.00    4.00    0.00    0.00    0.00    0.00    0.00    0.00   96.00
13:01:39       4    0.99    0.00    3.96    0.00    0.00    0.00    0.00    0.00    0.00   95.05
13:01:39       5    0.00    0.00    3.96    0.00    0.00    0.00    0.00    0.00    0.00   96.04
13:01:39       6    0.00    0.00    2.00    0.00    0.00    1.00    0.00    0.00    0.00   97.00
13:01:39       7    0.00    0.00    3.00    0.00    0.00    0.00    0.00    0.00    0.00   97.00

13:01:39     CPU    %usr   %nice    %sys %iowait    %irq   %soft  %steal  %guest  %gnice   %idle
13:01:40     all    0.13    0.00    2.41    0.00    0.00    0.00    0.00    0.00    0.00   97.46
13:01:40       0    0.00    0.00    2.06    0.00    0.00    0.00    0.00    0.00    0.00   97.94
13:01:40       1    0.00    0.00    3.06    0.00    0.00    0.00    0.00    0.00    0.00   96.94
13:01:40       2    0.00    0.00    2.04    0.00    0.00    0.00    0.00    0.00    0.00   97.96
13:01:40       3    1.01    0.00    2.02    0.00    0.00    0.00    0.00    0.00    0.00   96.97
13:01:40       4    0.00    0.00    2.04    0.00    0.00    0.00    0.00    0.00    0.00   97.96
13:01:40       5    0.00    0.00    2.04    0.00    0.00    0.00    0.00    0.00    0.00   97.96
13:01:40       6    0.00    0.00    3.03    0.00    0.00    0.00    0.00    0.00    0.00   96.97
13:01:40       7    0.00    0.00    3.00    0.00    0.00    0.00    0.00    0.00    0.00   97.00

13:01:40     CPU    %usr   %nice    %sys %iowait    %irq   %soft  %steal  %guest  %gnice   %idle
13:01:41     all    0.38    0.00    2.02    0.00    0.00    0.13    0.00    0.00    0.00   97.47
13:01:41       0    0.00    0.00    2.04    0.00    0.00    0.00    0.00    0.00    0.00   97.96
13:01:41       1    1.01    0.00    1.01    0.00    0.00    0.00    0.00    0.00    0.00   97.98
13:01:41       2    1.00    0.00    3.00    0.00    0.00    0.00    0.00    0.00    0.00   96.00
13:01:41       3    0.99    0.00    2.97    0.00    0.00    0.99    0.00    0.00    0.00   95.05
13:01:41       4    0.00    0.00    2.02    0.00    0.00    0.00    0.00    0.00    0.00   97.98
13:01:41       5    0.00    0.00    3.03    0.00    0.00    0.00    0.00    0.00    0.00   96.97
13:01:41       6    0.00    0.00    1.02    0.00    0.00    0.00    0.00    0.00    0.00   98.98
13:01:41       7    0.00    0.00    1.02    0.00    0.00    0.00    0.00    0.00    0.00   98.98

13:01:41     CPU    %usr   %nice    %sys %iowait    %irq   %soft  %steal  %guest  %gnice   %idle
13:01:42     all    0.25    0.00    3.13    0.00    0.00    0.13    0.00    0.00    0.00   96.49
13:01:42       0    0.00    0.00    3.03    0.00    0.00    0.00    0.00    0.00    0.00   96.97
13:01:42       1    0.00    0.00    4.00    0.00    0.00    0.00    0.00    0.00    0.00   96.00
13:01:42       2    0.00    0.00    4.04    0.00    0.00    0.00    0.00    0.00    0.00   95.96
13:01:42       3    0.00    0.00    3.03    0.00    0.00    0.00    0.00    0.00    0.00   96.97
13:01:42       4    0.00    0.00    1.01    0.00    0.00    0.00    0.00    0.00    0.00   98.99
13:01:42       5    0.98    0.00    2.94    0.00    0.00    0.98    0.00    0.00    0.00   95.10
13:01:42       6    1.00    0.00    3.00    0.00    0.00    0.00    0.00    0.00    0.00   96.00
13:01:42       7    0.00    0.00    4.00    0.00    0.00    0.00    0.00    0.00    0.00   96.00

13:01:42     CPU    %usr   %nice    %sys %iowait    %irq   %soft  %steal  %guest  %gnice   %idle
13:01:43     all    0.13    0.00    1.89    0.00    0.00    0.51    0.00    0.00    0.00   97.47
13:01:43       0    0.00    0.00    1.00    0.00    0.00    1.00    0.00    0.00    0.00   98.00
13:01:43       1    0.00    0.00    2.04    0.00    0.00    1.02    0.00    0.00    0.00   96.94
13:01:43       2    0.00    0.00    2.02    0.00    0.00    0.00    0.00    0.00    0.00   97.98
13:01:43       3    0.00    0.00    1.02    0.00    0.00    0.00    0.00    0.00    0.00   98.98
13:01:43       4    0.00    0.00    2.97    0.00    0.00    0.99    0.00    0.00    0.00   96.04
13:01:43       5    0.00    0.00    3.06    0.00    0.00    0.00    0.00    0.00    0.00   96.94
13:01:43       6    0.00    0.00    2.04    0.00    0.00    0.00    0.00    0.00    0.00   97.96
13:01:43       7    1.00    0.00    1.00    0.00    0.00    1.00    0.00    0.00    0.00   97.00

13:01:43     CPU    %usr   %nice    %sys %iowait    %irq   %soft  %steal  %guest  %gnice   %idle
13:01:44     all    0.25    0.00    2.64    0.00    0.00    0.00    0.00    0.00    0.00   97.10
13:01:44       0    1.00    0.00    3.00    0.00    0.00    0.00    0.00    0.00    0.00   96.00
13:01:44       1    0.00    0.00    3.03    0.00    0.00    0.00    0.00    0.00    0.00   96.97
13:01:44       2    0.00    0.00    2.04    0.00    0.00    0.00    0.00    0.00    0.00   97.96
13:01:44       3    0.00    0.00    3.00    0.00    0.00    0.00    0.00    0.00    0.00   97.00
13:01:44       4    1.00    0.00    3.00    0.00    0.00    0.00    0.00    0.00    0.00   96.00
13:01:44       5    0.00    0.00    3.03    0.00    0.00    0.00    0.00    0.00    0.00   96.97
13:01:44       6    0.00    0.00    2.02    0.00    0.00    0.00    0.00    0.00    0.00   97.98
13:01:44       7    0.00    0.00    2.02    0.00    0.00    0.00    0.00    0.00    0.00   97.98

13:01:44     CPU    %usr   %nice    %sys %iowait    %irq   %soft  %steal  %guest  %gnice   %idle
13:01:45     all    0.00    0.00    1.66    0.00    0.00    0.00    0.00    0.00    0.00   98.34
13:01:45       0    0.00    0.00    2.06    0.00    0.00    0.00    0.00    0.00    0.00   97.94
13:01:45       1    0.00    0.00    2.02    0.00    0.00    0.00    0.00    0.00    0.00   97.98
13:01:45       2    0.00    0.00    1.02    0.00    0.00    0.00    0.00    0.00    0.00   98.98
13:01:45       3    0.00    0.00    2.04    0.00    0.00    0.00    0.00    0.00    0.00   97.96
13:01:45       4    0.00    0.00    2.04    0.00    0.00    0.00    0.00    0.00    0.00   97.96
13:01:45       5    0.00    0.00    1.03    0.00    0.00    0.00    0.00    0.00    0.00   98.97
13:01:45       6    0.00    0.00    1.02    0.00    0.00    0.00    0.00    0.00    0.00   98.98
13:01:45       7    0.00    0.00    2.04    0.00    0.00    0.00    0.00    0.00    0.00   97.96

13:01:45     CPU    %usr   %nice    %sys %iowait    %irq   %soft  %steal  %guest  %gnice   %idle
13:01:46     all    0.38    0.00    2.65    0.00    0.00    0.00    0.00    0.00    0.00   96.97
13:01:46       0    0.00    0.00    3.00    0.00    0.00    0.00    0.00    0.00    0.00   97.00
13:01:46       1    1.01    0.00    3.03    0.00    0.00    0.00    0.00    0.00    0.00   95.96
13:01:46       2    1.01    0.00    3.03    0.00    0.00    0.00    0.00    0.00    0.00   95.96
13:01:46       3    0.00    0.00    2.02    0.00    0.00    0.00    0.00    0.00    0.00   97.98
13:01:46       4    0.00    0.00    1.02    0.00    0.00    0.00    0.00    0.00    0.00   98.98
13:01:46       5    0.00    0.00    3.03    0.00    0.00    0.00    0.00    0.00    0.00   96.97
13:01:46       6    1.00    0.00    3.00    0.00    0.00    0.00    0.00    0.00    0.00   96.00
13:01:46       7    0.00    0.00    3.03    0.00    0.00    0.00    0.00    0.00    0.00   96.97

13:01:46     CPU    %usr   %nice    %sys %iowait    %irq   %soft  %steal  %guest  %gnice   %idle
13:01:47     all    0.25    0.00    2.75    0.00    0.00    0.25    0.00    0.00    0.00   96.75
13:01:47       0    0.00    0.00    3.03    0.00    0.00    0.00    0.00    0.00    0.00   96.97
13:01:47       1    0.00    0.00    2.02    0.00    0.00    0.00    0.00    0.00    0.00   97.98
13:01:47       2    0.00    0.00    4.00    0.00    0.00    0.00    0.00    0.00    0.00   96.00
13:01:47       3    0.99    0.00    2.97    0.00    0.00    0.99    0.00    0.00    0.00   95.05
13:01:47       4    0.00    0.00    2.00    0.00    0.00    1.00    0.00    0.00    0.00   97.00
13:01:47       5    0.99    0.00    2.97    0.00    0.00    0.00    0.00    0.00    0.00   96.04
13:01:47       6    0.00    0.00    3.00    0.00    0.00    0.00    0.00    0.00    0.00   97.00
13:01:47       7    0.00    0.00    2.02    0.00    0.00    0.00    0.00    0.00    0.00   97.98

13:01:47     CPU    %usr   %nice    %sys %iowait    %irq   %soft  %steal  %guest  %gnice   %idle
13:01:48     all    0.25    0.00    2.03    0.00    0.00    0.13    0.00    0.00    0.00   97.59
13:01:48       0    1.00    0.00    2.00    0.00    0.00    0.00    0.00    0.00    0.00   97.00
13:01:48       1    0.00    0.00    1.03    0.00    0.00    0.00    0.00    0.00    0.00   98.97
13:01:48       2    0.00    0.00    1.03    0.00    0.00    0.00    0.00    0.00    0.00   98.97
13:01:48       3    0.00    0.00    4.04    0.00    0.00    0.00    0.00    0.00    0.00   95.96
13:01:48       4    1.01    0.00    1.01    0.00    0.00    0.00    0.00    0.00    0.00   97.98
13:01:48       5    0.00    0.00    2.02    0.00    0.00    0.00    0.00    0.00    0.00   97.98
13:01:48       6    0.00    0.00    3.03    0.00    0.00    0.00    0.00    0.00    0.00   96.97
13:01:48       7    0.00    0.00    2.00    0.00    0.00    1.00    0.00    0.00    0.00   97.00

13:01:48     CPU    %usr   %nice    %sys %iowait    %irq   %soft  %steal  %guest  %gnice   %idle
13:01:49     all    0.13    0.00    2.65    0.00    0.00    0.00    0.00    0.00    0.00   97.23
13:01:49       0    0.00    0.00    3.03    0.00    0.00    0.00    0.00    0.00    0.00   96.97
13:01:49       1    0.00    0.00    3.00    0.00    0.00    0.00    0.00    0.00    0.00   97.00
13:01:49       2    0.00    0.00    3.00    0.00    0.00    0.00    0.00    0.00    0.00   97.00
13:01:49       3    0.00    0.00    2.02    0.00    0.00    0.00    0.00    0.00    0.00   97.98
13:01:49       4    0.00    0.00    3.03    0.00    0.00    0.00    0.00    0.00    0.00   96.97
13:01:49       5    0.00    0.00    3.03    0.00    0.00    0.00    0.00    0.00    0.00   96.97
13:01:49       6    0.00    0.00    2.04    0.00    0.00    0.00    0.00    0.00    0.00   97.96
13:01:49       7    1.01    0.00    2.02    0.00    0.00    0.00    0.00    0.00    0.00   96.97

13:01:49     CPU    %usr   %nice    %sys %iowait    %irq   %soft  %steal  %guest  %gnice   %idle
13:01:50     all    0.38    0.00    2.28    0.00    0.00    0.13    0.00    0.00    0.00   97.22
13:01:50       0    0.00    0.00    4.00    0.00    0.00    1.00    0.00    0.00    0.00   95.00
13:01:50       1    1.00    0.00    3.00    0.00    0.00    0.00    0.00    0.00    0.00   96.00
13:01:50       2    0.00    0.00    2.04    0.00    0.00    0.00    0.00    0.00    0.00   97.96
13:01:50       3    1.00    0.00    2.00    0.00    0.00    0.00    0.00    0.00    0.00   97.00
13:01:50       4    0.00    0.00    3.03    0.00    0.00    0.00    0.00    0.00    0.00   96.97
13:01:50       5    0.00    0.00    2.02    0.00    0.00    0.00    0.00    0.00    0.00   97.98
13:01:50       6    1.02    0.00    1.02    0.00    0.00    0.00    0.00    0.00    0.00   97.96
13:01:50       7    0.00    0.00    1.03    0.00    0.00    0.00    0.00    0.00    0.00   98.97

13:01:50     CPU    %usr   %nice    %sys %iowait    %irq   %soft  %steal  %guest  %gnice   %idle
13:01:51     all    0.38    0.00    2.14    0.00    0.00    0.38    0.00    0.00    0.00   97.11
13:01:51       0    0.00    0.00    2.02    0.00    0.00    0.00    0.00    0.00    0.00   97.98
13:01:51       1    0.00    0.00    1.02    0.00    0.00    0.00    0.00    0.00    0.00   98.98
13:01:51       2    1.00    0.00    2.00    0.00    0.00    1.00    0.00    0.00    0.00   96.00
13:01:51       3    0.00    0.00    2.02    0.00    0.00    0.00    0.00    0.00    0.00   97.98
13:01:51       4    1.00    0.00    2.00    0.00    0.00    0.00    0.00    0.00    0.00   97.00
13:01:51       5    1.00    0.00    2.00    0.00    0.00    1.00    0.00    0.00    0.00   96.00
13:01:51       6    0.00    0.00    3.00    0.00    0.00    1.00    0.00    0.00    0.00   96.00
13:01:51       7    0.00    0.00    3.03    0.00    0.00    0.00    0.00    0.00    0.00   96.97

13:01:51     CPU    %usr   %nice    %sys %iowait    %irq   %soft  %steal  %guest  %gnice   %idle
13:01:52     all    0.38    0.00    2.14    0.00    0.00    0.13    0.00    0.00    0.00   97.35
13:01:52       0    1.00    0.00    2.00    0.00    0.00    0.00    0.00    0.00    0.00   97.00
13:01:52       1    0.99    0.00    3.96    0.00    0.00    0.99    0.00    0.00    0.00   94.06
13:01:52       2    0.00    0.00    2.04    0.00    0.00    0.00    0.00    0.00    0.00   97.96
13:01:52       3    0.00    0.00    1.02    0.00    0.00    0.00    0.00    0.00    0.00   98.98
13:01:52       4    0.00    0.00    1.02    0.00    0.00    0.00    0.00    0.00    0.00   98.98
13:01:52       5    0.00    0.00    2.02    0.00    0.00    0.00    0.00    0.00    0.00   97.98
13:01:52       6    0.00    0.00    3.03    0.00    0.00    0.00    0.00    0.00    0.00   96.97
13:01:52       7    1.00    0.00    2.00    0.00    0.00    0.00    0.00    0.00    0.00   97.00

13:01:52     CPU    %usr   %nice    %sys %iowait    %irq   %soft  %steal  %guest  %gnice   %idle
13:01:53     all    0.13    0.00    2.15    0.00    0.00    0.13    0.00    0.00    0.00   97.59
13:01:53       0    0.00    0.00    2.06    0.00    0.00    0.00    0.00    0.00    0.00   97.94
13:01:53       1    0.00    0.00    3.06    0.00    0.00    0.00    0.00    0.00    0.00   96.94
13:01:53       2    0.00    0.00    2.04    0.00    0.00    0.00    0.00    0.00    0.00   97.96
13:01:53       3    0.00    0.00    2.02    0.00    0.00    0.00    0.00    0.00    0.00   97.98
13:01:53       4    0.00    0.00    2.00    0.00    0.00    1.00    0.00    0.00    0.00   97.00
13:01:53       5    0.00    0.00    1.02    0.00    0.00    0.00    0.00    0.00    0.00   98.98
13:01:53       6    1.00    0.00    2.00    0.00    0.00    0.00    0.00    0.00    0.00   97.00
13:01:53       7    0.00    0.00    3.03    0.00    0.00    0.00    0.00    0.00    0.00   96.97

13:01:53     CPU    %usr   %nice    %sys %iowait    %irq   %soft  %steal  %guest  %gnice   %idle
13:01:54     all    0.25    0.00    2.02    0.00    0.00    0.25    0.00    0.00    0.00   97.47
13:01:54       0    0.00    0.00    2.04    0.00    0.00    0.00    0.00    0.00    0.00   97.96
13:01:54       1    0.00    0.00    2.04    0.00    0.00    0.00    0.00    0.00    0.00   97.96
13:01:54       2    0.00    0.00    3.03    0.00    0.00    0.00    0.00    0.00    0.00   96.97
13:01:54       3    0.00    0.00    3.00    0.00    0.00    1.00    0.00    0.00    0.00   96.00
13:01:54       4    1.01    0.00    1.01    0.00    0.00    0.00    0.00    0.00    0.00   97.98
13:01:54       5    0.00    0.00    2.02    0.00    0.00    0.00    0.00    0.00    0.00   97.98
13:01:54       6    0.00    0.00    1.02    0.00    0.00    0.00    0.00    0.00    0.00   98.98
13:01:54       7    0.99    0.00    1.98    0.00    0.00    0.99    0.00    0.00    0.00   96.04

13:01:54     CPU    %usr   %nice    %sys %iowait    %irq   %soft  %steal  %guest  %gnice   %idle
13:01:55     all    0.64    0.00    1.40    0.00    0.00    0.13    0.00    0.00    0.00   97.84
13:01:55       0    1.01    0.00    1.01    0.00    0.00    1.01    0.00    0.00    0.00   96.97
13:01:55       1    0.00    0.00    2.04    0.00    0.00    0.00    0.00    0.00    0.00   97.96
13:01:55       2    1.02    0.00    1.02    0.00    0.00    0.00    0.00    0.00    0.00   97.96
13:01:55       3    1.01    0.00    2.02    0.00    0.00    0.00    0.00    0.00    0.00   96.97
13:01:55       4    0.00    0.00    2.04    0.00    0.00    0.00    0.00    0.00    0.00   97.96
13:01:55       5    1.01    0.00    1.01    0.00    0.00    0.00    0.00    0.00    0.00   97.98
13:01:55       6    1.02    0.00    1.02    0.00    0.00    0.00    0.00    0.00    0.00   97.96
13:01:55       7    0.00    0.00    1.02    0.00    0.00    0.00    0.00    0.00    0.00   98.98

13:01:55     CPU    %usr   %nice    %sys %iowait    %irq   %soft  %steal  %guest  %gnice   %idle
13:01:56     all    0.25    0.00    1.90    0.00    0.00    0.13    0.00    0.00    0.00   97.72
13:01:56       0    0.00    0.00    2.02    0.00    0.00    0.00    0.00    0.00    0.00   97.98
13:01:56       1    0.99    0.00    1.98    0.00    0.00    0.99    0.00    0.00    0.00   96.04
13:01:56       2    0.00    0.00    2.04    0.00    0.00    0.00    0.00    0.00    0.00   97.96
13:01:56       3    0.00    0.00    1.02    0.00    0.00    0.00    0.00    0.00    0.00   98.98
13:01:56       4    1.00    0.00    2.00    0.00    0.00    0.00    0.00    0.00    0.00   97.00
13:01:56       5    0.00    0.00    2.04    0.00    0.00    0.00    0.00    0.00    0.00   97.96
13:01:56       6    0.00    0.00    2.04    0.00    0.00    0.00    0.00    0.00    0.00   97.96
13:01:56       7    0.00    0.00    2.04    0.00    0.00    0.00    0.00    0.00    0.00   97.96

13:01:56     CPU    %usr   %nice    %sys %iowait    %irq   %soft  %steal  %guest  %gnice   %idle
13:01:57     all    0.38    0.00    1.78    0.00    0.00    0.00    0.00    0.00    0.00   97.84
13:01:57       0    1.02    0.00    2.04    0.00    0.00    0.00    0.00    0.00    0.00   96.94
13:01:57       1    0.00    0.00    1.02    0.00    0.00    0.00    0.00    0.00    0.00   98.98
13:01:57       2    0.00    0.00    2.02    0.00    0.00    0.00    0.00    0.00    0.00   97.98
13:01:57       3    1.01    0.00    2.02    0.00    0.00    0.00    0.00    0.00    0.00   96.97
13:01:57       4    0.00    0.00    2.04    0.00    0.00    0.00    0.00    0.00    0.00   97.96
13:01:57       5    0.00    0.00    2.04    0.00    0.00    0.00    0.00    0.00    0.00   97.96
13:01:57       6    1.01    0.00    1.01    0.00    0.00    0.00    0.00    0.00    0.00   97.98
13:01:57       7    0.00    0.00    2.02    0.00    0.00    0.00    0.00    0.00    0.00   97.98

13:01:57     CPU    %usr   %nice    %sys %iowait    %irq   %soft  %steal  %guest  %gnice   %idle
13:01:58     all    0.38    0.00    1.90    0.00    0.00    0.00    0.00    0.00    0.00   97.72
13:01:58       0    0.00    0.00    2.04    0.00    0.00    0.00    0.00    0.00    0.00   97.96
13:01:58       1    1.01    0.00    2.02    0.00    0.00    0.00    0.00    0.00    0.00   96.97
13:01:58       2    0.00    0.00    2.02    0.00    0.00    0.00    0.00    0.00    0.00   97.98
13:01:58       3    0.00    0.00    1.02    0.00    0.00    0.00    0.00    0.00    0.00   98.98
13:01:58       4    0.00    0.00    2.02    0.00    0.00    0.00    0.00    0.00    0.00   97.98
13:01:58       5    1.00    0.00    2.00    0.00    0.00    0.00    0.00    0.00    0.00   97.00
13:01:58       6    0.00    0.00    3.03    0.00    0.00    0.00    0.00    0.00    0.00   96.97
13:01:58       7    1.01    0.00    1.01    0.00    0.00    0.00    0.00    0.00    0.00   97.98

13:01:58     CPU    %usr   %nice    %sys %iowait    %irq   %soft  %steal  %guest  %gnice   %idle
13:01:59     all    0.25    0.00    1.90    0.25    0.00    0.13    0.00    0.00    0.00   97.47
13:01:59       0    1.01    0.00    2.02    1.01    0.00    0.00    0.00    0.00    0.00   95.96
13:01:59       1    0.00    0.00    2.02    0.00    0.00    0.00    0.00    0.00    0.00   97.98
13:01:59       2    0.00    0.00    1.03    0.00    0.00    0.00    0.00    0.00    0.00   98.97
13:01:59       3    0.00    0.00    2.00    0.00    0.00    0.00    0.00    0.00    0.00   98.00
13:01:59       4    1.01    0.00    2.02    0.00    0.00    0.00    0.00    0.00    0.00   96.97
13:01:59       5    0.00    0.00    2.02    0.00    0.00    1.01    0.00    0.00    0.00   96.97
13:01:59       6    0.00    0.00    2.02    1.01    0.00    0.00    0.00    0.00    0.00   96.97
13:01:59       7    0.00    0.00    2.02    0.00    0.00    0.00    0.00    0.00    0.00   97.98

13:01:59     CPU    %usr   %nice    %sys %iowait    %irq   %soft  %steal  %guest  %gnice   %idle
13:02:00     all    0.75    0.00    2.14    0.00    0.00    0.00    0.00    0.00    0.00   97.11
13:02:00       0    1.00    0.00    3.00    0.00    0.00    0.00    0.00    0.00    0.00   96.00
13:02:00       1    0.00    0.00    2.04    0.00    0.00    0.00    0.00    0.00    0.00   97.96
13:02:00       2    1.00    0.00    3.00    0.00    0.00    0.00    0.00    0.00    0.00   96.00
13:02:00       3    1.00    0.00    2.00    0.00    0.00    0.00    0.00    0.00    0.00   97.00
13:02:00       4    0.00    0.00    1.02    0.00    0.00    0.00    0.00    0.00    0.00   98.98
13:02:00       5    1.00    0.00    2.00    0.00    0.00    0.00    0.00    0.00    0.00   97.00
13:02:00       6    1.01    0.00    1.01    0.00    0.00    0.00    0.00    0.00    0.00   97.98
13:02:00       7    1.00    0.00    3.00    0.00    0.00    0.00    0.00    0.00    0.00   96.00

13:02:00     CPU    %usr   %nice    %sys %iowait    %irq   %soft  %steal  %guest  %gnice   %idle
13:02:01     all    0.25    0.00    1.78    0.00    0.00    0.00    0.00    0.00    0.00   97.96
13:02:01       0    0.00    0.00    1.02    0.00    0.00    0.00    0.00    0.00    0.00   98.98
13:02:01       1    1.00    0.00    2.00    0.00    0.00    0.00    0.00    0.00    0.00   97.00
13:02:01       2    0.00    0.00    2.04    0.00    0.00    0.00    0.00    0.00    0.00   97.96
13:02:01       3    0.00    0.00    1.03    0.00    0.00    0.00    0.00    0.00    0.00   98.97
13:02:01       4    1.00    0.00    3.00    0.00    0.00    0.00    0.00    0.00    0.00   96.00
13:02:01       5    0.00    0.00    2.04    0.00    0.00    0.00    0.00    0.00    0.00   97.96
13:02:01       6    0.00    0.00    2.04    0.00    0.00    0.00    0.00    0.00    0.00   97.96
13:02:01       7    0.00    0.00    1.03    0.00    0.00    0.00    0.00    0.00    0.00   98.97

13:02:01     CPU    %usr   %nice    %sys %iowait    %irq   %soft  %steal  %guest  %gnice   %idle
13:02:02     all    0.25    0.00    1.90    0.00    0.00    0.13    0.00    0.00    0.00   97.72
13:02:02       0    0.00    0.00    2.02    0.00    0.00    0.00    0.00    0.00    0.00   97.98
13:02:02       1    0.00    0.00    2.02    0.00    0.00    0.00    0.00    0.00    0.00   97.98
13:02:02       2    1.02    0.00    1.02    0.00    0.00    0.00    0.00    0.00    0.00   97.96
13:02:02       3    0.00    0.00    2.02    0.00    0.00    0.00    0.00    0.00    0.00   97.98
13:02:02       4    0.00    0.00    2.02    0.00    0.00    1.01    0.00    0.00    0.00   96.97
13:02:02       5    0.00    0.00    2.02    0.00    0.00    0.00    0.00    0.00    0.00   97.98
13:02:02       6    1.00    0.00    3.00    0.00    0.00    0.00    0.00    0.00    0.00   96.00
13:02:02       7    0.00    0.00    1.02    0.00    0.00    0.00    0.00    0.00    0.00   98.98

13:02:02     CPU    %usr   %nice    %sys %iowait    %irq   %soft  %steal  %guest  %gnice   %idle
13:02:03     all    0.50    0.00    2.26    0.00    0.00    0.25    0.00    0.00    0.00   96.98
13:02:03       0    1.00    0.00    3.00    0.00    0.00    0.00    0.00    0.00    0.00   96.00
13:02:03       1    0.00    0.00    1.03    0.00    0.00    0.00    0.00    0.00    0.00   98.97
13:02:03       2    0.00    0.00    2.00    0.00    0.00    0.00    0.00    0.00    0.00   98.00
13:02:03       3    0.99    0.00    2.97    0.00    0.00    0.99    0.00    0.00    0.00   95.05
13:02:03       4    1.00    0.00    3.00    0.00    0.00    0.00    0.00    0.00    0.00   96.00
13:02:03       5    1.01    0.00    2.02    0.00    0.00    0.00    0.00    0.00    0.00   96.97
13:02:03       6    0.00    0.00    1.01    0.00    0.00    1.01    0.00    0.00    0.00   97.98
13:02:03       7    0.00    0.00    3.03    0.00    0.00    0.00    0.00    0.00    0.00   96.97

13:02:03     CPU    %usr   %nice    %sys %iowait    %irq   %soft  %steal  %guest  %gnice   %idle
13:02:04     all    0.13    0.00    1.65    0.00    0.00    0.13    0.00    0.00    0.00   98.09
13:02:04       0    0.00    0.00    1.02    0.00    0.00    0.00    0.00    0.00    0.00   98.98
13:02:04       1    0.00    0.00    1.02    0.00    0.00    0.00    0.00    0.00    0.00   98.98
13:02:04       2    0.00    0.00    3.00    0.00    0.00    1.00    0.00    0.00    0.00   96.00
13:02:04       3    0.00    0.00    2.04    0.00    0.00    0.00    0.00    0.00    0.00   97.96
13:02:04       4    0.00    0.00    1.03    0.00    0.00    0.00    0.00    0.00    0.00   98.97
13:02:04       5    0.00    0.00    2.02    0.00    0.00    0.00    0.00    0.00    0.00   97.98
13:02:04       6    1.01    0.00    2.02    0.00    0.00    0.00    0.00    0.00    0.00   96.97
13:02:04       7    0.00    0.00    1.02    0.00    0.00    0.00    0.00    0.00    0.00   98.98

13:02:04     CPU    %usr   %nice    %sys %iowait    %irq   %soft  %steal  %guest  %gnice   %idle
13:02:05     all    0.51    0.00    1.78    0.76    0.00    0.00    0.00    0.00    0.00   96.95
13:02:05       0    0.00    0.00    2.04    0.00    0.00    0.00    0.00    0.00    0.00   97.96
13:02:05       1    1.00    0.00    2.00    0.00    0.00    0.00    0.00    0.00    0.00   97.00
13:02:05       2    1.01    0.00    2.02    0.00    0.00    0.00    0.00    0.00    0.00   96.97
13:02:05       3    1.01    0.00    2.02    0.00    0.00    0.00    0.00    0.00    0.00   96.97
13:02:05       4    0.00    0.00    1.01    2.02    0.00    0.00    0.00    0.00    0.00   96.97
13:02:05       5    0.00    0.00    2.04    2.04    0.00    0.00    0.00    0.00    0.00   95.92
13:02:05       6    0.00    0.00    2.06    1.03    0.00    0.00    0.00    0.00    0.00   96.91
13:02:05       7    1.02    0.00    1.02    1.02    0.00    0.00    0.00    0.00    0.00   96.94

13:02:05     CPU    %usr   %nice    %sys %iowait    %irq   %soft  %steal  %guest  %gnice   %idle
13:02:06     all    0.13    0.00    1.77    5.45    0.00    0.00    0.00    0.00    0.00   92.65
13:02:06       0    0.00    0.00    1.02    6.12    0.00    0.00    0.00    0.00    0.00   92.86
13:02:06       1    0.00    0.00    2.02   10.10    0.00    0.00    0.00    0.00    0.00   87.88
13:02:06       2    0.00    0.00    2.04   10.20    0.00    0.00    0.00    0.00    0.00   87.76
13:02:06       3    0.00    0.00    2.04   13.27    0.00    0.00    0.00    0.00    0.00   84.69
13:02:06       4    1.00    0.00    2.00    0.00    0.00    0.00    0.00    0.00    0.00   97.00
13:02:06       5    0.00    0.00    2.04    1.02    0.00    0.00    0.00    0.00    0.00   96.94
13:02:06       6    0.00    0.00    1.01    2.02    0.00    0.00    0.00    0.00    0.00   96.97
13:02:06       7    0.00    0.00    2.02    1.01    0.00    0.00    0.00    0.00    0.00   96.97

13:02:06     CPU    %usr   %nice    %sys %iowait    %irq   %soft  %steal  %guest  %gnice   %idle
13:02:07     all    0.25    0.00    2.03    3.43    0.00    0.00    0.00    0.00    0.00   94.28
13:02:07       0    0.00    0.00    2.02    4.04    0.00    0.00    0.00    0.00    0.00   93.94
13:02:07       1    0.00    0.00    1.02    3.06    0.00    0.00    0.00    0.00    0.00   95.92
13:02:07       2    1.02    0.00    2.04    5.10    0.00    0.00    0.00    0.00    0.00   91.84
13:02:07       3    0.00    0.00    2.04    5.10    0.00    0.00    0.00    0.00    0.00   92.86
13:02:07       4    0.00    0.00    1.03    0.00    0.00    0.00    0.00    0.00    0.00   98.97
13:02:07       5    1.00    0.00    3.00    3.00    0.00    0.00    0.00    0.00    0.00   93.00
13:02:07       6    0.00    0.00    2.04    4.08    0.00    0.00    0.00    0.00    0.00   93.88
13:02:07       7    0.00    0.00    3.03    3.03    0.00    0.00    0.00    0.00    0.00   93.94

13:02:07     CPU    %usr   %nice    %sys %iowait    %irq   %soft  %steal  %guest  %gnice   %idle
13:02:08     all    0.51    0.00    1.77    0.00    0.00    0.13    0.00    0.00    0.00   97.59
13:02:08       0    1.01    0.00    2.02    0.00    0.00    0.00    0.00    0.00    0.00   96.97
13:02:08       1    0.00    0.00    1.02    0.00    0.00    0.00    0.00    0.00    0.00   98.98
13:02:08       2    0.00    0.00    3.03    0.00    0.00    0.00    0.00    0.00    0.00   96.97
13:02:08       3    1.01    0.00    2.02    0.00    0.00    0.00    0.00    0.00    0.00   96.97
13:02:08       4    0.00    0.00    1.03    0.00    0.00    0.00    0.00    0.00    0.00   98.97
13:02:08       5    0.00    0.00    2.04    0.00    0.00    0.00    0.00    0.00    0.00   97.96
13:02:08       6    1.01    0.00    2.02    0.00    0.00    0.00    0.00    0.00    0.00   96.97
13:02:08       7    1.00    0.00    1.00    0.00    0.00    1.00    0.00    0.00    0.00   97.00

13:02:08     CPU    %usr   %nice    %sys %iowait    %irq   %soft  %steal  %guest  %gnice   %idle
13:02:09     all    0.38    0.00    2.27    0.00    0.00    0.00    0.00    0.00    0.00   97.35
13:02:09       0    0.00    0.00    2.02    0.00    0.00    0.00    0.00    0.00    0.00   97.98
13:02:09       1    1.00    0.00    3.00    0.00    0.00    0.00    0.00    0.00    0.00   96.00
13:02:09       2    1.00    0.00    2.00    0.00    0.00    0.00    0.00    0.00    0.00   97.00
13:02:09       3    0.00    0.00    2.02    0.00    0.00    0.00    0.00    0.00    0.00   97.98
13:02:09       4    0.00    0.00    2.04    0.00    0.00    0.00    0.00    0.00    0.00   97.96
13:02:09       5    1.00    0.00    2.00    0.00    0.00    0.00    0.00    0.00    0.00   97.00
13:02:09       6    0.00    0.00    2.04    0.00    0.00    0.00    0.00    0.00    0.00   97.96
13:02:09       7    0.00    0.00    3.03    0.00    0.00    0.00    0.00    0.00    0.00   96.97

13:02:09     CPU    %usr   %nice    %sys %iowait    %irq   %soft  %steal  %guest  %gnice   %idle
13:02:10     all    0.25    0.00    2.03    0.00    0.00    0.00    0.00    0.00    0.00   97.72
13:02:10       0    0.00    0.00    3.06    0.00    0.00    0.00    0.00    0.00    0.00   96.94
13:02:10       1    0.00    0.00    2.02    0.00    0.00    0.00    0.00    0.00    0.00   97.98
13:02:10       2    0.00    0.00    1.02    0.00    0.00    0.00    0.00    0.00    0.00   98.98
13:02:10       3    0.00    0.00    3.00    0.00    0.00    0.00    0.00    0.00    0.00   97.00
13:02:10       4    0.00    0.00    2.02    0.00    0.00    0.00    0.00    0.00    0.00   97.98
13:02:10       5    0.00    0.00    2.04    0.00    0.00    0.00    0.00    0.00    0.00   97.96
13:02:10       6    1.01    0.00    2.02    0.00    0.00    0.00    0.00    0.00    0.00   96.97
13:02:10       7    1.02    0.00    1.02    0.00    0.00    0.00    0.00    0.00    0.00   97.96

13:02:10     CPU    %usr   %nice    %sys %iowait    %irq   %soft  %steal  %guest  %gnice   %idle
13:02:11     all    0.38    0.00    1.90    0.00    0.00    0.00    0.00    0.00    0.00   97.72
13:02:11       0    1.00    0.00    2.00    0.00    0.00    0.00    0.00    0.00    0.00   97.00
13:02:11       1    0.00    0.00    1.02    0.00    0.00    0.00    0.00    0.00    0.00   98.98
13:02:11       2    0.00    0.00    2.04    0.00    0.00    0.00    0.00    0.00    0.00   97.96
13:02:11       3    1.00    0.00    3.00    0.00    0.00    0.00    0.00    0.00    0.00   96.00
13:02:11       4    1.01    0.00    2.02    0.00    0.00    0.00    0.00    0.00    0.00   96.97
13:02:11       5    0.00    0.00    1.02    0.00    0.00    0.00    0.00    0.00    0.00   98.98
13:02:11       6    0.00    0.00    2.04    0.00    0.00    0.00    0.00    0.00    0.00   97.96
13:02:11       7    0.00    0.00    2.02    0.00    0.00    0.00    0.00    0.00    0.00   97.98

13:02:11     CPU    %usr   %nice    %sys %iowait    %irq   %soft  %steal  %guest  %gnice   %idle
13:02:12     all    0.38    0.00    2.02    0.00    0.00    0.00    0.00    0.00    0.00   97.60
13:02:12       0    0.00    0.00    2.02    0.00    0.00    0.00    0.00    0.00    0.00   97.98
13:02:12       1    1.01    0.00    2.02    0.00    0.00    0.00    0.00    0.00    0.00   96.97
13:02:12       2    0.00    0.00    2.04    0.00    0.00    0.00    0.00    0.00    0.00   97.96
13:02:12       3    0.00    0.00    1.03    0.00    0.00    0.00    0.00    0.00    0.00   98.97
13:02:12       4    1.00    0.00    2.00    0.00    0.00    0.00    0.00    0.00    0.00   97.00
13:02:12       5    0.99    0.00    2.97    0.00    0.00    0.00    0.00    0.00    0.00   96.04
13:02:12       6    0.00    0.00    2.04    0.00    0.00    0.00    0.00    0.00    0.00   97.96
13:02:12       7    0.00    0.00    2.02    0.00    0.00    0.00    0.00    0.00    0.00   97.98

13:02:12     CPU    %usr   %nice    %sys %iowait    %irq   %soft  %steal  %guest  %gnice   %idle
13:02:13     all    0.51    0.00    1.65    0.00    0.00    0.00    0.00    0.00    0.00   97.85
13:02:13       0    0.00    0.00    1.03    0.00    0.00    0.00    0.00    0.00    0.00   98.97
13:02:13       1    0.00    0.00    1.02    0.00    0.00    0.00    0.00    0.00    0.00   98.98
13:02:13       2    1.02    0.00    1.02    0.00    0.00    0.00    0.00    0.00    0.00   97.96
13:02:13       3    1.00    0.00    2.00    0.00    0.00    0.00    0.00    0.00    0.00   97.00
13:02:13       4    0.00    0.00    3.03    0.00    0.00    0.00    0.00    0.00    0.00   96.97
13:02:13       5    0.00    0.00    2.02    0.00    0.00    0.00    0.00    0.00    0.00   97.98
13:02:13       6    1.01    0.00    1.01    0.00    0.00    0.00    0.00    0.00    0.00   97.98
13:02:13       7    1.01    0.00    2.02    0.00    0.00    0.00    0.00    0.00    0.00   96.97

13:02:13     CPU    %usr   %nice    %sys %iowait    %irq   %soft  %steal  %guest  %gnice   %idle
13:02:14     all    0.13    0.00    1.90    0.00    0.00    0.00    0.00    0.00    0.00   97.97
13:02:14       0    1.00    0.00    3.00    0.00    0.00    0.00    0.00    0.00    0.00   96.00
13:02:14       1    0.00    0.00    2.04    0.00    0.00    0.00    0.00    0.00    0.00   97.96
13:02:14       2    0.00    0.00    2.04    0.00    0.00    0.00    0.00    0.00    0.00   97.96
13:02:14       3    0.00    0.00    2.02    0.00    0.00    0.00    0.00    0.00    0.00   97.98
13:02:14       4    0.00    0.00    2.04    0.00    0.00    0.00    0.00    0.00    0.00   97.96
13:02:14       5    0.00    0.00    1.02    0.00    0.00    0.00    0.00    0.00    0.00   98.98
13:02:14       6    0.00    0.00    2.02    0.00    0.00    0.00    0.00    0.00    0.00   97.98
13:02:14       7    0.00    0.00    1.02    0.00    0.00    0.00    0.00    0.00    0.00   98.98

13:02:14     CPU    %usr   %nice    %sys %iowait    %irq   %soft  %steal  %guest  %gnice   %idle
13:02:15     all    0.63    0.00    1.77    0.00    0.00    0.00    0.00    0.00    0.00   97.59
13:02:15       0    0.00    0.00    2.04    0.00    0.00    0.00    0.00    0.00    0.00   97.96
13:02:15       1    1.01    0.00    2.02    0.00    0.00    0.00    0.00    0.00    0.00   96.97
13:02:15       2    0.00    0.00    2.04    0.00    0.00    0.00    0.00    0.00    0.00   97.96
13:02:15       3    0.00    0.00    2.02    0.00    0.00    0.00    0.00    0.00    0.00   97.98
13:02:15       4    1.01    0.00    1.01    0.00    0.00    0.00    0.00    0.00    0.00   97.98
13:02:15       5    1.01    0.00    2.02    0.00    0.00    0.00    0.00    0.00    0.00   96.97
13:02:15       6    1.02    0.00    1.02    0.00    0.00    0.00    0.00    0.00    0.00   97.96
13:02:15       7    1.00    0.00    2.00    0.00    0.00    0.00    0.00    0.00    0.00   97.00

13:02:15     CPU    %usr   %nice    %sys %iowait    %irq   %soft  %steal  %guest  %gnice   %idle
13:02:16     all    0.38    0.00    2.14    0.00    0.00    0.25    0.00    0.00    0.00   97.23
13:02:16       0    0.00    0.00    2.00    0.00    0.00    1.00    0.00    0.00    0.00   97.00
13:02:16       1    0.00    0.00    2.02    0.00    0.00    0.00    0.00    0.00    0.00   97.98
13:02:16       2    1.02    0.00    2.04    0.00    0.00    0.00    0.00    0.00    0.00   96.94
13:02:16       3    0.99    0.00    2.97    0.00    0.00    0.99    0.00    0.00    0.00   95.05
13:02:16       4    0.00    0.00    3.03    0.00    0.00    0.00    0.00    0.00    0.00   96.97
13:02:16       5    0.00    0.00    2.02    0.00    0.00    0.00    0.00    0.00    0.00   97.98
13:02:16       6    0.00    0.00    2.02    0.00    0.00    0.00    0.00    0.00    0.00   97.98
13:02:16       7    1.02    0.00    1.02    0.00    0.00    0.00    0.00    0.00    0.00   97.96

13:02:16     CPU    %usr   %nice    %sys %iowait    %irq   %soft  %steal  %guest  %gnice   %idle
13:02:17     all    0.13    0.00    1.52    0.00    0.00    0.25    0.00    0.00    0.00   98.09
13:02:17       0    0.00    0.00    2.04    0.00    0.00    0.00    0.00    0.00    0.00   97.96
13:02:17       1    0.00    0.00    1.02    0.00    0.00    0.00    0.00    0.00    0.00   98.98
13:02:17       2    0.00    0.00    1.02    0.00    0.00    1.02    0.00    0.00    0.00   97.96
13:02:17       3    0.00    0.00    2.04    0.00    0.00    0.00    0.00    0.00    0.00   97.96
13:02:17       4    1.00    0.00    2.00    0.00    0.00    0.00    0.00    0.00    0.00   97.00
13:02:17       5    0.00    0.00    1.02    0.00    0.00    0.00    0.00    0.00    0.00   98.98
13:02:17       6    0.00    0.00    1.02    0.00    0.00    0.00    0.00    0.00    0.00   98.98
13:02:17       7    0.00    0.00    2.02    0.00    0.00    1.01    0.00    0.00    0.00   96.97

13:02:17     CPU    %usr   %nice    %sys %iowait    %irq   %soft  %steal  %guest  %gnice   %idle
13:02:18     all    0.51    0.00    1.78    0.00    0.00    0.00    0.00    0.00    0.00   97.72
13:02:18       0    1.02    0.00    1.02    0.00    0.00    0.00    0.00    0.00    0.00   97.96
13:02:18       1    1.01    0.00    2.02    0.00    0.00    0.00    0.00    0.00    0.00   96.97
13:02:18       2    0.00    0.00    2.02    0.00    0.00    0.00    0.00    0.00    0.00   97.98
13:02:18       3    0.00    0.00    2.02    0.00    0.00    0.00    0.00    0.00    0.00   97.98
13:02:18       4    0.00    0.00    1.03    0.00    0.00    0.00    0.00    0.00    0.00   98.97
13:02:18       5    1.02    0.00    1.02    0.00    0.00    0.00    0.00    0.00    0.00   97.96
13:02:18       6    1.00    0.00    3.00    0.00    0.00    0.00    0.00    0.00    0.00   96.00
13:02:18       7    0.00    0.00    2.04    0.00    0.00    0.00    0.00    0.00    0.00   97.96

13:02:18     CPU    %usr   %nice    %sys %iowait    %irq   %soft  %steal  %guest  %gnice   %idle
13:02:19     all    0.63    0.00    2.02    0.00    0.00    0.00    0.00    0.00    0.00   97.36
13:02:19       0    0.00    0.00    2.04    0.00    0.00    0.00    0.00    0.00    0.00   97.96
13:02:19       1    0.00    0.00    3.00    0.00    0.00    0.00    0.00    0.00    0.00   97.00
13:02:19       2    1.01    0.00    1.01    0.00    0.00    0.00    0.00    0.00    0.00   97.98
13:02:19       3    1.01    0.00    1.01    0.00    0.00    0.00    0.00    0.00    0.00   97.98
13:02:19       4    1.00    0.00    2.00    0.00    0.00    0.00    0.00    0.00    0.00   97.00
13:02:19       5    1.00    0.00    2.00    0.00    0.00    0.00    0.00    0.00    0.00   97.00
13:02:19       6    0.00    0.00    2.04    0.00    0.00    0.00    0.00    0.00    0.00   97.96
13:02:19       7    1.00    0.00    3.00    0.00    0.00    0.00    0.00    0.00    0.00   96.00

13:02:19     CPU    %usr   %nice    %sys %iowait    %irq   %soft  %steal  %guest  %gnice   %idle
13:02:20     all    0.13    0.00    1.40    0.00    0.00    0.25    0.00    0.00    0.00   98.22
13:02:20       0    0.00    0.00    1.02    0.00    0.00    0.00    0.00    0.00    0.00   98.98
13:02:20       1    0.00    0.00    2.02    0.00    0.00    1.01    0.00    0.00    0.00   96.97
13:02:20       2    0.00    0.00    1.03    0.00    0.00    0.00    0.00    0.00    0.00   98.97
13:02:20       3    0.00    0.00    2.04    0.00    0.00    0.00    0.00    0.00    0.00   97.96
13:02:20       4    0.00    0.00    2.04    0.00    0.00    0.00    0.00    0.00    0.00   97.96
13:02:20       5    0.00    0.00    1.01    0.00    0.00    1.01    0.00    0.00    0.00   97.98
13:02:20       6    1.01    0.00    1.01    0.00    0.00    0.00    0.00    0.00    0.00   97.98
13:02:20       7    0.00    0.00    1.02    0.00    0.00    0.00    0.00    0.00    0.00   98.98

13:02:20     CPU    %usr   %nice    %sys %iowait    %irq   %soft  %steal  %guest  %gnice   %idle
13:02:21     all    0.25    0.00    1.00    0.00    0.00    0.00    0.00    0.00    0.00   98.75
13:02:21       0    0.00    0.00    1.00    0.00    0.00    0.00    0.00    0.00    0.00   99.00
13:02:21       1    0.99    0.00    0.99    0.00    0.00    0.00    0.00    0.00    0.00   98.02
13:02:21       2    0.99    0.00    0.99    0.00    0.00    0.00    0.00    0.00    0.00   98.02
13:02:21       3    0.00    0.00    0.99    0.00    0.00    0.00    0.00    0.00    0.00   99.01
13:02:21       4    0.00    0.00    1.00    0.00    0.00    0.00    0.00    0.00    0.00   99.00
13:02:21       5    0.00    0.00    1.00    0.00    0.00    0.00    0.00    0.00    0.00   99.00
13:02:21       6    0.00    0.00    1.00    0.00    0.00    0.00    0.00    0.00    0.00   99.00
13:02:21       7    0.00    0.00    1.00    0.00    0.00    0.00    0.00    0.00    0.00   99.00

13:02:21     CPU    %usr   %nice    %sys %iowait    %irq   %soft  %steal  %guest  %gnice   %idle
13:02:22     all    0.00    0.00    0.00    0.00    0.00    0.00    0.00    0.00    0.00  100.00
13:02:22       0    0.00    0.00    0.00    0.00    0.00    0.00    0.00    0.00    0.00  100.00
13:02:22       1    0.00    0.00    0.00    0.00    0.00    0.00    0.00    0.00    0.00  100.00
13:02:22       2    0.00    0.00    0.00    0.00    0.00    0.00    0.00    0.00    0.00  100.00
13:02:22       3    0.00    0.00    0.00    0.00    0.00    0.00    0.00    0.00    0.00  100.00
13:02:22       4    0.00    0.00    0.00    0.00    0.00    0.00    0.00    0.00    0.00  100.00
13:02:22       5    0.00    0.00    0.00    0.00    0.00    0.00    0.00    0.00    0.00  100.00
13:02:22       6    0.00    0.00    0.00    0.00    0.00    0.00    0.00    0.00    0.00  100.00
13:02:22       7    0.00    0.00    0.00    0.00    0.00    0.00    0.00    0.00    0.00  100.00

13:02:22     CPU    %usr   %nice    %sys %iowait    %irq   %soft  %steal  %guest  %gnice   %idle
13:02:23     all    0.00    0.00    0.00    0.00    0.00    0.00    0.00    0.00    0.00  100.00
13:02:23       0    0.00    0.00    0.00    0.00    0.00    0.00    0.00    0.00    0.00  100.00
13:02:23       1    0.00    0.00    0.00    0.00    0.00    0.00    0.00    0.00    0.00  100.00
13:02:23       2    0.00    0.00    0.00    0.00    0.00    0.00    0.00    0.00    0.00  100.00
13:02:23       3    0.00    0.00    0.00    0.00    0.00    0.00    0.00    0.00    0.00  100.00
13:02:23       4    0.00    0.00    0.00    0.00    0.00    0.00    0.00    0.00    0.00  100.00
13:02:23       5    0.00    0.00    0.00    0.00    0.00    0.00    0.00    0.00    0.00  100.00
13:02:23       6    0.00    0.00    0.00    0.00    0.00    0.00    0.00    0.00    0.00  100.00
13:02:23       7    0.00    0.00    0.00    0.00    0.00    0.00    0.00    0.00    0.00  100.00

13:02:23     CPU    %usr   %nice    %sys %iowait    %irq   %soft  %steal  %guest  %gnice   %idle
13:02:24     all    0.00    0.00    0.00    0.00    0.00    0.00    0.00    0.00    0.00  100.00
13:02:24       0    0.00    0.00    0.00    0.00    0.00    0.00    0.00    0.00    0.00  100.00
13:02:24       1    0.00    0.00    0.00    0.00    0.00    0.00    0.00    0.00    0.00  100.00
13:02:24       2    0.00    0.00    0.00    0.00    0.00    0.00    0.00    0.00    0.00  100.00
13:02:24       3    0.00    0.00    0.00    0.00    0.00    0.00    0.00    0.00    0.00  100.00
13:02:24       4    0.00    0.00    0.00    0.00    0.00    0.00    0.00    0.00    0.00  100.00
13:02:24       5    0.00    0.00    0.00    0.00    0.00    0.00    0.00    0.00    0.00  100.00
13:02:24       6    0.00    0.00    0.00    0.00    0.00    0.00    0.00    0.00    0.00  100.00
13:02:24       7    0.00    0.00    0.00    0.00    0.00    0.00    0.00    0.00    0.00  100.00

13:02:24     CPU    %usr   %nice    %sys %iowait    %irq   %soft  %steal  %guest  %gnice   %idle
13:02:25     all    0.00    0.00    0.00    0.00    0.00    0.00    0.00    0.00    0.00  100.00
13:02:25       0    0.00    0.00    0.00    0.00    0.00    0.00    0.00    0.00    0.00  100.00
13:02:25       1    0.00    0.00    0.00    0.00    0.00    0.00    0.00    0.00    0.00  100.00
13:02:25       2    0.00    0.00    0.00    0.00    0.00    0.00    0.00    0.00    0.00  100.00
13:02:25       3    0.00    0.00    0.00    0.00    0.00    0.00    0.00    0.00    0.00  100.00
13:02:25       4    0.00    0.00    0.00    0.00    0.00    0.00    0.00    0.00    0.00  100.00
13:02:25       5    0.00    0.00    0.00    0.00    0.00    0.00    0.00    0.00    0.00  100.00
13:02:25       6    0.00    0.00    0.00    0.00    0.00    0.00    0.00    0.00    0.00  100.00
13:02:25       7    0.00    0.00    0.00    0.00    0.00    0.00    0.00    0.00    0.00  100.00
